geo-0002:sv1-20050104-S-2-1A         EGEO01   53374.838879956     5.032846085    98 44056744.759 0.20512240480  15.25109000   15.37163560 -150.50425510  105.24103930 53379.871726041 44055883.436 0.20499243260  15.25187800   15.37292670 -150.53956360 -105.29626029      146.583 0.00001740180   0.00026871    0.00080689    0.00727173    0.00079749   2.9016   0.0313  16.99 0.76 15.98 0.64 svyjan05
geo-0003:sv1-20050104-U-7-1          none     53374.911655372     0.022143521    12 37941548.838 0.29365508170  13.82814910  -13.32102500  -93.02365790  176.73888215 53374.911655372 37941548.838 0.29365508170  13.82814910  -13.32102500  -93.02365790  176.73888215   702095.592 0.01465987050   0.01534730    0.03272750    0.23864350    5.28256946   0.0000   0.0000  17.86 0.90 17.69 0.90 followjan05
geo-0012:sv1-20050104-S-20-1B        none     53375.030864900     0.076024299    16 40033111.926 0.22175357950  12.74781760   82.38396370  174.90623920 -104.09974970 53375.030864900 40033111.926 0.22175357950  12.74781760   82.38396370  174.90623920 -104.09974970    19807.775 0.00005722650   0.00036220    0.00191040    0.09635830    0.03431823   0.0000   0.0000  18.78 0.68 18.44 0.68 svyjan05_gto105
geo-0004:sv1-20050104-S-21-1A        none     53375.039684511     0.073987092    40 25128423.541 0.67240497690   9.08267010   35.26409240  -71.19797280  126.73287494 53375.039684511 25128423.541 0.67240497690   9.08267010   35.26409240  -71.19797280  126.73287494     4249.961 0.00009902260   0.00041600    0.00198100    0.00348930    0.03806750   0.0000   0.0000  13.70 1.02 13.40 1.03 svyjan05_gto105
geo-0003:sv1-20050105-U-2-1          none     53375.846113636     0.027892425     8 50117346.483 0.19389457570  19.52717300   24.18267580 -114.24415620  121.58748162 53375.846113636 50117346.483 0.19389457570  19.52717300   24.18267580 -114.24415620  121.58748162  2561367.087 0.02664112740   0.03486520    0.19536420    8.43776700    0.94915178   0.0000   0.0000  18.51 0.25 17.97 0.28 follow_aiub
geo-0023:sv1-20050106-S-2-1A         none     53376.854642821     0.065557840    16 41918859.590 0.04449411740  11.28580540  -21.56451010  -66.75065010  145.97747038 53376.854642821 41918859.590 0.04449411740  11.28580540  -21.56451010  -66.75065010  145.97747038    23099.728 0.00040127050   0.00043830    0.00108390    0.17796710    0.05097024   0.0000   0.0000  17.47 0.84 17.27 0.83 svyjan05
geo-0002:sv1-20050106-S-4-1A         none     53376.865962882     0.076994636    14 41128589.019 0.09946111450  13.15083850  -60.35043810  252.98814660 -125.02189702 53376.865962882 41128589.019 0.09946111450  13.15083850  -60.35043810  252.98814660 -125.02189702    24544.112 0.00017999720   0.00026420    0.00196660    0.24106650    0.14828094   0.0000   0.0000  17.63 0.26 17.44 0.22 svyjan05
geo-0004:sv1-20050107-S-29-1B        EGEO02   53378.151570879     8.700767891    95 41449485.561 0.14323238480  10.65571270  -21.90609960  308.13571120 -165.60406890 53386.852338770 41450129.291 0.14315821660  10.65519170  -21.90250800  308.14245280  165.62044477       10.282 0.00000070680   0.00007399    0.00026479    0.00127658    0.00027322   5.7870   0.0031  17.77 0.29 17.46 0.23 svyjan05_gto105
geo-0010:sv1-20050108-S-26-1A        none     53379.163491028     0.060027759    18 42107681.606 0.13857236480   6.24232440  100.32385990  189.14229370 -153.61597188 53379.163491028 42107681.606 0.13857236480   6.24232440  100.32385990  189.14229370 -153.61597188    45943.292 0.00072967000   0.00082220    0.00781690    0.19263470    0.05630343   0.0000   0.0000  19.42 0.32 19.21 0.33 svyjan05_gto105
geo-0007:sv1-20050108-S-29-1B        none     53379.190461020     0.083612380    14 39960889.732 0.12831513590   5.54817030   81.00766980  -94.63567030  133.71419098 53379.190461020 39960889.732 0.12831513590   5.54817030   81.00766980  -94.63567030  133.71419098    28300.610 0.00048871800   0.00074130    0.00398160    0.11823110    0.03669796   0.0000   0.0000  17.50 0.45 17.24 0.44 svyjan05_gto105
geo-0006:sv1-20050109-S-26-1B        EGEO03   53380.037031653     6.051649747    65 42466654.361 0.11077839940   3.87033750   88.59386070  179.49885660 -125.88743980 53386.088681400 42466654.360 0.11077839710   3.87033750   88.59386080  179.49885880  125.88744066       30.847 0.00000190550   0.00005710    0.00055939    0.00178228    0.00057611   7.1277   0.0094  18.27 0.49 17.98 0.43 svyjan05_gto105
geo-0008:sv1-20050110-S-1-1B         none     53380.816553557     0.130830983     7 41719502.008 0.03029476420  13.52701410   -1.33120190  230.91618380 -168.34453252 53380.816553557 41719502.008 0.03029476420  13.52701410   -1.33120190  230.91618380 -168.34453252     7870.975 0.00012048180   0.00015640    0.00049780    0.16167300    0.12115992   0.0000   0.0000  19.14 0.61 18.93 0.48 svyjan05
79007A:SCATHA                        none     53380.828393908     0.078840279    13 41864595.484 0.18255244400  16.78248620   22.50117000 -112.04401120  139.99238914 53380.828393908 41864595.484 0.18255244400  16.78248620   22.50117000 -112.04401120  139.99238914    14518.280 0.00025708690   0.00007980    0.00168310    0.03042740    0.04895350   0.0000   0.0000  14.25 0.58 13.97 0.50 svyjan05
geo-0037:sv1-20050110-S-2-1A         EGEO04   53380.850963355     7.013759725    69 41449287.623 0.10538231000  13.82404450    8.15631530  253.93830810 -127.06110620 53387.864723080 41449287.625 0.10538230840  13.82404450    8.15631530  253.93830910  127.06111010       19.060 0.00000172410   0.00003104    0.00024981    0.00249366    0.00026362   3.9999   0.0071  16.84 0.66 16.66 0.57 svyjan05
geo-0003:sv1-20050110-S-19-1B        none     53380.955285067     4.010656558    55 42347850.107 0.13811665750   3.11979710  -26.85556360   33.64461300  -54.06500693 53528.042177611 42347850.107 0.13811665750   3.11979710  -26.85556360   33.64461300  -54.06500693        6.390 0.00000455600   0.00010909    0.00058733    0.00297408    0.00000000   0.0039   0.0016  12.83 0.35 12.35 0.40 svyjan05_gto105
geo-0010:sv1-20050110-S-38-1B        none     53381.084752607     2.070481521    32 33140589.829 0.31064112060   5.33161240  118.63423790  184.15736640 -167.15768499 53381.084752607 33140589.829 0.31064112060   5.33161240  118.63423790  184.15736640 -167.15768499        5.506 0.00000871440   0.00014720    0.00064720    0.00316470    0.00516495   0.0000   0.0000  18.84 0.48 18.58 0.44 svyjan05_gto105
geo-0002:sv1-20050111-S-2-1A         none     53381.838046915     0.069524144    14 42368033.167 0.04819864440  10.92342680  -24.57789690  236.95112460 -150.27543906 53381.838046915 42368033.167 0.04819864440  10.92342680  -24.57789690  236.95112460 -150.27543906    42232.486 0.00056466340   0.00079810    0.00143180    0.61483160    0.41370689   0.0000   0.0000  17.74 0.31 17.46 0.25 svyjan05
geo-0008:sv1-20050111-S-18-1B        none     53382.017344081     0.089729131    27 42762226.804 0.19488982040  13.11539730   87.70344100  181.43163290 -121.21859565 53382.017344081 42762226.804 0.19488982040  13.11539730   87.70344100  181.43163290 -121.21859565    12490.016 0.00008302050   0.00016800    0.00125490    0.06220500    0.01845015   0.0000   0.0000  17.37 0.63 17.13 0.57 svyjan05_gto105
geo-0002:sv1-20050111-S-39-1A        none     53382.199682031     0.082325267    44 41941457.254 0.23672873000  21.56709890  -30.84224320  328.47563560 -165.13631003 53382.199682031 41941457.254 0.23672873000  21.56709890  -30.84224320  328.47563560 -165.13631003    19496.804 0.00033990570   0.00054970    0.00248370    0.03452880    0.06936123   0.0000   0.0000  17.65 0.46 17.48 0.45 svyjan05_gto105
geo-0004:sv1-20050111-S-43-1A        none     53382.238200724     0.049835459    13 42002691.209 0.06970023390   9.62118150   63.89508920  -60.30269970  119.55460219 53382.238200724 42002691.209 0.06970023390   9.62118150   63.89508920  -60.30269970  119.55460219   157983.679 0.00183662530   0.00340240    0.00361140    1.82685290    1.12617026   0.0000   0.0000  16.24 0.78 16.09 0.77 svyjan05_gto105
geo-0007:sv1-20050112-S-15-1A        none     53383.001002713     0.084604125    24 45024292.351 0.22727899540   8.85240120   79.17045360  172.58527370  -96.90465538 53383.001002713 45024292.351 0.22727899540   8.85240120   79.17045360  172.58527370  -96.90465538    14351.363 0.00001750290   0.00025060    0.00131700    0.06010820    0.02308827   0.0000   0.0000  18.18 0.75 17.93 0.77 svyjan05_gto105
geo-0003:sv1-20050112-S-23-1A        EGEO05   53383.074315098     4.844684602    22 38316846.275 0.36132636390  19.97410170  -29.18580210  -61.22295250  113.48370760 53387.918999700 38316846.260 0.36132636000  19.97410170  -29.18580200  -61.22295180 -113.48370348       54.574 0.00001360610   0.00007428    0.00009107    0.00037557    0.00010041  29.3006   0.0164  16.68 0.42 16.50 0.46 svyjan05_gto105
geo-0004:sv1-20050112-S-42-1B        none     53383.217520025     0.058791666    20 37913664.713 0.34302908100   8.88538310   70.38664730  231.72464830 -166.65836849 53383.217520025 37913664.713 0.34302908100   8.88538310   70.38664730  231.72464830 -166.65836849    44429.113 0.00088549390   0.00157680    0.00309830    0.04591350    0.23237042   0.0000   0.0000  19.03 0.59 18.90 0.59 svyjan05_gto105
geo-0001:sv1-20050112-U-44-1         none     53383.242837258     0.039862124    12 40867365.762 0.10252342490  12.71998700   -4.81279310  299.10906770 -155.35579070 53383.242837258 40867365.762 0.10252342490  12.71998700   -4.81279310  299.10906770 -155.35579070   158222.996 0.00267963760   0.00109870    0.02710870    0.76022140    0.14356924   0.0000   0.0000  18.29 0.43 18.12 0.46 followjan05
geo-0001:sv1-20050113-S-17-1B        none     53384.010583629     0.113283600    19 42359385.638 0.05349008630  17.84594640  -29.38224790   35.88486350  117.19877466 53384.010583629 42359385.638 0.05349008630  17.84594640  -29.38224790   35.88486350  117.19877466     6022.703 0.00008741880   0.00012100    0.00041310    0.07276300    0.04266212   0.0000   0.0000  16.52 0.38 16.17 0.28 svyjan05_gto105
geo-0008:sv1-20050113-S-30-1A        none     53384.154509571     0.068375042    19 22946949.115 0.69963406910   7.05786470   57.15360340  -90.00987890  116.19462835 53384.154509571 22946949.115 0.69963406910   7.05786470   57.15360340  -90.00987890  116.19462835     2413.483 0.00005334130   0.00028230    0.00163920    0.00328670    0.01655702   0.0000   0.0000  18.54 0.75 18.37 0.74 svyjan05_gto105
geo-0008:sv1-20050114-S-2-1B         none     53384.842594724     0.058829549    14 38877290.974 0.10630960380  11.56888050  -24.51643220  -89.41152790  172.18086907 53384.842594724 38877290.974 0.10630960380  11.56888050  -24.51643220  -89.41152790  172.18086907    79602.492 0.00159804150   0.00184300    0.00323570    0.13065980    0.70567437   0.0000   0.0000  17.88 0.32 17.59 0.23 svyjan05
geo-0018:sv1-20050114-S-3-1A         none     53384.875406709     0.054985959     8 41631727.011 0.04191070580  11.39167640  -20.07256050  209.69681810 -125.80380644 53384.875406709 41631727.011 0.04191070580  11.39167640  -20.07256050  209.69681810 -125.80380644   204155.688 0.00169137630   0.00383110    0.00427490    4.56484740    3.72790446   0.0000   0.0000  16.99 0.18 16.64 0.21 svyjan05
geo-0007:sv1-20050307-S-4-1B         EGEO06   53436.914965800    60.076099407   149 44298983.266 0.12461520990  12.24116270   79.19434660    1.02345040  150.79697840 53496.991065207 44279299.297 0.22171461310  12.77781360   79.18395370   21.05181930  -41.98626328       43.834 0.00002499160   0.00088863    0.00198843    0.01563440    0.00207529  21.4455   0.0059  17.09 0.68 16.82 0.58 svymar05
geo-0029:sv1-20050308-S-1-1B         EGEO08   53437.897571003    64.975141007   161 42151477.342 0.01778542820  16.36461840    6.50672510  -37.06478460 -105.43212560 53502.872712010 42151551.933 0.01769890200  16.36455580    6.50669470  -36.80556430  105.70323613       11.816 0.00001082490   0.00023678    0.00033840    0.00490187    0.00041684   6.0715   0.0039  17.46 0.58 17.34 0.56 svymar05
geo-0031:sv1-20050308-S-1-1B         EGEO07   53437.899006195  1512.103252925   829 43524298.698 0.03706940710  16.19422550    5.71977400  -32.47447800   18.99337086 54950.002259120 43524800.263 0.05633928620  16.25025710   -3.45117060   16.48126720 -127.95671181     4377.073 0.02722622800   0.13751001    0.52556541   46.56415707    0.50504161   3.1413   0.0004  18.43 0.64 18.22 0.66 svymar05
geo-0006:sv1-20050310-S-14-1A        none     53439.980219200     0.103122605    23 41884437.467 0.26853665950   0.75488760  179.90279500 -170.88554720  178.90755784 53439.980219200 41884437.467 0.26853665950   0.75488760  179.90279500 -170.88554720  178.90755784    11926.101 0.00021675680   0.00020370    0.02871710    0.04310880    0.10166494   0.0000   0.0000  19.36 0.37 19.13 0.40 svymar05_gto75
geo-0001:sv1-20050310-S-21-1A        none     53440.026716908     0.051636444    10 24511912.638 0.70440553750   3.44121450  153.55853380 -123.56143820   93.80520759 53440.026716908 24511912.638 0.70440553750   3.44121450  153.55853380 -123.56143820   93.80520759    18171.903 0.00029591250   0.00133830    0.05797070    0.03677420    0.08453199   0.0000   0.0000  19.04 0.51 18.88 0.47 svymar05_gto75
geo-0011:sv1-20050310-S-29-1A        none     53440.091895256    88.950468651   127 24375120.238 0.71422120950   7.87524950  145.95262700 -109.50279180  165.89500223 53529.042363907 24375120.238 0.71422120950   7.87524950  145.95262700 -109.50279180  165.89500223        5.301 0.00001055560   0.00052039    0.00181049    0.00383936    0.00000000   0.1525   0.0113  14.25 1.08 14.08 0.98 svymar05_gto75
geo-0002:sv1-20050310-U-30-1         none     53440.102219062     4.932909791    41 26600443.681 0.72539850250   2.92214320 -160.77283160 -174.68962600  148.77829650 53445.035128853 26600443.681 0.72539850250   2.92214320 -160.77283160 -174.68962600  148.77829650       26.126 0.00000642140   0.00031666    0.00086971    0.00166986    0.00086131   0.0000   0.0000  17.80 0.41 17.55 0.37 followmar05
geo-0005:sv1-20050311-U-14-1         none     53441.050685721     0.064278817    32 44627696.752 0.11520908760  18.62712510   16.89382720  -15.93825570 -158.50399327 53441.050685721 44627696.752 0.11520908760  18.62712510   16.89382720  -15.93825570 -158.50399327    61910.434 0.00091893510   0.00148420    0.00334360    0.27731270    0.03560364   0.0000   0.0000  17.87 0.33 17.58 0.35 follow_aiub
geo-0027:sv1-20050312-S-1-1A         none     53441.871461308     0.060808926     8 30476295.301 0.41964025440   9.75091640   45.91095180  -42.53897440  103.22369477 53441.871461308 30476295.301 0.41964025440   9.75091640   45.91095180  -42.53897440  103.22369477    16084.926 0.00030294910   0.00092630    0.00236750    0.03631620    0.05754976   0.0000   0.0000  18.21 0.71 18.14 0.70 svymar05
geo-0004:sv1-20050312-S-2-1B         none     53441.880037789     0.153751891    19 42158586.460 0.07995402750  16.33844230    7.11286350  292.61990370 -150.89398998 53441.880037789 42158586.460 0.07995402750  16.33844230    7.11286350  292.61990370 -150.89398998     3462.043 0.00003629430   0.00008210    0.00029720    0.03822980    0.02405019   0.0000   0.0000  17.78 0.54 17.67 0.52 svymar05
geo-0018:sv1-20050312-S-4-1A         none     53441.924074567     0.054482578    14 41334423.211 0.13571527750  14.99603530    2.64335200   18.75092080  110.50491324 53441.924074567 41334423.211 0.13571527750  14.99603530    2.64335200   18.75092080  110.50491324   102667.488 0.00123538920   0.00056420    0.00791560    0.63402100    0.17060762   0.0000   0.0000  18.70 0.50 18.61 0.48 svymar05
geo-0010:sv1-20050314-S-10-1B        none     53443.989388166     0.087903869    23 37141065.255 0.24829236180   6.12222110  106.28498110  -97.78375150  178.83121828 53443.989388166 37141065.255 0.24829236180   6.12222110  106.28498110  -97.78375150  178.83121828    12673.615 0.00026146770   0.00044160    0.00181430    0.01989530    0.12372707   0.0000   0.0000  17.97 0.43 17.77 0.46 svymar05_gto75
geo-0004:sv1-20050402-U-10-1         none     53463.000719243     0.082531315    11 20679385.923 0.65223299500   7.81808890  144.43426740 -115.06921410  140.95342083 53463.000719243 20679385.923 0.65223299500   7.81808890  144.43426740 -115.06921410  140.95342083      848.306 0.00002682380   0.00010520    0.00138220    0.00187310    0.01286967   0.0000   0.0000  18.68 0.47 18.55 0.41 followapr05
geo-0007:sv1-20050403-S-1-1B         EGEO11   53463.859389364    34.081109853    69 42438884.968 0.00531731170   8.27550640   66.74590750 -178.97903840   14.96903159 53497.940499217 42435611.179 0.00972420770   8.33746950   66.41387850   83.58405210   21.77806769       21.193 0.00000780580   0.00020859    0.00108750    0.05715117    0.00116902   2.3950   0.0124  16.99 0.95 16.64 0.92 svyapr05
geo-0001:sv1-20050403-S-30-1A        none     53464.171226217     0.070317069    14 46886503.456 0.04456263260   6.06182950  118.28433720   65.44002790    2.74234524 53464.171226217 46886503.456 0.04456263260   6.06182950  118.28433720   65.44002790    2.74234524    46286.631 0.00071148920   0.00088360    0.00241550    0.19539850    0.17911890   0.0000   0.0000  18.27 0.46 18.19 0.46 svyapr05_gto105
geo-0001:sv1-20050404-S-23-1A        EGEO09   53465.077981841     8.055237271    52 42276334.105 0.12241554570   4.48449470   85.38003990   -7.66921200  114.57463190 53473.133219112 42276334.101 0.12241554950   4.48449450   85.38004040   -7.66921140 -114.57462772       89.583 0.00003849730   0.00013759    0.00267713    0.01066205    0.00266413   7.4763   0.0251  17.98 0.46 17.87 0.42 svyapr05_gto105
geo-0005:sv1-20050404-S-24-1B        none     53465.094208783     6.889808989    50 23187196.595 0.70740332340   6.64106820   61.82435200  302.41346970 -176.91431030 53471.984017772 23187196.595 0.70740332340   6.64106820   61.82435200  302.41346970 -176.91431030       21.149 0.00000521880   0.00010811    0.00153949    0.00207776    0.00152310   0.0000   0.0000  18.97 0.40 18.89 0.39 svyapr05_gto105
geo-0006:sv1-20050405-S-12-1B        none     53465.987956311     0.052136741    22 23464971.261 0.71071596610   6.72176230   65.60826950  -54.51681520  162.71194506 53465.987956311 23464971.261 0.71071596610   6.72176230   65.60826950  -54.51681520  162.71194506     3725.413 0.00008698140   0.00038100    0.00335670    0.00373710    0.04843893   0.0000   0.0000  17.56 0.22 17.50 0.22 svyapr05_gto105
geo-0011:sv1-20050406-S-26-1A        none     53467.141837246    61.799760448    92 25206173.036 0.70130720130   7.28743560    9.70743380 -330.08848690  153.42601897 53528.941597694 25206173.036 0.70130720130   7.28743560    9.70743380 -330.08848690  153.42601897        3.442 0.00000610710   0.00025248    0.00041119    0.00135775    0.00000000   0.2852   0.0057  13.92 0.95 13.81 0.91 svyapr05_gto105
geo-0001:sv1-20050409-S-30-1B        none     53470.168271293     0.041224664    17 47920140.248 0.15757006260  18.46848010   23.47079560  297.76840460 -122.41657306 53470.168271293 47920140.248 0.15757006260  18.46848010   23.47079560  297.76840460 -122.41657306   270401.567 0.00253255510   0.00359530    0.02827150    1.26829710    0.31262654   0.0000   0.0000  16.71 0.76 16.62 0.74 svyapr05_gto105
geo-0004:sv1-20050409-U-31-1         none     53470.184260852     0.030905076    17 41290182.448 0.04202071270   4.00589130   83.79280270  -60.68115290  166.69080457 53470.184260852 41290182.448 0.04202071270   4.00589130   83.79280270  -60.68115290  166.69080457   247551.990 0.00450716930   0.00559810    0.06516670    1.23576890    0.51824669   0.0000   0.0000  17.62 0.40 17.55 0.39 follow_aiub
geo-0008:sv1-20050410-S-2-1A         EGEO10   53470.863415967     3.158020103    36 41998622.872 0.16657461600   6.41430840   95.54893810  216.69215160  -45.26659547 53474.021436070 41998622.867 0.16657461070   6.41430830   95.54893720  216.69215310   45.26659384       85.525 0.00003025570   0.00008699    0.00219714    0.00300271    0.00210198  16.4145   0.0261  17.11 0.94 17.03 0.94 svyapr05
geo-0002:sv1-20050410-S-19-1A        none     53471.024080398     0.046417667     9 42615320.584 0.14709125740   4.85116100   61.06704070  293.46685360 -163.51959020 53471.024080398 42615320.584 0.14709125740   4.85116100   61.06704070  293.46685360 -163.51959020   119598.574 0.00204011160   0.00200640    0.03108950    0.29690620    0.32998743   0.0000   0.0000  19.65 0.33 19.58 0.33 svyapr05_gto105
geo-0001:sv1-20050410-U-26-1         none     53471.098310887     0.020348224     8 28686162.335 0.38371502620   9.94026590   44.54711480  302.15628990 -125.54362850 53471.098310887 28686162.335 0.38371502620   9.94026590   44.54711480  302.15628990 -125.54362850   866282.410 0.01580136650   0.01877510    0.42234440    2.20673170    2.56503449   0.0000   0.0000  15.35 0.40 15.30 0.39 followapr05
geo-0005:sv1-20050411-S-8-1A         none     53471.954151986     0.069706052    24 24409128.100 0.72086949130   7.43872870  154.66229180 -125.76605340   95.85260020 53471.954151986 24409128.100 0.72086949130   7.43872870  154.66229180 -125.76605340   95.85260020     1793.265 0.00003053640   0.00013630    0.00252560    0.00153470    0.00930217   0.0000   0.0000  16.35 0.24 16.29 0.24 svyapr05_gto105
geo-0004:sv1-20050411-S-9-1A         none     53471.964823425    27.163839016    68 44596532.954 0.07593464890  16.15245120   18.93438540  -96.94407880  -70.16475679 53499.128662441 44596532.954 0.07593464890  16.15245120   18.93438540  -96.94407880  -70.16475679       64.159 0.00003124090   0.00017526    0.00038174    0.00972411    0.00050064   0.0000   0.0000  17.75 0.83 17.49 0.82 svyapr05_gto105
geo-0001:sv1-20050411-U-11-1         none     53471.981147509     0.101428192    26 41228724.200 0.32625823970   5.18889770  115.90350590  202.89316600 -101.40775991 53471.981147509 41228724.200 0.32625823970   5.18889770  115.90350590  202.89316600 -101.40775991    12271.007 0.00003461160   0.00033680    0.00221380    0.03713720    0.00505896   0.0000   0.0000  18.11 0.65 18.03 0.65 followapr05
geo-0003:sv1-20050411-U-43-1         none     53472.215384579     0.023182920    10 41439508.062 0.11989346930  17.38197880   38.20333330  334.70064980 -158.80602074 53472.215384579 41439508.062 0.11989346930  17.38197880   38.20333330  334.70064980 -158.80602074   814649.776 0.01435273670   0.01303930    0.11250200    2.60189200    2.04796960   0.0000   0.0000  16.06 0.23 16.00 0.24 follow_aiub
geo-0011:sv1-20050412-S-2-1A         none     53473.087044617     0.022679137     8 25378006.139 0.69256714560   3.50381440  142.86413760 -117.60484280  114.34229663 53473.087044617 25378006.139 0.69256714560   3.50381440  142.86413760 -117.60484280  114.34229663   334194.266 0.00491595710   0.02275790    0.39532020    0.28452060    1.23687664   0.0000   0.0000  18.61 0.45 18.51 0.47 svyapr05_gto105
geo-0003:sv1-20050503-S-21-1B        none     53494.092180019     0.065209189    20 32269518.486 0.31250436330   8.58382930   94.13201860  297.91775250 -157.87131354 53494.092180019 32269518.486 0.31250436330   8.58382930   94.13201860  297.91775250 -157.87131354    14466.209 0.00030473640   0.00028620    0.00586460    0.02955600    0.05819060   0.0000   0.0000  16.62 0.17 16.50 0.17 svymay05_gto75
geo-0002:sv1-20050505-S-16-1B        none     53496.047167119     0.072998964    18 42148486.303 0.20848863500  10.40232580   65.00667060   24.26380640  116.35222864 53496.047167119 42148486.303 0.20848863500  10.40232580   65.00667060   24.26380640  116.35222864    29590.780 0.00040107560   0.00033670    0.00500920    0.10862550    0.03165541   0.0000   0.0000  18.39 0.30 18.29 0.31 svymay05_gto75
geo-0006:sv1-20050508-S-14-1A        none     53499.024308349   115.897916744   113 25221708.504 0.67312006420   1.96977810   25.44928000 -321.58086000  112.37798161 53499.024308349 25221708.504 0.67312006420   1.96977810   25.44928000 -321.58086000  112.37798161        1.198 0.00000864270   0.00039670    0.00914770    0.00906210    0.00412960   0.0000   0.0000  12.26 1.18 12.13 1.15 svymay05_gto75
geo-0003:sv1-20050508-U-22-1         none     53499.107305897    28.774467680   104 22936121.249 0.69940182510   5.80052710 -150.83697670 -142.84906810  144.71962690 53527.881773577 22936121.249 0.69940182510   5.80052710 -150.83697670 -142.84906810  144.71962690        7.607 0.00000312270   0.00022000    0.00066442    0.00099956    0.00000000   0.4194   0.0152  17.49 0.47 17.37 0.45 followmay05
geo-0041:sv1-20050510-S-1-1A         none     53500.892119769     0.028613267     8 39110398.470 0.11602760840   4.57865680   90.38507160  -55.25626110  178.32920747 53500.892119769 39110398.470 0.11602760840   4.57865680   90.38507160  -55.25626110  178.32920747   579418.319 0.01149884630   0.01561690    0.09609820    0.77489640    5.03534282   0.0000   0.0000  19.09 0.17 19.06 0.16 svymay05
geo-0009:sv1-20050510-S-2-1A         none     53500.906078157     2.195834279    22 24660327.365 0.70197002070   3.45372440  141.97579800  244.42918270 -151.93127079 53500.906078157 24660327.365 0.70197002070   3.45372440  141.97579800  244.42918270 -151.93127079        7.431 0.00000517630   0.00009460    0.00451700    0.00478570    0.00241623   0.0000   0.0000  17.13 0.68 16.98 0.67 svymay05
geo-0004:sv1-20050511-S-9-1A         none     53501.952118638     0.049168960    15 40038294.614 0.39277485200   6.54581410  -36.28507830   81.53747390 -178.92111477 53501.952118638 40038294.614 0.39277485200   6.54581410  -36.28507830   81.53747390 -178.92111477    61530.291 0.00115623420   0.00278640    0.00647850    0.03505680    0.34367789   0.0000   0.0000  19.43 0.33 19.38 0.32 svymay05_gto75
geo-0004:sv1-20050511-S-12-1B        none     53501.991030490     0.088635591    15 39461892.929 0.16640695560   9.74602670 -103.87334390  146.27139300 -176.89586830 53501.991030490 39461892.929 0.16640695560   9.74602670 -103.87334390  146.27139300 -176.89586830    28147.897 0.00053638120   0.00078670    0.00597030    0.07062510    0.10696907   0.0000   0.0000  18.67 0.67 18.57 0.68 svymay05_gto75
geo-0001:sv1-20050806-U-20-1         EGEO19   53589.037108148  1674.771299716   556 42406412.557 0.03710391160  11.38776980  -18.91423150 -153.12691210  136.57793757 55263.808407864 42402659.575 0.02669206160   9.91370270  -27.18401330  345.90355470  166.86966412      517.349 0.00006982960   0.00078351    0.02074587    1.01025665    0.01985754   2.4440   0.1312  18.09 0.54 17.86 0.44 followaug05b
geo-0002:sv1-20050806-U-29-1         EGEO18   53589.095145106   622.832521140   623 44502004.881 0.03100198400  21.92871690  -49.02631010  -79.05753430    9.59052216 54211.927666246 44462010.667 0.21780390530  17.56025660  -59.66914160   41.66298580  160.37503562       19.413 0.00000690710   0.00068507    0.00090666    0.00274696    0.00106951  12.7867   0.0002  16.27 0.79 15.60 0.73 follow_aiub
geo-0006:sv1-20050829-S-8-1A         EGEO24   53611.960263082   156.128465297   331 42230506.772 0.07514437590  11.74321130  -14.58958030  179.42336690 -130.35711871 53768.088728379 42233073.606 0.07002420870  11.60578530  -15.02784790  -43.06300880 -145.95234079        5.691 0.00000616660   0.00014859    0.00141146    0.00388326    0.00141345   5.9593   0.0016  17.29 0.58 16.96 0.49 svysep05_gto105
geo-0008:sv1-20050829-S-16-1B        EGEO26   53612.023483112   922.081480215   824 41456168.941 0.06647924760  10.32020790  -23.14504340  252.10700190 -175.32995113 54534.104963327 41454923.283 0.12944825240   8.87220450  -24.57680500  -15.47558900   91.66744821       27.818 0.00000574370   0.00028446    0.00074521    0.00478385    0.00074411   5.1497   0.0016  17.97 0.65 17.54 0.47 svysep05_gto105
geo-0001:sv1-20050829-U-35-1         EGEO25   53612.157954137   298.151860893   128 40278123.113 0.37543223300  13.70637100  -18.75015660 -180.12678290  173.86240278 53912.185283893 40223132.704 0.30812821330  13.17144570  -18.17054560  142.81306880   87.53827874      132.303 0.00003254020   0.00244550    0.01132266    0.02043043    0.01098353  20.5053   0.0183  17.65 0.57 17.32 0.59 follow_aiub
geo-0006:sv1-20050829-S-42-1A        none     53612.216954065     0.016916671    10 25530962.496 0.70326068490   7.18117960 -152.29447140  -14.39104790  126.89384921 53612.216954065 25530962.496 0.70326068490   7.18117960 -152.29447140  -14.39104790  126.89384921   139478.386 0.00227640940   0.00735500    0.13358870    0.31669960    0.63137726   0.0000   0.0000  16.46 0.14 16.35 0.15 svysep05_gto105
geo-0002:sv1-20050830-U-10-1         none     53613.016147073     0.019595440     9 36737021.009 0.16168552220  15.53932230   -1.09008870 -170.09543230  174.89675161 53613.016147073 36737021.009 0.16168552220  15.53932230   -1.09008870 -170.09543230  174.89675161   842040.659 0.01818767690   0.01760270    0.15889540    0.63229730    6.61230378   0.0000   0.0000  16.69 0.45 16.46 0.41 followsep05
geo-0001:sv1-20050830-U-12-1         none     53613.027524664     0.024943432     8 40592580.972 0.10496022400  13.84516370    6.13656740 -156.80900540  161.84580557 53613.027524664 40592580.972 0.10496022400  13.84516370    6.13656740 -156.80900540  161.84580557  1683114.463 0.03187845480   0.01965720    0.27927650    3.15537410    7.47479747   0.0000   0.0000  17.31 0.61 16.98 0.58 followsep05
geo-0003:sv1-20050830-U-31-1         none     53613.142910139     0.012453627    10 40785867.994 0.07902309440  10.33204800  -23.22765320 -106.42046090  178.41176143 53613.142910139 40785867.994 0.07902309440  10.33204800  -23.22765320 -106.42046090  178.41176143  2614407.664 0.04963511990   0.05134810    0.25624830    2.72989300   19.62175135   0.0000   0.0000  18.84 0.31 17.90 0.30 follow_aiub
geo-0002:sv1-20050830-U-33-1         none     53613.152493471     0.029171454     5 41730234.334 0.08369304350  13.82780640    6.25010710  206.37743950 -155.48438557 53613.152493471 41730234.334 0.08369304350  13.82780640    6.25010710  206.37743950 -155.48438557  2964163.740 0.04720014240   0.02762810    0.35570150   19.70294250    4.34089620   0.0000   0.0000  18.73 0.83 17.58 0.83 followsep05
geo-0005:sv1-20050831-S-13-1B        EGEO27   53614.012381281   176.916011470   139 31759271.188 0.34437144270   6.07075270 -166.24303460  -17.03592480  156.20504813 53790.928392751 31763203.216 0.31229166930   5.66973900 -177.00306130    4.59615280   34.83734328        2.019 0.00000772610   0.00033290    0.00096185    0.00133745    0.00097148   2.0331   0.0054  17.45 0.63 17.13 0.37 svysep05_gto105
geo-0001:sv1-20050831-S-36-1A        none     53614.160619853     0.064593556    12 42202792.364 0.09099999560   7.32655920   -4.84522420 -111.24242510  106.12222538 53614.160619853 42202792.364 0.09099999560   7.32655920   -4.84522420 -111.24242510  106.12222538    29803.958 0.00027161860   0.00023840    0.00579340    0.28908290    0.17472359   0.0000   0.0000  11.64 0.68 11.45 0.66 svysep05_gto105
geo-0004:sv1-20050901-S-11-1B        none     53614.985066417     0.022689528     7 24513654.902 0.65757843160   0.69951630  -15.49460010  172.79720470 -107.94145299 53614.985066417 24513654.902 0.65757843160   0.69951630  -15.49460010  172.79720470 -107.94145299   874252.417 0.00928636090   0.05291680    6.17487090    7.93020160    1.89200544   0.0000   0.0000  11.85 2.27 11.69 2.27 svysep05_gto105
geo-0010:sv1-20050901-S-19-1B        none     53615.056222677     3.999114650    63 24527865.383 0.71205019400   8.08260020  174.97249850   -0.42279900 -157.53249593 53615.056222677 24527865.383 0.71205019400   8.08260020  174.97249850   -0.42279900 -157.53249593        1.946 0.00000448470   0.00024260    0.00035420    0.00046400    0.00196700   0.0000   0.0000  16.94 0.59 16.79 0.63 svysep05_gto105
geo-0003:sv1-20050902-S-11-1A        none     53615.969741240     0.024833268     7 46108387.454 0.69852449080   9.29209890   21.54645200  112.27590190  -49.46035904 53615.969741240 46108387.454 0.69852449080   9.29209890   21.54645200  112.27590190  -49.46035904  1143082.521 0.00150042100   0.01193570    0.20602940    1.20814990    0.19322069   0.0000   0.0000  18.32 0.23 18.16 0.24 svysep05_gto105
geo-0010:sv1-20050903-S-6-1B         EGEO28   53616.931865076    69.100332324    89 41363609.938 0.02749490070  13.61989090    6.55381280 -170.25694850  165.06743978 53686.032197400 41363252.132 0.06465070920  13.63410630    5.90128060 -110.97960310 -178.21050815       50.815 0.00004295250   0.00127029    0.00459582    0.04096079    0.00525448   2.6597   0.0827  15.23 0.33 15.10 0.31 svysep05
geo-0013:sv1-20050904-S-2-1B         none     53617.884481874     0.043562513     8 42003647.080 0.06135818850  14.13560010   10.50131170 -133.46511050   70.13503709 53617.884481874 42003647.080 0.06135818850  14.13560010   10.50131170 -133.46511050   70.13503709   352753.918 0.00090339380   0.01275160    0.03059190    5.78617540    4.81334840   0.0000   0.0000  17.78 0.44 17.69 0.41 svysep05
geo-0057:sv1-20050904-S-3-1A         EGEO29   53617.913104606   265.137602988    45 42707569.377 0.02444568750  13.29857930   12.15652990  -95.99095550   44.95626991 53883.050707594 42710327.943 0.02337735390  13.46657980   10.53825460  -17.29775270  104.98758508      435.206 0.00003828590   0.00084016    0.00561174    0.29698310    0.00532293   1.8588   0.1250  17.38 0.23 17.29 0.23 svysep05
geo-0015:sv1-20050905-S-7-1B         none     53618.930941270     0.132578767    13 42425966.252 0.03902599500  14.73901410    2.71766510   33.83011760  -78.32243788 53618.930941270 42425966.252 0.03902599500  14.73901410    2.71766510   33.83011760  -78.32243788     5130.816 0.00004762090   0.00010290    0.00071730    0.11741030    0.10646279   0.0000   0.0000  15.99 0.37 15.88 0.34 svysep05
geo-0005:sv1-20050905-S-35-1B        none     53619.162413614     0.080504590    17 33045391.160 0.38792456930  12.01442590   29.56016460  136.46438660 -153.24077472 53619.162413614 33045391.160 0.38792456930  12.01442590   29.56016460  136.46438660 -153.24077472    10606.039 0.00020717010   0.00034180    0.00243730    0.02356420    0.04302958   0.0000   0.0000  19.30 0.22 19.20 0.23 svysep05_gto105
geo-0001:sv1-20050906-S-25-1A        none     53620.090421861     0.146012633    48 41211116.155 0.38584577430   9.60316330   65.93931980 -214.34483570  116.35517059 53620.090421861 41211116.155 0.38584577430   9.60316330   65.93931980 -214.34483570  116.35517059     3327.223 0.00005387770   0.00016270    0.00042890    0.00457030    0.01167580   0.0000   0.0000  18.34 0.57 18.15 0.56 svysep05_gto105
geo-0004:sv1-20051202-S-3-1A         none     53706.870349843     0.038519859     6 39639293.482 0.07744931400  10.15347550  -24.67286830  223.60411620 -155.34465993 53706.870349843 39639293.482 0.07744931400  10.15347550  -24.67286830  223.60411620 -155.34465993  1516622.472 0.02537075940   0.03250030    0.14409810   11.51144170    3.25654752   0.0000   0.0000  18.87 0.68 18.75 0.68 svydec05
geo-0016:sv1-20051202-S-3-1B         none     53706.874296744     0.080510497     7 41369259.765 0.05635287950   9.57191860  -36.18777420  253.30553970 -176.19620050 53706.874296744 41369259.765 0.05635287950   9.57191860  -36.18777420  253.30553970 -176.19620050    14256.227 0.00025028590   0.00031570    0.00098930    0.09676940    0.01901945   0.0000   0.0000  19.17 0.36 19.04 0.34 svydec05
geo-0010:sv1-20051202-S-26-1A        none     53707.110199550     0.074999342    14 28254534.928 0.49143634420   9.52290180   67.21247530  174.59650270 -158.55412532 53707.110199550 28254534.928 0.49143634420   9.52290180   67.21247530  174.59650270 -158.55412532     3730.174 0.00008407570   0.00019840    0.00138130    0.00775890    0.01999082   0.0000   0.0000  16.73 0.20 16.58 0.21 svydec05_gto75
geo-0049:sv1-20051205-S-1-1B         EGEO31   53709.814076751  1442.008591709   893 40195531.990 0.12198951460  12.48894910  -18.55851530  300.13828090 -134.96314323 56316.362082660 40164850.000 0.11674170000   9.54568240  316.38590320   13.97140180 -134.96314323      958.924 0.00062130090   0.01065293    0.06225036    4.61152235    0.05928922   1.6180   3.6093  16.97 0.46 16.66 0.34 svydec05
geo-0003:sv1-20051205-S-10-1B        EGEO30   53709.876345227   177.268265206    56 40511174.987 0.11265940790   9.42682490  -45.37639360  302.55988460 -177.12364299 53887.144610433 40554386.078 0.09664868590   8.90009930  -46.79468280  -20.53378900   28.57582627      604.469 0.00031910070   0.00631818    0.01695151    0.13340936    0.01715322   1.2686   0.1523  14.54 0.31 14.41 0.31 svydec05
geo-0003:sv1-20051205-S-18-1A        none     53709.941915928     0.085358772    12 40869987.491 0.28220409460   9.67659700  -84.32259020   -4.38430300  144.08226736 53709.941915928 40869987.491 0.28220409460   9.67659700  -84.32259020   -4.38430300  144.08226736    20237.331 0.00038260280   0.00015630    0.00348560    0.02333740    0.10150231   0.0000   0.0000  18.12 0.15 17.97 0.12 svydec05_gto75
geo-0005:sv1-20051205-S-18-1A        none     53709.948027036     0.040857781     6 37648839.059 0.18712268560   5.83772280  -55.07063430  270.23608060 -131.85925044 53709.948027036 37648839.059 0.18712268560   5.83772280  -55.07063430  270.23608060 -131.85925044  1266804.583 0.01657258050   0.02577920    0.29364650    5.93184280    0.56959516   0.0000   0.0000  16.96 0.34 16.82 0.32 svydec05_gto75
geo-0001:sv1-20051206-S-34-1A        none     53711.109840867     0.042000923     6 38574610.054 0.32981632370   6.13638080  -80.52073330  305.03929410 -135.64817797 53711.109840867 38574610.054 0.32981632370   6.13638080  -80.52073330  305.03929410 -135.64817797   923402.221 0.01453762760   0.01076340    0.42150000    1.64636110    2.54681088   0.0000   0.0000  18.36 0.55 18.22 0.56 svydec05_gto75
geo-0011:sv1-20051206-S-41-1A        none     53711.182974911     0.035581143     8 25177440.576 0.71838484110   9.90905450   48.69572760  179.39959060  -92.17628676 53711.182974911 25177440.576 0.71838484110   9.90905450   48.69572760  179.39959060  -92.17628676     9239.061 0.00008746070   0.00167240    0.00141860    0.01645170    0.02436547   0.0000   0.0000  16.56 0.23 16.41 0.24 svydec05_gto75
