ID   NR  SW   INT_DESI  SATNO  NA  TY  CL  ABC    MASS   DIAMTR   SMA     ECC    INC    RAAN     AOP    TANO    DC  RCSFAC  RPOP1  RPOP2  SEED         Breakup Epoch            Launch Epoch  Perigee Altitude  Apogee Altitude
273  702    1 1977-092A     10365   2    1     0    41    1970      0   42182.3  0.0001  0.11    78.39   325.28    78.39     8     0.97       0   0      01978-06-23 00:00:00.000    1977-09-19 17:31:12.000           35807.0818                 35815.5182
274  703    1 1973-040B     11940   1    2     0    34    1950      0   42345.7  0.0043  5.87    62.84    19.15   145.20     2     0.33       0   0      01981-03-08 04:49:00.480    1973-12-06 00:00:00.000           35792.6135                 36156.7865
275  704    1 1979-087A     11561   2    1     0    41    1970      0   42158.1  0.0010  1.66    90.97   196.54    52.57     0     1.00       0   0      01982-06-06 18:07:12.000    1979-03-10 00:00:00.000           35744.9419                 35829.2581
276  705    1 1979-053C     11436   1    2     0    34    1950      0   42403.8  0.0050  0.61    94.01   190.09   160.41    12     1.00       0   0      01983-11-05 00:00:00.000    1979-07-19 00:00:00.000           35820.7810                 36244.8190
277  706    1 1975-118C      8515   1    2     0     0    1950      0   42101.8  0.0020  8.57    57.48    25.94   301.19     8     1.00       0   0      01987-03-13 15:25:55.200    1975-12-14 00:00:00.000           35646.5964                 35815.0036
278  707    1 1966-053J      2222   1    2     0    34    1950      0   40497.2  0.0102 11.52     9.54   281.84   255.54     3     0.33       0   0      01987-10-03 16:31:00.480    1966-06-16 00:00:00.000           33713.1286                 34539.2714
279  708    1 1968-081E      3432   1    2     0    34    1950      0   41835.4  0.0085 11.91    21.77    76.87    23.76    20     0.97       0   0      01992-02-22 08:59:16.800    1968-09-24 07:40:48.000           35108.7991                 35820.0009
280  709    1 1967-066G      2868   1    2     0     0    1950      0   39842.9  0.0053 11.68    25.47    25.67   248.73     8     1.00       0   0      01994-02-14 09:59:11.040    1967-07-01 00:00:00.000           33260.7326                 33683.0674
287  802    1 1991-802A     99802   1    1     0    32    1750      0   42164.0  0.0181  0.31   100.60    90.27    75.69     0     0.33       0   0      01995-10-07 00:00:00.000    1988-01-01 00:00:00.000           35029.8316                 36556.1684
283  712    1 1975-117A      8476   1    1     0    41     460      0   42354.6  0.0024 12.00    31.71    70.26   114.34    12     1.00       0   0      01999-09-14 16:19:03.360    1975-04-10 00:00:00.000           35881.9490                 36085.2510
288  803    1 1991-803A     99803   1    1     0    32    1750      0   40164.0  0.0181  0.31   100.60    90.27    90.69     2     0.33       0   0      02000-07-21 00:00:00.000    1988-01-01 00:00:00.000           33066.0316                 34519.9684
284  713    1 1988-018B     18952   9    1     0    41     653      0   42826.4  0.0090  5.80   270.00   200.00   200.00     8     1.00       0   0      02002-09-20 00:00:00.000    1988-04-09 00:00:00.000           36069.9624                 36840.8376
258  250    1 2015-075B     41122   2    2    -1    33    1600      0   40979.8  0.0287  0.17   135.14     5.86   219.00    10     0.97       0   0      02016-01-16 00:00:00.000    2015-12-13 00:00:00.000           33432.6797                 35784.9203
264  256    1 2009-018A     34779   4    1    -1    30    1700      0   42138.9  0.0089  4.70    61.37   195.14   164.70     5     0.97       0   0      02016-06-29 00:00:00.000    2009-04-14 00:00:00.000           35392.8638                 36142.9362
269  261    1 2003-024A     27820   1    1    -1     0    2000      0   42165.8  0.0002  0.04   343.17   102.24   188.86     1     1.00       0   0      02017-06-17 07:09:59.040    2003-06-06 22:14:52.800           35786.3668                 35803.2332
267  259    1 1999-042A     25880   9    1     0     0    1640      0   42166.8  0.0001  0.01   151.41    43.74    48.58     0     1.00       0   0      02017-08-25 00:00:00.000    1999-08-12 22:51:53.280           35791.5833                 35800.0167
271  263    1 1969-013B      3692   1    2    -1    34    1824      0   42929.6  0.0163  6.23   300.97   128.19    64.42     1     0.97       0   0      02018-02-28 21:24:02.880    1969-02-09 00:00:00.000           35858.8475                 37258.3525
17 Fragmentations =====================
