ID   NR  SW   INT_DESI    SATNO   NA   TY   CL   ABC    MASS  DIAMTR      SMA     ECC    INC    RAAN     AOP    TANO     DC  RCSFAC  RPOP1  RPOP2   SEED           Breakup Epoch            Launch Epoch  Perigee Altitude  Apogee Altitude
136  101   1  1977-092A  10365.0  2.0  1.0  0.0  41.0  1850.0    4.74  42170.1  0.0001   0.11   78.39  325.28   78.39    8.0    1.00    0.0    0.0  158.0 1978-06-23 12:00:00.000 1977-09-20 17:28:01.920       35794.88299      35803.31701
0    336   1  1979-009A  11261.0  5.0  1.0  2.0  50.0   111.0    1.94  43406.7  0.0177   0.50  279.84  318.82   63.64    4.0    0.97   82.0    0.1  665.0 1979-02-06 09:29:57.120 1979-02-06 08:46:01.920       36267.40141      37803.99859
147  349   1  1980-018A  11715.0  5.0  1.0  1.0  30.0   128.8    1.94  42272.1  0.0119   0.51  280.03   21.19   57.59    3.0    0.97    0.0    0.0  702.0 1980-02-22 15:00:00.000 1980-02-22 08:34:56.640       35398.06201      36404.13799
159  631   1  1973-040B  11940.0  1.0  2.0  0.0   2.0  1950.0    4.37  42366.6  0.0035   5.87   62.84   19.15  145.20    2.0    0.33    0.0    0.0   29.0 1981-03-08 04:49:00.480 1973-06-12 07:14:00.960       35847.31690      36143.88310
162  555   1  1979-087A  11561.0  2.0  1.0  0.0  41.0  1952.4    4.74  42164.2  0.0005   1.66   90.97  196.54   52.57   13.0    0.97    0.0    0.0  851.0 1981-04-23 00:00:00.000 1979-10-03 17:12:02.880       35772.11790      35814.28210
189  634   1  1979-053C  11436.0  1.0  2.0  0.0   2.0  1950.0    4.37  42397.6  0.0055   0.61   94.36  190.09  160.41   12.0    1.00    0.0    0.0  134.0 1983-11-05 00:00:00.000 1979-06-10 13:38:55.680       35793.41320      36259.78680
193  556   1  1982-093A  13554.0  2.0  1.0  0.0  41.0  1952.4    4.74  42183.3  0.0028  12.08  321.90  316.30  207.31   16.0    0.97    0.0    0.0  953.0 1983-12-23 18:00:00.000 1982-09-16 18:30:57.600       35694.18676      35930.41324
583  706   1  1975-123C   8515.0  1.0  2.0  0.0   0.0  4185.0    5.96  42101.8  0.0020   8.57   57.48   25.94  301.19    8.0    1.00    0.0    0.0  512.0 1987-03-13 15:25:55.200 1975-12-14 00:00:00.000       35646.59640      35815.00360
225  633   1  1975-118C   8516.0  1.0  2.0  0.0   2.0  1950.0    4.37  42090.4  0.0011   8.14  297.93  128.57  231.66    8.0    0.97    0.0    0.0  788.0 1987-03-13 15:26:03.840 1975-12-14 05:15:04.320       35673.10056      35765.69944
233  632   1  1966-053J   2222.0  1.0  2.0  0.0   2.0  1950.0    4.37  40448.3  0.0154  11.52    9.54  106.19  300.67    3.0    0.33    0.0    0.0  481.0 1987-10-03 16:31:00.480 1966-06-16 13:59:57.120       33454.39618      34700.20382
264   65   1  1968-081E   3432.0  1.0  2.0  0.0  34.0  1950.0    4.37  41818.8  0.0080  11.95   21.04   80.50  281.03   33.0    0.97    0.0    0.0   49.0 1992-02-21 09:30:57.600 1968-09-26 07:37:03.360       35113.24960      35782.35040
288  636   1  1967-066G   2868.0  1.0  2.0  0.0   2.0  1950.0    4.37  39905.2  0.0077  11.68   25.47   25.67  248.73    8.0    1.00    0.0    0.0  442.0 1994-02-14 09:59:02.400 1967-07-01 13:15:01.440       33226.92996      33841.47004
585  802   1  1991-802A  99802.0  1.0  1.0  0.0  32.0  1750.0    4.00  42164.0  0.0181   0.31  100.60   90.27   75.69    0.0    0.33    0.0    0.0  180.0 1995-10-07 00:00:00.000 1988-01-01 00:00:00.000       35029.83160      36556.16840
309  560   1  1991-067A  21726.0  9.0  1.0 -1.0  90.0  1765.1    4.91  42474.8  0.0015  12.22   29.35  270.54  263.88    0.0    0.97    0.0    0.0  666.0 1996-03-26 00:00:00.000 1991-09-26 23:43:00.480       36040.08780      36167.51220
349  635   1  1975-117A   8476.0  1.0  1.0  0.0   2.0   458.9    4.01  42355.0  0.0013  12.75   31.71  220.20  323.62   12.0    1.00    0.0    0.0  197.0 1999-09-14 16:19:03.360 1975-12-13 01:56:03.840       35928.93850      36039.06150
586  803   1  1991-803A  99803.0  1.0  1.0  0.0  32.0  1750.0    4.00  40164.0  0.0181   0.31  100.60   90.27   90.69    2.0    0.33    0.0    0.0  180.0 2000-07-21 00:00:00.000 1988-01-01 00:00:00.000       33066.03160      34519.96840
8    559   1  1999-005A  25626.0  1.0  1.0  2.0  51.0  3670.0    6.40  42525.5  0.0003   6.64   66.38  240.75  286.98    0.0    0.97    0.1    1.0  867.0 2002-04-11 00:00:00.000 1999-02-15 05:16:48.000       36141.74235      36167.25765
12   562   1  2004-015A  28234.0  2.0  1.0  2.0  51.0  2542.0    4.81  42457.5  0.0011  10.05   38.60  268.88  213.16    0.0    0.97    0.1    1.0  847.0 2006-03-28 23:40:59.520 2004-04-26 20:38:24.000       36039.79675      36133.20325
15   558   1  2002-040B  27509.0  3.0  1.0  2.0  51.0  2010.0    3.58  42164.5  0.0001   6.43   54.80  269.81  101.35    0.0    0.97    0.1    1.0  586.0 2007-05-22 00:49:58.080 2002-08-28 22:48:00.000       35789.28355      35797.71645
458  207   1  2007-054B  32288.0  1.0  2.0  0.0   0.0  3510.0    9.09  43444.3  0.0238   5.50   71.98   70.75  351.92   31.0    1.00    0.0    0.0    1.0 2007-11-11 06:00:00.000 2007-11-11 01:55:12.000       36039.32566      38107.27434
20   563   1  2006-018A  29155.0  1.0  1.0  2.0  51.0  3209.0    6.18  42244.7  0.0009   0.28   92.81  171.07  279.05    0.0    0.97    0.1    1.0  542.0 2013-05-22 03:40:01.920 2006-05-24 22:04:48.000       35835.67977      35911.72023
529  281   1  2015-075B  41122.0  2.0  2.0 -1.0  35.0  2370.0    4.29  40979.8  0.0287   0.17  135.14    5.86  221.11   10.0    0.97    0.0    0.0  321.0 2016-01-16 03:49:58.080 2015-12-13 00:14:24.000       33432.67974      35784.92026
534  275   1  2009-018A  34779.0  4.0  1.0 -1.0  30.0  1700.0    4.22  42138.6  0.0089   4.71   61.38  195.18  164.39    5.0    0.97    0.0    0.0  439.0 2016-06-29 00:00:00.000 2009-04-14 16:19:12.000       35392.56646      36142.63354
540  503   1  2003-024A  27820.0  1.0  1.0 -1.0   0.0  4000.0    7.20  42164.8  0.0003   0.02  339.32  107.29  187.69   13.0    0.97    0.0    0.0  717.0 2017-07-01 03:20:00.960 2003-06-06 22:19:12.000       35781.15056      35806.44944
541  500   1  1999-042A  25880.0  9.0  1.0  0.0  30.0  1640.0    7.04  42165.6  0.0001   0.01  169.80   13.72   79.76    2.0    1.00    0.0    0.0  396.0 2017-08-25 18:06:02.880 1999-08-12 22:48:00.000       35790.38344      35798.81656
544   44   1  1969-013B   3692.0  1.0  2.0 -1.0  34.0  1950.0    4.37  42926.4  0.0129   8.71  313.19   91.58  269.90  100.0    0.97    0.0    0.0  927.0 2018-02-28 21:01:00.480 1969-02-09 21:09:04.320       36001.64944      37109.15056
555  524   1  2016-004A  41308.0  1.0  1.0  1.0  30.0  2946.0    8.74  42164.6  0.0002   0.01  197.11  178.67   81.73    5.0    0.97    0.0    0.0  586.0 2019-04-07 18:00:00.000 2016-01-27 23:16:48.000       35785.16708      35802.03292
556  529   1  1976-023F   8751.0  1.0  2.0  1.0  34.0  1950.0    4.37  42719.0  0.0128  16.40   77.20   20.40  163.50    0.0    0.97    0.0    0.0  995.0 2019-05-07 00:00:00.000 1976-03-15 01:25:40.800       35801.19680      36894.80320
 28 Fragmentations =====================