Campaign           Name                              Osc_epoch     Date      Time        arcl [min]    # obs mag_c   mag_u  a(km)        e          i(dg)     raan(dg)   w(dg)      s(dg)      dn(dg/d) da(km)       de         di(dg)    draan(dg)  dw(dg)     ds(dg)     R.A.(h)      Decl.(dg)    lon(dg)   lat(dg)  
svyjan05           geo-0003:sv1-20050104-U-1-1        53374.832815 05-JAN-04 19:59:15.21      3.615840     8  12.20  12.60  54169.84360  0.0000000   19.2326    26.5804     0.0000    26.7383  -153.67      0.03746  0.0000000    0.0520     0.0811     0.0000     0.0764   3.39000662    5.5448835     7.683     8.523
followjun05        geo-0016:sv1-20050601-U-3-1        53522.930385 05-JUN-01 22:19:45.26      1.549440     4  17.60  17.60  41071.78613  0.0000000   11.7358   317.0163     0.0000   294.4655    13.99      0.00527  0.0000000    0.0046     0.0489     0.0000     0.0479  17.11564339  -16.1350717    26.507   -10.669
followjun05        geo-0001:sv1-20050602-U-15-1       53524.032394 05-JUN-03 00:46:38.84      1.033920     3  18.50  18.60  52326.66596  0.0000000    9.4995   103.9696     0.0000   152.5504  -130.08      0.00535  0.0000000    0.0076     0.0239     0.0000     0.0236  17.12145142    1.1140141    -6.401     4.363
follow_aiub        geo-0003:sv1-20050602-U-17-1       53524.044480 05-JUN-03 01:04:03.07      2.066400     4  15.50  16.20  42670.37816  0.0000000   10.6846    39.8171     0.0000   151.0882    -6.48      0.00771  0.0000000    0.0137     0.0407     0.0000     0.0399  12.17238198    1.1015668   -76.279     5.143
followjun05        geo-0001:sv1-20050602-U-18-1       53524.049118 05-JUN-03 01:10:43.79      2.583360     6  18.50  18.60  47888.48488  0.0000000   10.5131   103.0738     0.0000   157.9164   -73.27      0.02462  0.0000000    0.0405     0.0894     0.0000     0.0880  17.29523798    0.2233095    -7.955     3.933
followjun05        geo-0001:sv1-20050602-U-21-1       53524.072661 05-JUN-03 01:44:37.91      1.549440     4  17.70  17.90  45830.97757  0.0000000   12.0173   256.3517     0.0000    12.6117   -46.93      0.02273  0.0000000    0.0413     0.0462     0.0000     0.0452  17.58570768   -1.1859128    -9.084     2.606
follow_aiub        geo-0004:sv1-20050602-U-23-1       53524.100836 05-JUN-03 02:25:12.23      1.033920     3  10.40  10.50  52818.59149  0.0000000   25.3921   240.6787     0.0000   344.9452  -136.37      0.00914  0.0000000    0.0141     0.0088     0.0000     0.0080  14.49321519  -10.2136016   -60.929    -6.395
follow_aiub        geo-0002:sv1-20050602-U-24-1       53524.106901 05-JUN-03 02:33:56.24      0.516960     2  18.20  18.30  44418.03535  0.0000000    0.9222   238.4243     0.0000    23.2294   -28.85      0.00000  0.0000000    0.0000     0.0000     0.0000     0.0000  17.19458119   -4.0012766   -28.488     0.364
follow_aiub        geo-0004:sv1-20050602-U-25-1       53524.110454 05-JUN-03 02:39:03.22      2.583360     6  15.20  15.60  44002.22527  0.0000000   16.1393     8.0611     0.0000   293.4996   -23.52      0.00348  0.0000000    0.0027     0.0220     0.0000     0.0211  20.25300560  -20.4138941    10.993   -14.769
followjun05        geo-0017:sv1-20050602-U-33-1       53524.177819 05-JUN-03 04:16:03.56      1.549440     4  15.60  15.70  39768.14668  0.0000000   11.0969   252.3937     0.0000    13.9225    30.67      0.03209  0.0000000    0.0677     0.0898     0.0000     0.0890  17.24125371   -1.5349086   -49.674     2.654
followjun05        geo-0021:sv1-20050602-U-33-1       53524.178177 05-JUN-03 04:16:34.49      2.066400     5  17.80  17.90  43014.06536  0.0000000    2.9880   211.5297     0.0000    54.0299   -10.87      0.00698  0.0000000    0.0081     0.2170     0.0000     0.2167  17.23253602   -1.4630749   -50.347     2.418
followjun05        geo-0003:sv1-20050602-U-36-1       53524.202410 05-JUN-03 04:51:28.22      2.066400     5  17.40  17.50  41451.94272  0.0000000    3.0869   208.8925     0.0000    65.5578     9.12      0.00643  0.0000000    0.0055     0.2265     0.0000     0.2262  17.58170276   -1.3045512   -50.198     2.810
follow_aiub        geo-0004:sv1-20050603-U-16-1       53525.040315 05-JUN-04 00:58:03.21      2.066400     5  12.40  12.90  43144.66770  0.0000000    8.7564    55.3077     0.0000   148.0764   -12.55      0.00544  0.0000000    0.0092     0.0377     0.0000     0.0372  13.10495112    0.4036474   -63.404     4.617
follow_aiub        geo-0001:sv1-20050603-U-17-1       53525.044902 05-JUN-04 01:04:39.53      2.066400     5  12.40  12.90  42566.89956  0.0000000   12.4629    33.0033     0.0000   168.7030    -5.15      0.01257  0.0000000    0.0250     0.0240     0.0000     0.0230  13.02320617   -1.4600883   -66.778     2.423
follow_aiub        geo-0009:sv1-20050603-U-2-1        53524.901426 05-JUN-03 21:38:03.20      2.583360     6  12.30  12.40  67669.20779  0.0000000    6.5249    66.9521     0.0000   163.5064  -326.46      0.01725  0.0000000    0.0199     0.0517     0.0000     0.0515  15.32327674   -0.4513060    13.608     1.849
follow_aiub        geo-0003:sv1-20050603-U-4-1        53524.932503 05-JUN-03 22:22:48.25      1.033920     3  19.30  19.50  49246.10497  0.0000000    7.1405   118.3218     0.0000   117.8952   -90.64      0.09543  0.0000000    0.0771     1.1645     0.0000     1.1556  15.57550930    3.0745576     8.232     6.307
followjun05        geo-0001:sv1-20050603-U-6-1        53524.948590 05-JUN-03 22:45:58.17      2.066400     5  19.40  19.50  44250.38918  0.0000000    7.8242   114.8664     0.0000   125.9043   -26.70      0.02655  0.0000000    0.0304     0.3054     0.0000     0.3026  16.17228042    2.4508555     7.049     6.331
follow_aiub        geo-0001:sv1-20050603-U-8-1        53524.960675 05-JUN-03 23:03:22.32      2.066400     5  12.60  13.80  42561.75526  0.0000000   12.4703    32.8763     0.0000   138.8497    -5.08      0.01280  0.0000000    0.0197     0.0793     0.0000     0.0773  11.04178900    4.2919357   -65.937     8.169
followjun05        geo-0001:sv1-20050603-U-9-1        53524.965314 05-JUN-03 23:10:03.12      0.516960     2  19.20  19.30  38680.07423  0.0000000    8.7573   112.3171     0.0000   134.0661    44.60      0.00000  0.0000000    0.0000     0.0000     0.0000     0.0000  16.42086965    2.0554405     6.705     6.281
follow_aiub        geo-0001:sv1-20050605-U-16-1       53527.057152 05-JUN-06 01:22:17.93      2.066400     5  14.70  15.20  50021.33580  0.0000000   10.9878    44.8296     0.0000   159.8633  -100.57      0.02138  0.0000000    0.0343     0.0660     0.0000     0.0646  13.17570802    0.2010087   -70.104     3.762
follow_aiub        geo-0006:sv1-20050605-U-16-1       53527.060022 05-JUN-06 01:26:25.90      0.516960     2  13.80  14.30  42234.90498  0.0000000    9.1474    51.8874     0.0000   153.9479    -0.90      0.00000  0.0000000    0.0000     0.0000     0.0000     0.0000  13.17548337   -0.0510105   -70.050     4.004
followjun05        geo-0001:sv1-20050605-U-17-1       53527.065336 05-JUN-06 01:34:05.03      0.516960     2  19.60  19.70  51216.49212  0.0000000    6.3026   232.7012     0.0000    24.4787  -115.87      0.00000  0.0000000    0.0000     0.0000     0.0000     0.0000  17.05592149   -0.5108592   -21.043     2.607
followjun05        geo-0001:sv1-20050605-U-19-1       53527.081737 05-JUN-06 01:57:42.07      0.516960     2  14.20  14.50  43660.81267  0.0000000   13.7104    44.5181     0.0000   168.4022   -19.15      0.00000  0.0000000    0.0000     0.0000     0.0000     0.0000  13.47094667   -1.1829481   -70.770     2.731
followjun05        geo-0005:sv1-20050605-U-20-1       53527.089597 05-JUN-06 02:09:01.18      1.032480     3  14.00  14.30  41009.29312  0.0000000   14.8863    45.1423     0.0000   170.9554    14.79      0.03235  0.0000000    0.0676     0.0455     0.0000     0.0424  13.58047041   -2.0221755   -70.453     2.315
followjun05        geo-0007:sv1-20050605-U-21-1       53527.093867 05-JUN-06 02:15:10.10      2.583360     5  19.50  19.60  51043.94559  0.0000000    4.7979   222.1753     0.0000    42.6157  -113.66      0.00734  0.0000000    0.0089     0.0983     0.0000     0.0980  17.35141068   -0.0848371   -23.700     3.247
followjun05        geo-0002:sv1-20050605-U-24-1       53527.110232 05-JUN-06 02:38:44.04      2.583360     5  19.40  19.50  49649.99475  0.0000000    4.1987   210.9446     0.0000    58.3531   -95.81      0.00855  0.0000000    0.0076     0.1693     0.0000     0.1689  17.52349937    0.0652027   -25.070     3.573
follow_aiub        geo-0002:sv1-20050605-U-25-1       53527.116296 05-JUN-06 02:47:27.97      2.066400     5  13.90  14.10  41923.75525  0.0000000   12.2612    23.2118     0.0000   205.4911     3.08      0.02349  0.0000000    0.0433     0.0991     0.0000     0.0965  14.46269954  -10.0358901   -68.295    -5.244
follow_aiub        geo-0003:sv1-20050605-U-26-1       53527.127846 05-JUN-06 03:04:05.89      2.066400     3  19.30  19.30  59113.94085  0.0000000   14.1994   343.5805     0.0000   273.4436  -216.95      0.05335  0.0000000    0.0061     0.3004     0.0000     0.2912  16.57220437  -18.2736575   -43.525   -14.173
follow_aiub        geo-0002:sv1-20050605-U-26-1       53527.128564 05-JUN-06 03:05:07.92      1.033920     3  19.90  19.90  42162.86156  0.0000000   13.4916    10.7335     0.0000   248.0060     0.02      0.03255  0.0000000    0.0249     0.2616     0.0000     0.2543  16.56596216  -18.3109317   -42.739   -12.493
follow_aiub        geo-0007:sv1-20050605-U-30-1       53527.157767 05-JUN-06 03:47:11.06      2.066400     5  13.10  13.40  42213.31441  0.0000000    4.0424    80.5397     0.0000   218.8046    -0.62      0.01853  0.0000000    0.0294     0.3383     0.0000     0.3375  19.59473883   -7.3510876   -12.183    -2.532
followjun05        geo-0002:sv1-20050605-U-33-1       53527.188158 05-JUN-06 04:30:56.85      2.583360     6  17.70  17.80  48628.37833  0.0000000    5.1288    82.4510     0.0000   173.2590   -82.74      0.00642  0.0000000    0.0111     0.0155     0.0000     0.0152  16.41026344   -3.0927613   -66.692     0.601
followjun05        geo-0007:sv1-20050606-U-10-1       53527.980005 05-JUN-06 23:31:12.43      2.583360     6  16.30  16.30  41447.89335  0.0000000   11.3973   340.2010     0.0000   275.5315     9.17      0.01120  0.0000000    0.0029     0.1161     0.0000     0.1138  17.18110735  -17.2454531     7.569   -11.343
followjun05        geo-0002:sv1-20050606-U-14-1       53528.028972 05-JUN-07 00:41:43.18      1.549440     4  18.00  18.00  47879.52053  0.0000000    4.0182   244.4118     0.0000    11.4166   -73.15      0.02385  0.0000000    0.0413     0.1241     0.0000     0.1237  17.06364344   -3.1020481   -10.149     0.795
followjun05        geo-0003:sv1-20050606-U-14-1       53528.030407 05-JUN-07 00:43:47.16      1.549440     4  18.90  18.90  40244.24076  0.0000000   10.4370   249.1356     0.0000     6.6918    24.58      0.01946  0.0000000    0.0418     0.0310     0.0000     0.0304  17.06381203   -3.3354693   -10.751     1.210
follow_aiub        geo-0001:sv1-20050606-U-15-1       53528.033242 05-JUN-07 00:47:52.10      1.549440     4  15.10  15.30  65328.47957  0.0000000    5.8646   120.8206     0.0000   111.6409  -296.50      0.00605  0.0000000    0.0028     0.0687     0.0000     0.0683  15.23276361    3.0349221   -34.927     5.450
follow_aiub        geo-0002:sv1-20050606-U-15-1       53528.034319 05-JUN-07 00:49:25.16      2.583360     6  18.60  18.80  59424.77524  0.0000000    6.0540   127.4192     0.0000   104.8367  -220.93      0.01098  0.0000000    0.0040     0.1396     0.0000     0.1389  15.21332464    3.1435156   -35.545     5.851
follow_aiub        geo-0004:sv1-20050606-U-15-1       53528.036113 05-JUN-07 00:52:00.16      0.516960     2  19.50  19.70  58197.23461  0.0000000    6.6019   120.8551     0.0000   111.7824  -205.22      0.00000  0.0000000    0.0000     0.0000     0.0000     0.0000  15.23011302    3.2916345   -35.759     6.129
follow_aiub        geo-0015:sv1-20050606-U-16-1       53528.041819 05-JUN-07 01:00:13.16      0.515520     2  14.20  14.60  38499.33982  0.0000000    2.3802   341.8855     0.0000   316.4326    46.91      0.00000  0.0000000    0.0000     0.0000     0.0000     0.0000  20.19226457   -6.4527342    27.754    -1.640
followjun05        geo-0001:sv1-20050606-U-17-1       53528.044621 05-JUN-07 01:04:15.25      0.516960     2  18.10  18.20  38275.15865  0.0000000   14.1350   253.8006     0.0000     7.4128    49.78      0.00000  0.0000000    0.0000     0.0000     0.0000     0.0000  17.28033988   -3.0925538   -10.608     1.806
followjun05        geo-0002:sv1-20050606-U-17-1       53528.045697 05-JUN-07 01:05:48.22      2.583360     6  18.70  18.80  46639.41078  0.0000000    3.9632   242.5959     0.0000    18.2944   -57.28      0.00640  0.0000000    0.0111     0.0544     0.0000     0.0542  17.26219625   -2.4704903   -11.139     1.243
followjun05        geo-0005:sv1-20050606-U-18-1       53528.052444 05-JUN-07 01:15:31.16      2.583360     5  18.60  18.80  61054.68692  0.0000000    6.2966   119.6367     0.0000   116.3551  -241.79      0.00588  0.0000000    0.0035     0.0647     0.0000     0.0643  15.35559794    3.0455849   -38.294     5.640
followjun05        geo-0003:sv1-20050606-U-19-1       53528.057432 05-JUN-07 01:22:42.12      3.100320     7  18.60  18.80  61355.55418  0.0000000    6.4112   117.4624     0.0000   119.5369  -245.65      0.00605  0.0000000    0.0040     0.0631     0.0000     0.0627  15.39474141    3.0123912   -39.071     5.575
followjun05        geo-0001:sv1-20050606-U-20-1       53528.062388 05-JUN-07 01:29:50.32      3.617280     8  18.30  18.40  61576.52329  0.0000000    6.5275   115.6048     0.0000   122.3926  -248.47      0.00746  0.0000000    0.0054     0.0739     0.0000     0.0734  15.43356612    2.5731628   -39.847     5.508
followjun05        geo-0001:sv1-20050606-U-21-1       53528.068453 05-JUN-07 01:38:34.33      3.617280     7  18.10  18.20  61767.48170  0.0000000    6.6775   113.5654     0.0000   125.6502  -250.92      0.00509  0.0000000    0.0040     0.0473     0.0000     0.0470  15.48133100    2.5214809   -40.802     5.422
follow_aiub        geo-0003:sv1-20050606-U-22-1       53528.072724 05-JUN-07 01:44:43.35      1.549440     4  18.80  18.80  47832.88929  0.0000000    8.0381   234.4451     0.0000    14.0706   -72.56      0.00897  0.0000000    0.0154     0.0283     0.0000     0.0281  16.24454303   -1.5148719   -33.361     1.948
followjun05        geo-0003:sv1-20050606-U-23-1       53528.098318 05-JUN-07 02:21:34.67      1.025280     3  18.40  18.50  61264.11663  0.0000000    7.7470   104.8332     0.0000   140.4229  -244.48      0.01530  0.0000000    0.0159     0.0976     0.0000     0.0966  16.10577954    2.1753728   -45.470     4.927
followjun05        geo-0002:sv1-20050606-U-26-1       53528.115396 05-JUN-07 02:46:10.21      1.033920     3  18.20  18.30  59919.02847  0.0000000    8.5055   101.5204     0.0000   147.3324  -227.26      0.02433  0.0000000    0.0284     0.1231     0.0000     0.1216  16.24199915    1.5101008   -48.008     4.579
follow_aiub        geo-0002:sv1-20050606-U-6-1        53527.950072 05-JUN-06 22:48:06.22      1.033920     3  16.10  16.90  41310.87605  0.0000000   12.4304     8.9178     0.0000   179.0079    10.93      0.00229  0.0000000    0.0048     0.0015     0.0000     0.0013  12.12414542   -4.2645944   -49.520     0.214
followjun05        geo-0004:sv1-20050606-U-8-1        53527.969344 05-JUN-06 23:15:51.32      2.066400     5  17.60  17.70  45999.40189  0.0000000   11.7333   342.0920     0.0000   270.6203   -49.09      0.00390  0.0000000    0.0005     0.0351     0.0000     0.0344  17.04269592  -17.1017121     8.300   -11.733
follow_aiub        geo-0002:sv1-20050606-U-9-1        53527.973974 05-JUN-06 23:22:31.35      1.033920     3  13.90  13.90  42231.76944  0.0000000   14.5409     3.4848     0.0000   233.4821    -0.86      0.00255  0.0000000    0.0031     0.0165     0.0000     0.0160  15.48229805  -17.5135731   -10.026   -11.641
follow_aiub        geo-0005:sv1-20050607-U-1-1        53528.894274 05-JUN-07 21:27:45.27      3.615840     6  18.80  18.90  61262.40855  0.0000000    6.6621   116.7197     0.0000   126.8917  -244.45      0.00884  0.0000000    0.0072     0.0823     0.0000     0.0818  16.30212863    2.4118914    25.486     5.324
follow_aiub        geo-0001:sv1-20050607-U-16-1       53529.039135 05-JUN-08 00:56:21.26      2.583360     6  17.20  17.60  52736.00730  0.0000000    7.1344   152.2432     0.0000    59.1255  -135.32      0.02339  0.0000000    0.0191     0.2589     0.0000     0.2570  13.46349103    3.0512028   -59.433     6.119
follow_aiub        geo-0003:sv1-20050607-U-22-1       53529.104378 05-JUN-08 02:30:18.25      3.100320     4  19.40  19.50  46282.41410  0.0000000    8.0720   232.6165     0.0000    13.9775   -52.71      0.01857  0.0000000    0.0331     0.0608     0.0000     0.0605  16.09475287   -1.5852310   -47.696     1.944
follow_aiub        geo-0005:sv1-20050607-U-4-1        53528.914528 05-JUN-07 21:56:55.21      2.583360     5  12.20  12.40  66514.05141  0.0000000    6.0774    65.9024     0.0000   162.7973  -311.67      0.01445  0.0000000    0.0169     0.0491     0.0000     0.0489  15.22161362   -0.5202888     3.167     1.794
follow_aiub        geo-0002:sv1-20050607-U-5-1        53528.920510 05-JUN-07 22:05:32.06      4.649760     7  19.30  19.40  59021.21866  0.0000000    7.5079   110.4226     0.0000   138.5187  -215.77      0.01599  0.0000000    0.0169     0.1135     0.0000     0.1126  16.51182182    2.1220965    21.403     4.965
follow_aiub        geo-0001:sv1-20050608-U-11-1       53530.023961 05-JUN-09 00:34:30.23      2.066400     5  17.70  18.20  42056.84997  0.0000000   10.8959   332.9378     0.0000   230.3938     1.38      0.00367  0.0000000    0.0047     0.0305     0.0000     0.0299  13.06313847  -13.3120159   -63.294    -8.374
follow_aiub        geo-0002:sv1-20050608-U-11-1       53530.025396 05-JUN-09 00:36:34.21      2.583360     6  17.40  17.90  41309.63091  0.0000000   10.9226   335.1862     0.0000   228.2637    10.94      0.00268  0.0000000    0.0037     0.0220     0.0000     0.0215  13.06206443  -13.2047278   -63.702    -8.129
follow_aiub        geo-0001:sv1-20050608-U-16-1       53530.081056 05-JUN-09 01:56:43.23      4.132800     9  19.30  19.50  57112.58768  0.0000000    6.0060   129.1463     0.0000   101.0255  -191.34      0.01647  0.0000000    0.0048     0.2260     0.0000     0.2247  15.05115978    3.0633062   -56.492     5.895
follow_aiub        geo-0004:sv1-20050608-U-18-1       53530.101333 05-JUN-09 02:25:55.17      4.649760     8  16.50  16.70  64015.85788  0.0000000    6.5510   111.7767     0.0000   122.6454  -279.70      0.00746  0.0000000    0.0053     0.0711     0.0000     0.0707  15.23406211    3.0044566   -59.450     5.513
follow_aiub        geo-0002:sv1-20050608-U-18-1       53530.101691 05-JUN-09 02:26:26.10      4.132800     9  19.00  19.20  65083.38491  0.0000000    6.1774   112.5717     0.0000   121.8176  -293.36      0.00697  0.0000000    0.0047     0.0699     0.0000     0.0695  15.23406677    2.4616716   -59.634     5.246
follow_aiub        geo-0003:sv1-20050608-U-18-1       53530.102768 05-JUN-09 02:27:59.15      2.583360     4  19.20  19.40  59748.46484  0.0000000    6.2027   119.8105     0.0000   114.9471  -225.07      0.00926  0.0000000    0.0055     0.1084     0.0000     0.1077  15.23396783    2.5611749   -59.675     5.622
follow_aiub        geo-0002:sv1-20050608-U-9-1        53530.005538 05-JUN-09 00:07:58.48      2.583360     6  17.40  18.00  41230.39106  0.0000000   10.9502   335.3628     0.0000   220.6979    11.96      0.00242  0.0000000    0.0038     0.0174     0.0000     0.0171  12.36435985  -12.1549053   -63.922    -7.115
followjun05        geo-0001:sv2-20050609-U-8-1        53531.208797 05-JUN-10 05:00:40.06      2.583360     5  18.70  19.20  42060.08063  0.0000000   13.9653    13.5471     0.0000   302.4995     1.34      0.00426  0.0000000    0.0047     0.0302     0.0000     0.0293  21.07031931  -18.0107794   -16.991   -11.744
follow_aiub        geo-0004:sv1-20050610-U-10-1       53531.983569 05-JUN-10 23:36:20.36      1.032480     3  17.90  18.30  57614.12677  0.0000000    6.6590   150.9722     0.0000    62.9151  -197.76      0.03539  0.0000000    0.0232     0.3914     0.0000     0.3887  14.05112247    3.1326396   -39.774     5.926
follow_aiub        geo-0002:sv1-20050610-U-6-1        53531.944043 05-JUN-10 22:39:25.31      1.549440     4  12.30  12.40  43367.74898  0.0000000   10.1612   201.0292     0.0000    38.6799   -15.40      0.00492  0.0000000    0.0076     0.0349     0.0000     0.0344  16.06493949    2.4116159     0.033     6.330
follow_aiub        geo-0001:sv1-20050610-U-8-1        53531.961809 05-JUN-10 23:05:00.29      1.032480     3  11.30  11.60  52883.95409  0.0000000    7.5114   158.2511     0.0000    50.6550  -137.21      0.09323  0.0000000    0.0935     0.8749     0.0000     0.8675  13.45099943    2.4925514   -36.985     5.802
follow_aiub        geo-0002:sv1-20050611-U-1-1        53532.884458 05-JUN-11 21:13:37.17      2.066400     4  18.20  18.60  41850.30997  0.0000000    8.0441   163.3080     0.0000    49.8709     4.02      0.02955  0.0000000    0.0393     0.3363     0.0000     0.3330  14.18154959    2.1940995    -5.812     6.142
followjun05        geo-0001:sv1-20050611-U-25-1       53533.205417 05-JUN-12 04:55:48.02      2.066400     5  18.50  18.90  43121.20725  0.0000000   13.5821    22.0119     0.0000   293.4794   -12.25      0.00376  0.0000000    0.0030     0.0289     0.0000     0.0281  21.03110188  -18.3706060   -18.482   -12.439
follow_aiub        geo-0001:sv1-20050611-U-3-1        53532.912328 05-JUN-11 21:53:45.13      5.166720    10  12.80  13.10  63113.25140  0.0000000    5.7769   142.1708     0.0000    81.9240  -268.14      0.02522  0.0000000    0.0045     0.3215     0.0000     0.3199  15.00498742    3.1631460    -4.718     5.719
followjun05        geo-0001:sv1-20050612-U-19-1       53534.097696 05-JUN-13 02:20:40.93      2.066400     5  17.20  17.30  53733.74719  0.0000000   11.9989   296.2715     0.0000   322.6055  -148.09      0.00000  0.0000000    0.0000     0.0000     0.0000     0.0000  17.08300248  -11.3033846   -37.187    -7.253
followjun05        geo-0001:sv1-20050612-U-22-1       53534.121887 05-JUN-13 02:55:31.03      0.515520     2  11.70  11.70  42163.34189  0.0000000    8.7246    54.8629     0.0000   212.1569     0.01      0.00000  0.0000000    0.0000     0.0000     0.0000     0.0000  17.33428402   -9.5138073   -38.685    -4.631
followjun05        geo-0002:sv1-20050612-U-22-1       53534.121887 05-JUN-13 02:55:31.03      3.100320     7  17.30  17.30  51596.11651  0.0000000   11.8148   295.9647     0.0000   329.2791  -120.72      0.00000  0.0000000    0.0000     0.0000     0.0000     0.0000  17.32112337  -10.1836821   -39.626    -6.004
followjun05        geo-0004:sv1-20050612-U-24-1       53534.142974 05-JUN-13 03:25:52.95      2.066400     5  18.00  18.10  62018.41482  0.0000000    8.7722   325.0446     0.0000   290.7780  -254.13      0.00641  0.0000000    0.0031     0.0521     0.0000     0.0515  16.49347456  -11.4157798   -56.970    -8.198
followjun05        geo-0001:sv1-20050612-U-26-1       53534.160067 05-JUN-13 03:50:29.78      4.649760     9  18.20  18.20  62584.86526  0.0000000    8.5088   330.3739     0.0000   288.9069  -261.38      0.00521  0.0000000    0.0023     0.0438     0.0000     0.0433  17.02417036  -11.2808228   -59.712    -8.047
followjun05        geo-0005:sv1-20050612-U-28-1       53534.189013 05-JUN-13 04:32:10.72      4.649760     9  18.40  18.50  61931.23054  0.0000000    8.0574   339.2918     0.0000   285.9182  -253.01      0.00894  0.0000000    0.0034     0.0819     0.0000     0.0810  17.24548702  -11.0730335   -64.276    -7.747
followjun05        geo-0003:sv1-20050612-U-28-1       53534.190090 05-JUN-13 04:33:43.77      2.583360     5  17.50  17.50  42981.33877  0.0000000    7.6968   317.3645     0.0000   309.6032   -10.46      0.00530  0.0000000    0.0067     0.0601     0.0000     0.0596  17.25015495  -10.4651985   -62.803    -5.923
follow_aiub        geo-0004:sv1-20050612-U-6-1        53533.958833 05-JUN-12 23:00:43.17      3.098880     7  16.60  16.70  56148.95992  0.0000000   13.4512   334.8392     0.0000   271.5814  -179.00      0.02626  0.0000000    0.0025     0.1649     0.0000     0.1603  16.33170863  -18.0402878    -0.080   -13.446
follow_aiub        geo-0002:sv1-20050829-U-10-1       53611.978762 05-AUG-29 23:29:25.03      2.066400     3  18.60  18.70  91110.60515  0.0000000   15.1430   326.6349     0.0000   340.8166  -626.51      0.03780  0.0000000    0.0307     0.0406     0.0000     0.0392  20.30424836   -7.1434193   -22.549    -4.924
follow_aiub        geo-0002:sv1-20050829-U-2-1        53611.885825 05-AUG-29 21:15:35.28      2.583360     6  18.40  18.40  49976.47685  0.0000000    6.3940   347.2488     0.0000   335.3103   -99.99      0.00577  0.0000000    0.0089     0.0364     0.0000     0.0362  21.49388082   -6.3724932    25.624    -2.666
follow_aiub        geo-0005:sv1-20050829-U-21-1       53612.056402 05-AUG-30 01:21:13.13      1.033920     3  16.70  17.00  52724.75102  0.0000000   17.4377   328.3100     0.0000   326.4903  -135.17      0.00618  0.0000000    0.0082     0.0181     0.0000     0.0172  19.24522535  -13.3924527   -62.617    -9.523
followsep05        geo-0005:sv1-20050829-U-24-1       53612.072372 05-AUG-30 01:44:12.94      3.615840     6  16.70  16.90  52850.40826  0.0000000   17.3839   328.4366     0.0000   330.4725  -136.78      0.00656  0.0000000    0.0091     0.0170     0.0000     0.0162  19.40322283  -12.2941461   -64.368    -8.467
followsep05        geo-0004:sv1-20050829-U-24-1       53612.073448 05-AUG-30 01:45:45.90      2.583360     6  15.80  16.10  47176.16709  0.0000000   12.3970    82.6851     0.0000   218.6228   -64.15      0.01071  0.0000000    0.0150     0.0563     0.0000     0.0550  19.40314120  -12.1137513   -64.150    -7.701
follow_aiub        geo-0004:sv1-20050829-U-25-1       53612.078423 05-AUG-30 01:52:55.74      2.066400     5  17.90  18.10  43261.68252  0.0000000   11.4822   340.8794     0.0000   324.0170   -14.04      0.00284  0.0000000    0.0045     0.0164     0.0000     0.0161  19.58384624  -11.3811536   -61.151    -6.717
followsep05        geo-0002:sv1-20050829-U-26-1       53612.083778 05-AUG-30 02:00:38.41      2.583360     6  16.40  16.60  45815.36194  0.0000000   13.1149    86.2572     0.0000   218.4807   -46.73      0.01749  0.0000000    0.0253     0.0896     0.0000     0.0872  19.53045494  -12.4609478   -64.527    -8.117
followsep05        geo-0002:sv1-20050829-U-28-1       53612.104154 05-AUG-30 02:29:58.90      2.066400     5  17.30  17.80  42027.45584  0.0000000   12.8216   349.0313     0.0000    37.9735     1.75      0.00191  0.0000000    0.0031     0.0110     0.0000     0.0107   2.01103736    4.1535626    10.420     7.848
follow_aiub        geo-0002:sv1-20050829-U-30-1       53612.115042 05-AUG-30 02:45:39.62      0.516960     2  16.30  16.50  44262.23175  0.0000000   15.8826   309.1047     0.0000     2.4855   -26.85      0.00000  0.0000000    0.0000     0.0000     0.0000     0.0000  20.21155116   -3.2730804   -68.320     0.680
follow_aiub        geo-0002:sv1-20050829-U-33-1       53612.147260 05-AUG-30 03:32:03.26      0.515520     2  18.20  18.30  43140.73139  0.0000000   13.5155    12.0507     0.0000   309.6600   -12.50      0.00000  0.0000000    0.0000     0.0000     0.0000     0.0000  21.03574749  -15.2011985   -68.942   -10.365
follow_aiub        geo-0003:sv1-20050829-U-34-1       53612.155836 05-AUG-30 03:44:24.23      0.516960     2  16.10  16.10  65777.69132  0.0000000    2.2538   231.0396     0.0000    99.4791  -302.25      0.00000  0.0000000    0.0000     0.0000     0.0000     0.0000  21.46478470   -0.2504277   -64.015     2.223
follow_aiub        geo-0001:sv1-20050829-U-35-1       53612.157954 05-AUG-30 03:47:27.22      1.549440     3  18.00  18.00  64473.64618  0.0000000   14.3126   342.2489     0.0000   348.4608  -285.56      0.16540  0.0000000    0.2086     0.1716     0.0000     0.1677  21.48322631   -5.4914000   -64.247    -2.835
follow_aiub        geo-0005:sv1-20050829-U-35-1       53612.159748 05-AUG-30 03:50:02.22      2.583360     6  17.40  17.50  44072.21069  0.0000000   11.4409   341.2202     0.0000   351.4113   -24.42      0.00227  0.0000000    0.0043     0.0033     0.0000     0.0033  21.47592562   -6.0524640   -63.154    -1.698
followsep05        geo-0002:sv1-20050829-U-38-1       53612.183625 05-AUG-30 04:24:25.20      2.581920     6  17.60  17.60  44257.97647  0.0000000   11.4127   341.2676     0.0000   359.3827   -26.80      0.00299  0.0000000    0.0057     0.0010     0.0000     0.0014  22.19181955   -4.2131178   -63.910    -0.122
follow_aiub        geo-0001:sv1-20050829-U-5-1        53611.935929 05-AUG-29 22:27:44.26      0.516960     2   9.00   9.00  43419.51286  0.0000000    4.3386    73.2401     0.0000   230.1573   -16.06      0.00000  0.0000000    0.0000     0.0000     0.0000     0.0000  20.16342546   -8.2017739   -11.841    -3.330
follow_aiub        geo-0006:sv1-20050829-U-5-1        53611.938799 05-AUG-29 22:31:52.23      1.032480     3   6.00   6.00  38606.95799  0.0000000    2.9461    53.4149     0.0000   249.7094    45.54      3.35720  0.0000000    2.6551   138.7060     0.0000   138.5245  20.15550815   -8.2508621   -13.094    -2.763
followsep05        geo-0002:sv1-20050830-U-10-1       53613.016147 05-AUG-31 00:23:15.10      1.032480     3  16.10  16.20  45280.23397  0.0000000   15.6168     0.1321     0.0000     5.2074   -39.88      0.01700  0.0000000    0.0321     0.0134     0.0000     0.0122   0.39248477   -2.3928053    20.047     1.400
followsep05        geo-0006:sv1-20050830-U-10-1       53613.016864 05-AUG-31 00:24:17.04      2.583360     5  17.60  17.70  47529.29443  0.0000000    4.3289   344.3965     0.0000    20.7858   -68.67      0.01289  0.0000000    0.0215     0.1108     0.0000     0.1103   0.38147337   -2.1758938    19.768     1.535
followsep05        geo-0001:sv1-20050830-U-12-1       53613.027525 05-AUG-31 00:39:38.16      2.066400     4  16.90  17.10  46390.68882  0.0000000   14.0411     7.0561     0.0000     7.6274   -54.10      0.01551  0.0000000    0.0284     0.0177     0.0000     0.0166   1.18093691   -2.0235819    25.250     1.845
followsep05        geo-0001:sv1-20050830-U-14-1       53613.037860 05-AUG-31 00:54:31.10      1.549440     4  17.90  18.10  43812.63076  0.0000000    3.3716   329.6742     0.0000    41.8033   -21.10      0.01606  0.0000000    0.0234     0.3584     0.0000     0.3577   1.04341740   -1.5229479    18.489     2.247
followsep05        geo-0003:sv1-20050830-U-14-1       53613.039654 05-AUG-31 00:57:06.10      2.583360     6  16.80  17.00  42796.82582  0.0000000   19.4932     5.3791     0.0000     6.4093    -8.09      0.00462  0.0000000    0.0093     0.0038     0.0000     0.0034   1.04452267   -2.0638463    17.837     2.135
followsep05        geo-0001:sv1-20050830-U-16-1       53613.049598 05-AUG-31 01:11:25.26      2.066400     5  16.50  16.90  39631.19499  0.0000000    8.7869   229.0930     0.0000   151.1413    32.43      0.02478  0.0000000    0.0475     0.1697     0.0000     0.1681   1.45291777   -0.0758701    23.343     4.228
followsep05        geo-0001:sv1-20050830-U-17-1       53613.056659 05-AUG-31 01:21:35.33      1.549440     4  17.50  17.80  39261.16067  0.0000000    3.0948   306.0202     0.0000    71.7836    37.16      0.02022  0.0000000    0.0140     0.7885     0.0000     0.7873   1.32141531   -1.3802349    18.054     2.940
follow_aiub        geo-0001:sv1-20050830-U-18-1       53613.063083 05-AUG-31 01:30:50.37      2.066400     5  18.40  18.60  52961.48153  0.0000000   19.4797   351.7010     0.0000   316.3130  -138.20      0.00323  0.0000000    0.0037     0.0105     0.0000     0.0099  20.22466519  -17.5335271   -52.347   -13.317
follow_aiub        geo-0005:sv1-20050830-U-18-1       53613.064877 05-AUG-31 01:33:25.37      1.033920     3  12.60  12.80  42000.25246  0.0000000   12.2253    30.6136     0.0000   280.0176     2.10      0.01668  0.0000000    0.0063     0.1569     0.0000     0.1533  20.23057725  -17.4810915   -51.833   -12.036
followsep05        geo-0001:sv1-20050830-U-19-1       53613.068440 05-AUG-31 01:38:33.21      1.033920     3  17.00  17.30  35945.88666  0.0000000    3.4065   291.5497     0.0000    90.7628    79.60      0.02548  0.0000000    0.0037     1.0474     0.0000     1.0455   1.52457214   -1.3456151    18.336     3.406
followsep05        geo-0001:sv1-20050830-U-22-1       53613.084806 05-AUG-31 02:02:07.23      0.516960     2  17.90  18.40  30593.80873  0.0000000    4.4901   277.4910     0.0000   112.1086   148.10      0.00000  0.0000000    0.0000     0.0000     0.0000     0.0000   2.27532518   -1.4259099    19.775     4.159
follow_aiub        geo-0002:sv1-20050830-U-23-1       53613.091203 05-AUG-31 02:11:19.93      3.615840     8  17.40  17.50  52695.71255  0.0000000   19.3747   351.8932     0.0000   323.3939  -134.80      0.00401  0.0000000    0.0051     0.0113     0.0000     0.0107  20.50271846  -15.4904659   -55.323   -11.410
follow_aiub        geo-0002:sv1-20050830-U-24-1       53613.096533 05-AUG-31 02:19:00.45      2.583360     5  16.30  16.60  44168.83268  0.0000000   15.7497   309.0829     0.0000   354.0531   -25.66      0.00000  0.0000000    0.0000     0.0000     0.0000     0.0000  19.47574321   -5.5347988   -70.761    -1.612
follow_aiub        geo-0002:sv1-20050830-U-26-1       53613.107227 05-AUG-31 02:34:24.41      2.583360     4  17.40  17.60  45558.96970  0.0000000   13.0353     5.7847     0.0000   306.6789   -43.45      0.00448  0.0000000    0.0050     0.0294     0.0000     0.0287  20.29242628  -15.1426539   -64.797   -10.422
follow_aiub        geo-0003:sv1-20050830-U-26-1       53613.107586 05-AUG-31 02:34:55.43      2.066400     5  17.40  17.60  39709.28598  0.0000000   14.7019    92.9661     0.0000   222.0092    31.43      0.02948  0.0000000    0.0473     0.1693     0.0000     0.1635  20.29206462  -15.1929218   -64.081    -9.779
follow_aiub        geo-0001:sv1-20050830-U-27-1       53613.114739 05-AUG-31 02:45:13.44      1.032480     3  18.40  18.50  50055.90216  0.0000000    6.5850   344.6519     0.0000   333.8300  -101.01      0.01385  0.0000000    0.0209     0.0896     0.0000     0.0891  20.54372048   -6.4945575   -62.060    -2.899
follow_aiub        geo-0001:sv1-20050830-U-31-1       53613.141116 05-AUG-31 03:23:12.42      2.583360     5  17.70  18.50  43764.70333  0.0000000   10.1045   329.7181     0.0000    79.1072   -20.48      0.00561  0.0000000    0.0021     0.0619     0.0000     0.0609   3.33479483    6.4142446    18.445     9.921
follow_aiub        geo-0003:sv1-20050830-U-31-1       53613.142910 05-AUG-31 03:25:47.42      2.583360     5  18.00  18.80  45238.81911  0.0000000   10.2533   337.1157     0.0000    72.0044   -39.35      0.00426  0.0000000    0.0025     0.0432     0.0000     0.0425   3.33392393    6.3724983    17.987     9.747
follow_aiub        geo-0007:sv1-20050830-U-32-1       53613.146811 05-AUG-31 03:31:24.47      4.649760     6  12.00  12.10  63573.72463  0.0000000    2.2490   239.0063     0.0000    91.7045  -274.04      0.02310  0.0000000    0.0014     0.7677     0.0000     0.7671  21.47342558   -0.2924674   -61.557     2.248
followsep05        geo-0001:sv1-20050830-U-33-1       53613.152493 05-AUG-31 03:39:35.39      0.516960     2  17.70  18.70  43634.21339  0.0000000   10.1123   329.6499     0.0000    83.0552   -18.81      0.00000  0.0000000    0.0000     0.0000     0.0000     0.0000   3.49330372    6.4901220    18.276    10.037
followsep05        geo-0002:sv1-20050830-U-33-1       53613.152493 05-AUG-31 03:39:35.39      0.516960     2  17.70  18.70  46117.21099  0.0000000   13.6319     5.9474     0.0000    47.6596   -50.59      0.00000  0.0000000    0.0000     0.0000     0.0000     0.0000   3.49159707    7.0016732    18.471    10.032
followsep05        geo-0003:sv1-20050830-U-33-1       53613.153570 05-AUG-31 03:41:08.44      2.583360     6  13.70  14.60  41620.78109  0.0000000   10.1310   327.2795     0.0000    84.7100     6.96      0.00127  0.0000000    0.0003     0.0150     0.0000     0.0148   3.47190349    6.4229226    17.197    10.087
followsep05        geo-0002:sv1-20050830-U-34-1       53613.159232 05-AUG-31 03:49:17.64      2.066400     5  18.00  19.00  43472.57779  0.0000000   10.1208   329.3986     0.0000    85.6031   -16.74      0.00330  0.0000000    0.0005     0.0371     0.0000     0.0365   3.58560025    6.5152441    18.180    10.091
followsep05        geo-0005:sv1-20050830-U-34-1       53613.161026 05-AUG-31 03:51:52.64      0.516960     2  13.80  14.80  41555.57842  0.0000000   10.1360   327.2193     0.0000    87.5088     7.79      0.00000  0.0000000    0.0000     0.0000     0.0000     0.0000   3.58317009    6.4442421    17.288    10.126
followsep05        geo-0002:sv1-20050830-U-35-1       53613.164949 05-AUG-31 03:57:31.59      3.615840     5  12.30  12.30  65643.02433  0.0000000    2.3331   220.4035     0.0000   113.6312  -300.53      0.01616  0.0000000    0.0083     0.4591     0.0000     0.4587  22.00420691   -0.3050566   -64.764     2.137
followsep05        geo-0001:sv1-20050830-U-37-1       53613.175600 05-AUG-31 04:12:51.84      2.066400     5  17.50  18.70  43200.94419  0.0000000   10.1435   329.4955     0.0000    91.1454   -13.27      0.00240  0.0000000    0.0002     0.0272     0.0000     0.0267   4.21537453    6.5401675    17.998    10.141
followsep05        geo-0002:sv1-20050830-U-37-1       53613.176318 05-AUG-31 04:13:53.87      2.066400     5  13.70  14.90  41423.80094  0.0000000   10.1476   327.2908     0.0000    93.0772     9.48      0.00179  0.0000000    0.0003     0.0212     0.0000     0.0209   4.21367910    6.4415148    17.497    10.133
followsep05        geo-0001:sv1-20050830-U-41-1       53613.196955 05-AUG-31 04:43:36.91      2.583360     6  13.80  15.20  41251.94887  0.0000000   10.1651   327.2125     0.0000   100.8062    11.68      0.00185  0.0000000    0.0008     0.0216     0.0000     0.0213   4.52558601    6.3251922    17.817     9.983
followsep05        geo-0001:sv1-20050831-U-12-1       53614.002954 05-SEP-01 00:04:15.22      0.516960     2  18.40  18.50  45316.78658  0.0000000   11.9614   182.5958     0.0000   184.2855   -40.35      0.00000  0.0000000    0.0000     0.0000     0.0000     0.0000   0.48044589   -5.0737917    25.464    -0.887
followsep05        geo-0001:sv1-20050831-U-16-1       53614.039345 05-SEP-01 00:56:39.40      2.583360     6  12.30  12.50  42282.45278  0.0000000    6.2350     2.7657     0.0000     5.1108    -1.51      0.00336  0.0000000    0.0068     0.0070     0.0000     0.0068   0.48335261   -3.5726587    13.386     0.554
follow_aiub        geo-0001:sv1-20050831-U-23-1       53614.084961 05-SEP-01 02:02:20.63      0.516960     2  16.00  16.10  66443.52530  0.0000000    6.5282   196.2034     0.0000   172.3245  -310.77      0.00000  0.0000000    0.0000     0.0000     0.0000     0.0000   0.39300858   -1.5223419    -2.350     0.870
follow_aiub        geo-0005:sv1-20050831-U-23-1       53614.085320 05-SEP-01 02:02:51.64      1.033920     3  17.40  17.60  46762.73814  0.0000000    3.8404   338.1764     0.0000    29.7778   -58.86      0.01368  0.0000000    0.0216     0.1858     0.0000     0.1853   0.38504793   -2.0033783    -3.158     1.906
follow_aiub        geo-0005:sv1-20050831-U-25-1       53614.097453 05-SEP-01 02:20:19.93      3.617280     7  16.60  16.80  52748.60299  0.0000000   17.2695   328.5593     0.0000   335.8113  -135.48      0.00414  0.0000000    0.0060     0.0090     0.0000     0.0086  20.00173889  -10.5005972   -70.094    -6.987
follow_aiub        geo-0001:sv1-20050831-U-26-1       53614.102403 05-SEP-01 02:27:27.61      4.132800     9  16.30  16.40  65680.02619  0.0000000    4.8749   300.7769     0.0000    24.0743  -301.00      0.01252  0.0000000    0.0143     0.0761     0.0000     0.0759  21.26445277   -0.4052227   -52.450     1.987
follow_aiub        geo-0001:sv1-20050831-U-31-1       53614.131210 05-SEP-01 03:08:56.54      3.617280     8  16.50  16.70  52536.26681  0.0000000   17.2055   328.5824     0.0000   344.5524  -132.76      0.00429  0.0000000    0.0066     0.0061     0.0000     0.0059  20.33163950   -8.1209525   -73.828    -4.519
follow_aiub        geo-0002:sv1-20050831-U-31-1       53614.131927 05-SEP-01 03:09:58.49      2.583360     5  17.40  17.50  61401.37741  0.0000000   11.1687   337.6210     0.0000   334.9889  -246.23      0.01571  0.0000000    0.0194     0.0465     0.0000     0.0457  20.33195238   -7.4937777   -74.855    -4.697
follow_aiub        geo-0001:sv1-20050831-U-32-1       53614.139617 05-SEP-01 03:21:02.90      2.583360     6  16.30  16.50  44123.21981  0.0000000   15.7786   309.0464     0.0000     6.3882   -25.07      0.00000  0.0000000    0.0000     0.0000     0.0000     0.0000  20.34071595   -2.1816858   -75.462     1.734
follow_aiub        geo-0002:sv1-20050831-U-33-1       53614.145281 05-SEP-01 03:29:12.27      2.583360     6  18.50  18.80  42177.65197  0.0000000   13.6479    11.6382     0.0000     8.7435    -0.17      0.00216  0.0000000    0.0044     0.0031     0.0000     0.0030   1.23016846   -2.2013479   -12.564     2.056
follow_aiub        geo-0001:sv1-20050831-U-35-1       53614.155700 05-SEP-01 03:44:12.48      1.033920     3  18.40  18.40  43909.15289  0.0000000   11.4727   341.1160     0.0000   346.3832   -22.33      0.00834  0.0000000    0.0157     0.0192     0.0000     0.0190  21.25582627   -7.0545373   -68.702    -2.684
follow_aiub        geo-0001:sv1-20050901-U-17-1       53615.035927 05-SEP-02 00:51:44.09      2.066400     4  11.20  11.30  40168.17350  0.0000000    7.5879   352.9113     0.0000   322.7616    25.55      0.00158  0.0000000    0.0027     0.0155     0.0000     0.0154  20.49585346  -10.0607412   -38.297    -4.583
followsep05        geo-0002:sv1-20050901-U-24-1       53615.089401 05-SEP-02 02:08:44.24      0.515520     2  17.40  17.50  33306.80042  0.0000000   15.3232   182.9063     0.0000   183.5948   113.38      0.00000  0.0000000    0.0000     0.0000     0.0000     0.0000   0.33064016   -7.1748001    -7.142    -0.949
follow_aiub        geo-0003:sv1-20050901-U-25-1       53615.096183 05-SEP-02 02:18:30.21      0.516960     2  18.60  18.80  52633.44215  0.0000000   19.3823   351.8081     0.0000   322.0514  -134.00      0.00000  0.0000000    0.0000     0.0000     0.0000     0.0000  20.43050296  -16.0547581   -60.496   -11.776
follow_aiub        geo-0002:sv1-20050901-U-29-1       53615.117849 05-SEP-02 02:49:42.15      1.033920     3  16.30  17.00  42574.16922  0.0000000   13.2491   356.7332     0.0000    46.2175    -5.24      0.00366  0.0000000    0.0051     0.0236     0.0000     0.0229   3.08257346    6.0848121    18.393     9.524
follow_aiub        geo-0003:sv1-20050901-U-29-1       53615.119284 05-SEP-02 02:51:46.13      1.549440     4  18.20  18.90  40606.48742  0.0000000   10.7238   333.0932     0.0000    68.9722    19.94      0.00941  0.0000000    0.0072     0.1013     0.0000     0.0995   3.07150166    6.3043908    17.422    10.002
follow_aiub        geo-0004:sv1-20050901-U-29-1       53615.119643 05-SEP-02 02:52:17.15      2.066400     5  15.00  15.60  39546.91589  0.0000000   11.7811   341.0503     0.0000    61.0900    33.51      0.00303  0.0000000    0.0032     0.0288     0.0000     0.0282   3.07212506    6.4431522    17.188    10.296
follow_aiub        geo-0002:sv1-20050901-U-3-1        53614.884007 05-SEP-01 21:12:58.20      2.066400     5  17.80  18.60  59589.82263  0.0000000    7.9690   298.4881     0.0000   330.3540  -223.04      0.00932  0.0000000    0.0112     0.0456     0.0000     0.0452  17.50395413   -7.2856548   -30.291    -3.932
follow_aiub        geo-0003:sv1-20050901-U-3-1        53614.885084 05-SEP-01 21:14:31.25      2.583360     6  12.40  13.20  61344.07450  0.0000000    3.8641   346.3336     0.0000   282.4046  -245.50      0.00868  0.0000000    0.0026     0.1674     0.0000     0.1670  17.49182495   -7.1148385   -30.995    -3.774
follow_aiub        geo-0002:sv1-20050901-U-30-1       53615.123913 05-SEP-02 02:58:26.08      3.100320     7  18.00  18.00  48208.50613  0.0000000   12.8301     7.6249     0.0000   346.7042   -77.36      0.00250  0.0000000    0.0043     0.0045     0.0000     0.0044  23.30553373   -7.1722615   -31.325    -2.927
follow_aiub        geo-0005:sv1-20050901-U-30-1       53615.126066 05-SEP-02 03:01:32.10      0.516960     2  19.50  19.60  59828.26528  0.0000000    6.1431   136.9558     0.0000   217.6272  -226.10      0.00000  0.0000000    0.0000     0.0000     0.0000     0.0000  23.31151801   -7.1514024   -32.328    -3.746
follow_aiub        geo-0001:sv1-20050901-U-35-1       53615.159651 05-SEP-02 03:49:53.84      1.550880     4  18.10  18.20  43913.21352  0.0000000   11.3823   341.2188     0.0000   345.7255   -22.38      0.01155  0.0000000    0.0217     0.0278     0.0000     0.0276  21.22578653   -7.0951016   -71.661    -2.789
follow_aiub        geo-0004:sv1-20050901-U-37-1       53615.170211 05-SEP-02 04:05:06.23      3.100320     6  17.50  17.50  48016.93217  0.0000000   12.6458     7.6356     0.0000     0.3991   -74.91      0.00216  0.0000000    0.0038     0.0007     0.0000     0.0008   0.22440639   -3.5534934   -34.662     0.087
follow_aiub        geo-0001:sv1-20050901-U-38-1       53615.175558 05-SEP-02 04:12:48.21      1.033920     3  12.20  12.30  44560.73730  0.0000000    7.5141   355.8206     0.0000     9.6370   -30.67      0.02202  0.0000000    0.0416     0.0566     0.0000     0.0566   0.08544245   -2.5646601   -39.241     1.254
followsep05        geo-0003:sv1-20050901-U-40-1       53615.195926 05-SEP-02 04:42:08.00      0.516960     2  11.90  12.00  45086.82460  0.0000000    7.6031   356.2649     0.0000    15.8666   -37.41      0.00000  0.0000000    0.0000     0.0000     0.0000     0.0000   0.35113359   -1.5808143   -39.971     2.073
followsep05        geo-0002:sv1-20050902-U-13-1       53615.995651 05-SEP-02 23:53:44.24      2.583360     5  11.30  11.40  45385.45808  0.0000000    8.6334    25.9102     0.0000   340.2706   -41.23      0.00596  0.0000000    0.0106     0.0251     0.0000     0.0248   0.46335187   -7.1842306    25.728    -2.905
followsep05        geo-0002:sv1-20050902-U-15-1       53616.020951 05-SEP-03 00:30:10.16      2.066400     5  16.00  16.10  68068.18110  0.0000000    4.5405   127.8194     0.0000   240.7966  -331.57      0.00506  0.0000000    0.0029     0.0669     0.0000     0.0667   0.45548439   -6.5554289    18.747    -3.962
followsep05        geo-0002:sv1-20050902-U-18-1       53616.044434 05-SEP-03 01:03:59.09      4.132800     9  16.40  16.60  68544.28550  0.0000000    5.1493   138.7340     0.0000   234.0451  -337.66      0.00587  0.0000000    0.0041     0.0630     0.0000     0.0627   1.01064291   -7.0915944    14.400    -4.166
follow_aiub        geo-0001:sv1-20050902-U-19-1       53616.049822 05-SEP-03 01:11:44.62      0.516960     2  13.80  14.30  28319.91794  0.0000000   12.0304   330.1751     0.0000   325.9902   177.21      0.00000  0.0000000    0.0000     0.0000     0.0000     0.0000  19.08376919  -14.2142495   -63.461    -6.695
follow_aiub        geo-0002:sv1-20050902-U-19-1       53616.050540 05-SEP-03 01:12:46.65      3.100320     7  17.10  17.50  52203.43570  0.0000000   17.4229   328.1488     0.0000   323.0165  -128.50      0.00529  0.0000000    0.0068     0.0170     0.0000     0.0162  19.08473610  -14.2847474   -68.024   -10.377
follow_aiub        geo-0001:sv1-20050902-U-21-1       53616.062214 05-SEP-03 01:29:35.28      0.515520     2  17.20  18.10  46580.77232  0.0000000   11.7840   355.3832     0.0000    55.8996   -56.53      0.00000  0.0000000    0.0000     0.0000     0.0000     0.0000   3.49091705    6.2233732    46.027     9.736
followsep05        geo-0001:sv1-20050902-U-22-1       53616.077688 05-SEP-03 01:51:52.24      4.649760    10  15.90  16.10  66981.18270  0.0000000    6.0423   151.1485     0.0000   227.4869  -317.65      0.01110  0.0000000    0.0091     0.0946     0.0000     0.0941   1.22396791   -7.3409350     8.203    -4.450
followsep05        geo-0002:sv1-20050902-U-22-1       53616.078406 05-SEP-03 01:52:54.27      1.032480     3  17.90  18.20  41792.66378  0.0000000   10.7060    29.2320     0.0000   347.7629     4.76      0.07246  0.0000000    0.1464     0.1755     0.0000     0.1713   1.22414530   -7.1341988     6.669    -2.257
followsep05        geo-0001:sv1-20050902-U-25-1       53616.101967 05-SEP-03 02:26:49.94      4.132800     9  16.00  16.20  64272.44547  0.0000000    6.7348   159.2184     0.0000   223.8603  -282.98      0.01514  0.0000000    0.0138     0.1138     0.0000     0.1131   1.39102423   -7.5741914     3.843    -4.661
followsep05        geo-0001:sv1-20050902-U-27-1       53616.120855 05-SEP-03 02:54:01.87      4.132800     9  15.70  16.00  61195.58976  0.0000000    7.3123   165.3879     0.0000   221.3670  -243.60      0.01989  0.0000000    0.0199     0.1389     0.0000     0.1378   1.52578989   -8.2009426     0.667    -4.825
followsep05        geo-0002:sv1-20050902-U-29-1       53616.139742 05-SEP-03 03:21:13.70      3.615840     8  15.70  16.10  57307.83177  0.0000000    7.9464   171.7369     0.0000   219.0057  -193.83      0.02227  0.0000000    0.0248     0.1467     0.0000     0.1453   2.08054157   -8.4732581    -2.202    -4.992
follow_aiub        geo-0001:sv1-20050902-U-31-1       53616.158275 05-SEP-03 03:47:54.96      3.100320     6  16.50  16.60  51188.03265  0.0000000    6.2943   347.4816     0.0000     7.3086  -115.50      0.00515  0.0000000    0.0084     0.0106     0.0000     0.0107  23.25537299   -2.4956714   -44.617     0.799
follow_aiub        geo-0001:sv1-20050902-U-5-1        53615.923416 05-SEP-02 22:09:43.14      0.516960     2  16.40  16.40  34771.36166  0.0000000    4.5427   286.0798     0.0000    59.7200    94.63      0.00000  0.0000000    0.0000     0.0000     0.0000     0.0000  23.33325262   -1.0909222    31.138     3.922
follow_aiub        geo-0003:sv1-20050902-U-7-1        53615.937284 05-SEP-02 22:29:41.33      2.583360     6  16.70  16.80  46539.86789  0.0000000   11.5983   341.4998     0.0000    10.3459   -56.00      0.00682  0.0000000    0.0123     0.0121     0.0000     0.0117  23.49046401   -1.4554012    32.049     2.069
follow_aiub        geo-0001:sv1-20050902-U-9-1        53615.948337 05-SEP-02 22:45:36.31      1.549440     4  18.30  18.60  42166.25004  0.0000000   10.8261   334.9010     0.0000   324.3785    -0.02      0.00574  0.0000000    0.0095     0.0362     0.0000     0.0355  19.54352508  -11.5020953   -23.814    -6.281
follow_aiub        geo-0001:sv1-20050903-U-10-1       53616.976877 05-SEP-03 23:26:42.17      3.100320     7  16.10  16.30  67212.13461  0.0000000    5.2940   144.7525     0.0000   231.3905  -320.61      0.01239  0.0000000    0.0095     0.1303     0.0000     0.1298   1.21047510   -6.5814321    41.156    -4.135
follow_aiub        geo-0002:sv1-20050903-U-12-1       53616.989704 05-SEP-03 23:45:10.42      1.549440     4  17.60  17.80  36236.75452  0.0000000    4.2267   327.5775     0.0000    44.8462    75.88      0.01350  0.0000000    0.0229     0.3127     0.0000     0.3116   1.19180558   -1.5725861    32.847     2.979
follow_aiub        geo-0002:sv1-20050903-U-13-1       53616.994995 05-SEP-03 23:52:47.56      4.132800     9  15.70  16.00  65920.43032  0.0000000    5.7203   150.9034     0.0000   228.4700  -304.08      0.01105  0.0000000    0.0092     0.1050     0.0000     0.1045   1.33402768   -7.1236661    37.823    -4.279
follow_aiub        geo-0023:sv1-20050903-U-15-1       53617.015365 05-SEP-04 00:22:07.53      0.516960     2   8.70  17.90  48377.78865  0.0000000   12.9052     7.8534     0.0000   350.4302   -79.53      0.00000  0.0000000    0.0000     0.0000     0.0000     0.0000   0.07162640   -6.1855938     9.760    -2.128
follow_aiub        geo-0001:sv1-20050903-U-4-1        53616.914087 05-SEP-03 21:56:17.11      1.549440     4  15.40  15.60  41971.50694  0.0000000   13.7190     6.0981     0.0000   301.0181     2.47      0.00398  0.0000000    0.0042     0.0292     0.0000     0.0284  20.39042979  -17.5645088    -4.348   -11.727
follow_aiub        geo-0003:sv1-20050903-U-4-1        53616.915164 05-SEP-03 21:57:50.16      2.583360     5  17.10  17.30  47155.35993  0.0000000   14.6980     6.2548     0.0000   300.7651   -63.88      0.00775  0.0000000    0.0072     0.0466     0.0000     0.0451  20.37589098  -18.0853769    -4.726   -12.593
follow_aiub        geo-0006:sv1-20050903-U-4-1        53616.916599 05-SEP-03 21:59:54.15      1.549440     4  17.00  17.20  43995.51544  0.0000000   15.7892   359.2484     0.0000   307.7132   -23.44      0.00209  0.0000000    0.0025     0.0117     0.0000     0.0113  20.38590112  -18.2454831    -5.075   -12.430
follow_aiub        geo-0005:sv1-20050903-U-7-1        53616.955823 05-SEP-03 22:56:23.10      2.066400     5  15.60  15.70  42075.03871  0.0000000   10.7055    39.6786     0.0000   326.3897     1.15      0.00474  0.0000000    0.0080     0.0286     0.0000     0.0280   0.53327387  -10.3914059    39.263    -5.902
follow_aiub        geo-0003:sv1-20050904-U-10-1       53617.959110 05-SEP-04 23:01:07.10      2.583360     5  17.90  18.00  48250.47338  0.0000000   12.7665     7.9407     0.0000   351.6948   -77.90      0.00967  0.0000000    0.0169     0.0116     0.0000     0.0110   0.20308427   -5.4918425    30.398    -1.829
followsep05        geo-0001:sv1-20050904-U-15-1       53618.003859 05-SEP-05 00:05:33.41      2.066400     5  12.90  13.10  39547.84216  0.0000000    6.6968    61.7413     0.0000   305.6102    33.49      0.00555  0.0000000    0.0071     0.0841     0.0000     0.0835   0.53014060  -10.5241678    21.944    -5.440
follow_aiub        geo-0003:sv1-20050904-U-16-1       53618.012054 05-SEP-05 00:17:21.46      0.516960     2  15.90  16.30  67507.80910  0.0000000    3.8322   207.5212     0.0000   184.9928  -324.39      0.00000  0.0000000    0.0000     0.0000     0.0000     0.0000   2.27185148   -2.5942308    43.951    -0.333
follow_aiub        geo-0001:sv1-20050904-U-19-1       53618.038359 05-SEP-05 00:55:14.21      1.549440     4  18.40  18.60  49375.31530  0.0000000    6.9599   342.6768     0.0000   328.8508   -92.30      0.00650  0.0000000    0.0095     0.0472     0.0000     0.0469  20.32281302   -7.4825365   -46.333    -3.594
follow_aiub        geo-0004:sv1-20050904-U-21-1       53618.060408 05-SEP-05 01:26:59.25      0.516960     2  10.60  10.70  42198.75730  0.0000000    1.8550   327.8509     0.0000    42.0272    -0.44      0.00000  0.0000000    0.0000     0.0000     0.0000     0.0000   0.51377544   -3.1405210     3.856     1.242
follow_aiub        geo-0002:sv1-20050904-U-22-1       53618.065037 05-SEP-05 01:33:39.19      0.516960     2  13.00  13.00  41338.57173  0.0000000    7.5504   354.0707     0.0000   335.3679    10.57      0.00000  0.0000000    0.0000     0.0000     0.0000     0.0000  21.45259405   -8.1807460   -38.051    -3.139
follow_aiub        geo-0001:sv1-20050904-U-24-1       53618.074954 05-SEP-05 01:47:56.02      0.515520     2  13.50  13.60  32751.39914  0.0000000   17.1771   143.1829     0.0000   181.4791   120.49      0.00000  0.0000000    0.0000     0.0000     0.0000     0.0000  21.15176126   -6.3718585   -46.662    -0.437
follow_aiub        geo-0002:sv1-20050904-U-24-1       53618.076031 05-SEP-05 01:49:29.07      3.100320     6  18.80  18.90  50072.94307  0.0000000    6.4219   345.4947     0.0000   336.5843  -101.23      0.00715  0.0000000    0.0110     0.0424     0.0000     0.0421  21.13256471   -6.3414926   -49.436    -2.548
follow_aiub        geo-0001:sv1-20050904-U-26-1       53618.088426 05-SEP-05 02:07:20.00      1.033920     3  17.70  18.00  45904.37422  0.0000000   18.8246   351.5258     0.0000   317.4388   -47.87      0.00421  0.0000000    0.0057     0.0162     0.0000     0.0153  20.18320232  -17.2924559   -65.592   -12.606
followsep05        geo-0003:sv1-20050904-U-27-1       53618.096645 05-SEP-05 02:19:10.12      1.032480     3  12.70  12.90  43473.37513  0.0000000    6.1116     3.7776     0.0000    16.3672   -16.75      0.00289  0.0000000    0.0055     0.0155     0.0000     0.0154   1.30253786   -2.3308867     0.969     1.719
followsep05        geo-0002:sv1-20050904-U-5-1        53617.924456 05-SEP-04 22:11:12.99      0.516960     2  16.70  16.70  35596.23218  0.0000000   14.3215     4.4140     0.0000   324.6280    84.07      0.00000  0.0000000    0.0000     0.0000     0.0000     0.0000  22.20265557  -14.5341760    12.961    -8.233
follow_aiub        geo-0007:sv1-20050904-U-6-1        53617.933704 05-SEP-04 22:24:32.02      0.516960     2  18.60  19.70  48351.31228  0.0000000   17.4765   326.6066     0.0000   291.4547   -79.19      0.00000  0.0000000    0.0000     0.0000     0.0000     0.0000  16.54414221  -21.1126387   -61.270   -16.231
follow_aiub        geo-0001:sv1-20050905-U-1-1        53618.855488 05-SEP-05 20:31:54.16      2.066400     5  11.80  14.00  42073.43342  0.0000000   14.2166   348.9576     0.0000   242.4064     1.17      0.00270  0.0000000    0.0025     0.0197     0.0000     0.0191  14.57431705  -18.0157144   -62.393   -12.571
followsep05        geo-0001:sv1-20050905-U-10-1       53618.962769 05-SEP-05 23:06:23.24      2.066400     5  18.00  18.00  44370.61490  0.0000000   12.5907    21.9166     0.0000   305.1775   -28.24      0.03098  0.0000000    0.0345     0.2218     0.0000     0.2164  21.58215911  -15.5637007    -3.993   -10.263
followsep05        geo-0003:sv1-20050905-U-10-1       53618.964204 05-SEP-05 23:08:27.22      2.583360     6  12.70  12.80  41838.95651  0.0000000   13.2081    15.6152     0.0000   311.2491     4.17      0.00144  0.0000000    0.0020     0.0097     0.0000     0.0094  21.57579530  -15.5510675    -4.637    -9.892
follow_aiub        geo-0001:sv1-20050905-U-12-1       53618.974540 05-SEP-05 23:23:20.25      2.583360     6  18.00  18.00  42687.24786  0.0000000    8.8559    58.4348     0.0000   273.5169    -6.69      0.01398  0.0000000    0.0027     0.1812     0.0000     0.1791  22.15370938  -14.3607288    -4.001    -8.839
followsep05        geo-0002:sv1-20050905-U-13-1       53618.980246 05-SEP-05 23:31:33.25      2.066400     5  17.50  17.60  42050.61115  0.0000000   12.4668    22.5244     0.0000   332.2903     1.46      0.00292  0.0000000    0.0053     0.0128     0.0000     0.0125   0.00468977  -10.5746214    17.319    -5.761
followsep05        geo-0002:sv1-20050905-U-18-1       53619.013657 05-SEP-06 00:19:39.96      2.583360     6  17.60  17.80  41956.73481  0.0000000   12.4744    22.4256     0.0000   344.5101     2.66      0.00167  0.0000000    0.0033     0.0043     0.0000     0.0041   0.48198489   -8.1556692    17.168    -3.307
followsep05        geo-0003:sv1-20050905-U-23-1       53619.058532 05-SEP-06 01:24:17.16      2.583360     6  13.20  13.20  41848.51926  0.0000000   13.2405    15.5288     0.0000   345.7692     4.04      0.00171  0.0000000    0.0034     0.0038     0.0000     0.0037   0.13590308   -8.2401522    -4.654    -3.228
follow_aiub        geo-0001:sv1-20050905-U-28-1       53619.088751 05-SEP-06 02:07:48.08      2.066400     5  16.20  17.20  39958.72557  0.0000000   13.1054     4.6043     0.0000    53.6221    28.23      0.00098  0.0000000    0.0013     0.0076     0.0000     0.0074   4.19384400    6.4204737    40.277    10.519
follow_aiub        geo-0002:sv1-20050905-U-28-1       53619.089470 05-SEP-06 02:08:50.20      2.066400     4  17.00  18.00  43137.92750  0.0000000   12.3480     5.0983     0.0000    53.7267   -12.46      0.00379  0.0000000    0.0045     0.0288     0.0000     0.0281   4.20051907    6.2157883    40.700     9.928
followsep05        geo-0001:sv1-20050905-U-29-1       53619.093337 05-SEP-06 02:14:24.31      0.516960     2  11.90  12.00  42190.58642  0.0000000    0.0911   156.5117     0.0000   218.2990    -0.33      0.00000  0.0000000    0.0000     0.0000     0.0000     0.0000   1.06509392   -4.4428166    -4.069    -0.056
followsep05        geo-0002:sv1-20050905-U-29-1       53619.093337 05-SEP-06 02:14:24.31      0.516960     2  11.20  11.30  42191.05764  0.0000000    0.0782   160.5558     0.0000   214.2233    -0.34      0.00000  0.0000000    0.0000     0.0000     0.0000     0.0000   1.06422160   -4.4337112    -4.100    -0.044
followsep05        geo-0003:sv1-20050905-U-29-1       53619.094414 05-SEP-06 02:15:57.36      1.549440     4  12.70  12.90  41868.31566  0.0000000   13.2178    15.5539     0.0000   358.8377     3.79      0.00313  0.0000000    0.0065     0.0017     0.0000     0.0016   1.04538259   -5.0126971    -4.846    -0.266
followsep05        geo-0004:sv1-20050905-U-33-1       53619.139758 05-SEP-06 03:21:15.09      1.549440     4  18.60  18.70  36328.98661  0.0000000   17.4023   171.5243     0.0000   198.3223    74.69      0.03647  0.0000000    0.0841     0.0963     0.0000     0.0920   0.28568554  -11.4954375   -26.576    -5.395
followsep05        geo-0002:sv1-20050905-U-4-1        53618.908800 05-SEP-05 21:48:40.32      2.583360     6  17.50  17.50  42186.75431  0.0000000   12.5014    22.5688     0.0000   306.4276    -0.28      0.00223  0.0000000    0.0027     0.0167     0.0000     0.0163  22.18056075  -15.3741065    17.391   -10.030
followsep05        geo-0001:sv1-20050905-U-40-1       53619.211759 05-SEP-06 05:04:55.97      0.516960     2  18.90  19.00  81426.37429  0.0000000   10.5611   126.4976     0.0000   240.5768  -502.55      0.00000  0.0000000    0.0000     0.0000     0.0000     0.0000   0.16053157  -11.5300130   -54.974    -9.186
followsep05        geo-0003:sv1-20050905-U-40-1       53619.214270 05-SEP-06 05:08:32.92      0.516960     2  17.80  17.80  49846.87539  0.0000000    8.0592    72.1180     0.0000   295.4910   -98.33      0.00000  0.0000000    0.0000     0.0000     0.0000     0.0000   0.13413559  -11.3912735   -54.704    -7.270
follow_aiub        geo-0003:sv1-20050905-U-5-1        53618.914242 05-SEP-05 21:56:30.50      2.066400     5  15.00  16.80  41957.58766  0.0000000    4.3006    80.3435     0.0000   163.4013     2.65      0.00232  0.0000000    0.0046     0.0182     0.0000     0.0181  15.48200763   -3.0600779   -70.440     1.227
follow_aiub        geo-0001:sv1-20050905-U-6-1        53618.919336 05-SEP-05 22:03:50.63      0.516960     2  18.70  18.80  46340.91693  0.0000000   14.2592   348.2787     0.0000     2.1095   -53.46      0.00000  0.0000000    0.0000     0.0000     0.0000     0.0000  23.44335711   -3.2624913    34.256     0.519
follow_aiub        geo-0001:sv1-20050905-U-8-1        53618.942504 05-SEP-05 22:37:12.34      2.583360     6  17.70  17.90  42900.14164  0.0000000   14.6464   353.7997     0.0000    10.4167    -9.42      0.04376  0.0000000    0.0866     0.0693     0.0000     0.0651   0.42193777   -1.2946695    39.454     2.620
follow_aiub        geo-0003:sv1-20050905-U-8-1        53618.943580 05-SEP-05 22:38:45.31      3.615840     7  16.70  16.80  76316.15158  0.0000000    2.8914   204.8732     0.0000   161.8835  -437.14      0.00764  0.0000000    0.0079     0.0508     0.0000     0.0508   0.42042824   -1.2431132    41.959     0.899
follow_aiub        geo-0003:sv1-20050906-U-10-1       53619.974145 05-SEP-06 23:22:46.12      2.583360     6  17.50  17.50  42033.74444  0.0000000   12.5033    22.4151     0.0000   334.9288     1.67      0.00541  0.0000000    0.0101     0.0216     0.0000     0.0210   0.12261929  -10.2108421    21.029    -5.264
followsep05        geo-0004:sv1-20050906-U-12-1       53619.985870 05-SEP-06 23:39:39.16      2.583360     6  15.60  15.60  42508.92469  0.0000000   14.3904     2.5097     0.0000   353.0218    -4.41      0.00389  0.0000000    0.0078     0.0042     0.0000     0.0039   0.00420452   -6.2823213    14.677    -1.730
follow_aiub        geo-0002:sv1-20050906-U-13-1       53619.991576 05-SEP-06 23:47:52.16      3.100320     7  16.50  16.50  76726.65655  0.0000000    2.7313   205.4619     0.0000   154.0388  -442.40      0.00648  0.0000000    0.0061     0.0623     0.0000     0.0623   0.07504008   -1.0658055    16.396     1.195
follow_aiub        geo-0001:sv1-20050906-U-15-1       53620.002211 05-SEP-07 00:03:11.03      0.516960     2  17.30  17.40  41956.09468  0.0000000   12.5044    22.3738     0.0000   345.1554     2.67      0.00000  0.0000000    0.0000     0.0000     0.0000     0.0000   0.52212584   -8.0427194    20.896    -3.180
follow_aiub        geo-0001:sv1-20050906-U-17-1       53620.021146 05-SEP-07 00:30:27.01      2.583360     6  15.30  15.50  42928.59269  0.0000000   13.6128     6.7571     0.0000    12.3607    -9.78      0.00669  0.0000000    0.0131     0.0131     0.0000     0.0125   1.37098581   -1.1427597    24.976     2.888
followsep05        geo-0001:sv1-20050906-U-18-1       53620.026493 05-SEP-07 00:38:08.99      1.549440     4  15.60  15.80  42362.72816  0.0000000   14.3605     2.4174     0.0000     7.6226    -2.54      0.00104  0.0000000    0.0021     0.0013     0.0000     0.0012   0.56420566   -2.2707160    14.069     1.885
follow_aiub        geo-0001:sv1-20050906-U-19-1       53620.030406 05-SEP-07 00:43:47.07      1.033920     3  16.30  16.30  66796.79071  0.0000000    6.3795   180.0592     0.0000   178.7237  -315.29      0.01899  0.0000000    0.0231     0.0080     0.0000     0.0084   0.01430729   -2.3837381     1.643     0.142
follow_aiub        geo-0002:sv1-20050906-U-19-1       53620.030764 05-SEP-07 00:44:18.00      3.617280     7  17.50  17.60  51045.69339  0.0000000    6.4094   348.1435     0.0000     9.7356  -113.68      0.00543  0.0000000    0.0088     0.0145     0.0000     0.0143  23.59349142   -2.3326116     0.542     1.082
followsep05        geo-0002:sv1-20050906-U-20-1       53620.039284 05-SEP-07 00:56:34.13      1.549440     4  18.30  18.50  42148.98808  0.0000000   14.8396   358.0834     0.0000    17.8744     0.20      0.00704  0.0000000    0.0138     0.0179     0.0000     0.0172   1.19422194    0.2827494    15.045     4.509
follow_aiub        geo-0001:sv1-20050906-U-21-1       53620.054701 05-SEP-07 01:18:46.16      0.516960     2  17.90  18.10  43019.19237  0.0000000   10.5198   332.6884     0.0000    44.6493   -10.94      0.00000  0.0000000    0.0000     0.0000     0.0000     0.0000   1.23111539    3.4839409    10.934     7.372
follow_aiub        geo-0003:sv1-20050906-U-21-1       53620.057212 05-SEP-07 01:22:23.11      0.516960     2  17.40  17.60  41747.29138  0.0000000   10.7790   334.5864     0.0000    42.7037     5.34      0.00000  0.0000000    0.0000     0.0000     0.0000     0.0000   1.22558947    3.3542643     9.958     7.287
followsep05        geo-0002:sv1-20050906-U-22-1       53620.060407 05-SEP-07 01:26:59.16      2.583360     5  15.70  15.90  42251.44390  0.0000000   14.3893     2.3786     0.0000    19.8307    -1.11      0.00301  0.0000000    0.0058     0.0087     0.0000     0.0084   1.43556067    0.5120648    13.656     4.836
follow_aiub        geo-0002:sv1-20050906-U-26-1       53620.103242 05-SEP-07 02:28:40.10      4.132800     9  16.00  16.10  64811.63186  0.0000000    4.8365   298.9712     0.0000    26.9708  -289.88      0.01358  0.0000000    0.0154     0.0941     0.0000     0.0938  21.29289012   -0.2948990   -57.581     2.191
followsep05        geo-0002:sv1-20050906-U-28-1       53620.123564 05-SEP-07 02:57:55.92      1.550880     4  14.60  14.70  33677.38041  0.0000000    9.8610   152.6231     0.0000   214.8129   108.64      0.01993  0.0000000    0.0433     0.1783     0.0000     0.1757   0.22242225  -12.4153839   -23.739    -5.611
follow_aiub        geo-0002:sv1-20050906-U-3-1        53619.885709 05-SEP-06 21:15:25.25      3.100320     7  18.40  18.50  49461.30811  0.0000000    7.1915   342.7219     0.0000   327.4113   -93.40      0.00224  0.0000000    0.0032     0.0163     0.0000     0.0161  20.52165680   -8.1000761     5.424    -3.866
follow_aiub        geo-0001:sv1-20050906-U-30-1       53620.145277 05-SEP-07 03:29:11.93      4.132800     9  16.90  17.00  67973.49135  0.0000000    3.4550   286.4062     0.0000    46.9723  -330.36      0.00511  0.0000000    0.0042     0.0758     0.0000     0.0756  21.58145839   -0.0031348   -65.288     2.525
follow_aiub        geo-0001:sv1-20050906-U-32-1       53620.157002 05-SEP-07 03:46:04.97      5.166720    10  15.70  15.80  66166.98503  0.0000000    4.3218   116.6864     0.0000   249.5574  -307.23      0.01802  0.0000000    0.0076     0.2752     0.0000     0.2745   0.17286781   -7.1207124   -36.657    -4.049
followsep05        geo-0002:sv1-20050906-U-36-1       53620.206922 05-SEP-07 04:57:58.06      0.516960     2  18.70  18.90  72697.56688  0.0000000   13.1390    57.4801     0.0000   323.6686  -390.82      0.00000  0.0000000    0.0000     0.0000     0.0000     0.0000   1.20082602  -10.4956530   -38.996    -7.740
followsep05        geo-0003:sv1-20050906-U-38-1       53620.234640 05-SEP-07 05:37:52.89      2.583360     6  18.90  19.10  68578.55775  0.0000000   12.9638    57.1327     0.0000   328.7707  -338.10      0.02430  0.0000000    0.0247     0.0662     0.0000     0.0646   1.36438331   -9.5132479   -44.318    -6.679
followsep05        geo-0001:sv1-20050906-U-6-1        53619.925175 05-SEP-06 22:12:15.12      2.583360     5  18.80  18.80  42220.77950  0.0000000   14.7781   358.2736     0.0000   336.5222    -0.72      0.00310  0.0000000    0.0058     0.0098     0.0000     0.0095  22.40420479  -11.0212857    16.331    -5.832
follow_aiub        geo-0006:sv1-20050906-U-9-1        53619.969874 05-SEP-06 23:16:37.11      1.549440     4  12.60  12.60  42197.91699  0.0000000   10.3849    38.3606     0.0000   285.0624    -0.43      0.00608  0.0000000    0.0034     0.0659     0.0000     0.0648  21.37439595  -16.0333546   -11.635   -10.024
follow_aiub        geo-0002:sv1-20051125-U-1-1        53700.125767 05-NOV-26 03:01:06.26      0.516960     2  18.70  18.70  44898.23424  0.0000000   16.2447     5.4730     0.0000    66.6095   -34.99      0.00000  0.0000000    0.0000     0.0000     0.0000     0.0000   4.31558837   12.3312528   -39.203    14.877
follow_aiub        geo-0005:sv1-20051125-U-3-1        53700.148128 05-NOV-26 03:33:18.25      1.033920     3  16.80  16.90  77479.94361  0.0000000    1.6752   183.6546     0.0000   218.1019  -452.04      0.05482  0.0000000    0.0462     1.2415     0.0000     1.2409   2.32019398   -3.2209527   -76.751    -1.034
follow_aiub        geo-0001:sv1-20051125-U-7-1        53700.187561 05-NOV-26 04:30:05.27      1.033920     3  15.90  16.40  51826.61809  0.0000000   15.8086   306.7448     0.0000   167.6709  -123.68      0.00000  0.0000000    0.0000     0.0000     0.0000     0.0000   7.38515165    0.0028588   -17.862     3.335
follow_aiub        geo-0003:sv1-20051125-U-9-1        53700.219887 05-NOV-26 05:16:38.23      3.617280     5  16.30  17.00  51380.42059  0.0000000   15.9675   306.7921     0.0000   176.2279  -117.96      0.00000  0.0000000    0.0000     0.0000     0.0000     0.0000   8.10231169   -2.3602831   -21.234     1.037
follow_aiub        geo-0002:sv1-20051126-U-1-1        53700.835904 05-NOV-26 20:03:42.10      0.516960     2  18.80  18.90  44708.92806  0.0000000   11.2611   340.6048     0.0000    55.2148   -32.57      0.00000  0.0000000    0.0000     0.0000     0.0000     0.0000   2.43505918    5.5339695    28.523     9.229
follow_aiub        geo-0002:sv1-20051126-U-11-1       53701.056680 05-NOV-27 01:21:37.15      0.516960     2  15.80  15.90  50592.28692  0.0000000   15.4240   307.7259     0.0000   130.2900  -107.88      0.00000  0.0000000    0.0000     0.0000     0.0000     0.0000   5.20538461    9.2200237    -7.414    11.705
follow_aiub        geo-0003:sv1-20051126-U-4-1        53700.873080 05-NOV-26 20:57:14.11      1.033920     3  17.70  17.70  44752.66960  0.0000000   11.2846   340.7802     0.0000    67.3263   -33.13      0.00695  0.0000000    0.0051     0.0631     0.0000     0.0618   3.33112063    7.1210256    27.513    10.402
follow_aiub        geo-0004:sv1-20051126-U-4-1        53700.873798 05-NOV-26 20:58:16.14      1.032480     3  15.10  15.20  42214.37105  0.0000000   14.3300     0.2928     0.0000    48.0505    -0.64      0.00524  0.0000000    0.0072     0.0325     0.0000     0.0315   3.33254495    7.1317786    26.989    10.607
followdec05        geo-0001:sv1-20051202-U-8-1        53706.912782 05-DEC-02 21:54:24.36      0.516960     2  19.60  19.60  45884.64364  0.0000000   10.9849   338.2888     0.0000    78.6057   -47.62      0.00000  0.0000000    0.0000     0.0000     0.0000     0.0000   4.04022799    7.4957698    16.249    10.766
followdec05        geo-0002:sv1-20051202-U-9-1        53706.917053 05-DEC-02 22:00:33.37      1.549440     3  18.00  18.10  53080.45624  0.0000000   10.5860   357.8876     0.0000    58.7092  -139.72      0.04004  0.0000000    0.0329     0.2963     0.0000     0.2912   3.58282774    6.2238531    14.178     9.032
follow_aiub        geo-0002:sv1-20051204-U-11-1       53708.865976 05-DEC-04 20:47:00.32      1.033920     3  19.20  19.60  65516.52327  0.0000000    9.9948   135.4643     0.0000   261.3456  -298.91      0.04528  0.0000000    0.0087     0.3198     0.0000     0.3149   2.36469509  -13.2612404    11.165    -9.880
follow_aiub        geo-0001:sv1-20051204-U-14-1       53708.882005 05-DEC-04 21:10:05.23      3.100320     7  17.90  18.00  47562.07527  0.0000000    6.5393   272.5558     0.0000   138.3610   -69.09      0.01693  0.0000000    0.0227     0.1754     0.0000     0.1743   3.42120538    0.4731790    19.803     4.340
follow_aiub        geo-0002:sv1-20051204-U-16-1       53708.914808 05-DEC-04 21:57:19.41      1.033920     3  15.30  15.60  43504.55552  0.0000000   10.0253    43.1717     0.0000   350.2873   -17.15      0.00860  0.0000000    0.0167     0.0170     0.0000     0.0168   2.18356367   -6.2638605    -9.537    -1.683
followdec05        geo-0001:sv1-20051204-U-18-1       53708.932227 05-DEC-04 22:22:24.41      2.066400     5  16.30  16.40  40974.00099  0.0000000   11.7925   340.8714     0.0000    72.3375    15.24      0.00339  0.0000000    0.0022     0.0337     0.0000     0.0330   3.44021156    8.0555835     3.423    11.229
followdec05        geo-0002:sv1-20051204-U-18-1       53708.934380 05-DEC-04 22:25:30.43      1.032480     3  17.60  17.60  44702.00883  0.0000000   11.2799   340.6075     0.0000    73.1582   -32.48      0.00291  0.0000000    0.0016     0.0274     0.0000     0.0269   3.45077494    7.5352874     3.247    10.790
follow_aiub        geo-0002:sv1-20051204-U-2-1        53708.815142 05-DEC-04 19:33:48.26      1.033920     3  12.20  12.60  67456.31538  0.0000000    5.1940   169.7056     0.0000   208.5429  -323.74      0.00574  0.0000000    0.0061     0.0366     0.0000     0.0365   1.22090192   -5.2456662    10.987    -2.479
followdec05        geo-0001:sv1-20051204-U-20-1       53708.952157 05-DEC-04 22:51:06.36      3.100320     7  18.00  18.10  45714.83987  0.0000000   22.1234    60.3055     0.0000    17.9434   -45.44      0.01297  0.0000000    0.0233     0.0209     0.0000     0.0192   5.26551166    3.1219774    20.380     6.663
follow_aiub        geo-0001:sv1-20051204-U-22-1       53708.971786 05-DEC-04 23:19:22.31      2.583360     6  14.60  14.90  66783.73183  0.0000000    6.2611    99.7032     0.0000   298.9452  -315.13      0.01237  0.0000000    0.0073     0.1197     0.0000     0.1190   2.32067903   -8.4506817   -24.916    -5.476
followdec05        geo-0002:sv1-20051204-U-23-1       53708.977492 05-DEC-04 23:27:35.30      0.516960     2  17.10  17.10  44597.17198  0.0000000   11.2821   340.5553     0.0000    87.4742   -31.14      0.00000  0.0000000    0.0000     0.0000     0.0000     0.0000   4.42436328    8.2651764     2.210    11.271
follow_aiub        geo-0002:sv1-20051204-U-24-1       53708.985304 05-DEC-04 23:38:50.26      2.066400     5  14.80  15.10  67917.98283  0.0000000    6.0001   105.4808     0.0000   295.6030  -329.64      0.00487  0.0000000    0.0025     0.0498     0.0000     0.0495   2.40565603   -8.3650891   -27.382    -5.409
followdec05        geo-0001:sv1-20051204-U-27-1       53709.017365 05-DEC-05 00:25:00.33      1.033920     3  17.30  17.40  44392.73478  0.0000000   11.2988   340.1703     0.0000   101.1115   -28.52      0.00273  0.0000000    0.0010     0.0265     0.0000     0.0260   5.36215495    8.1327284     1.333    11.084
follow_aiub        geo-0001:sv1-20051204-U-3-1        53708.817618 05-DEC-04 19:37:22.19      1.033920     3  17.80  18.80  42763.93548  0.0000000    6.7088   347.8100     0.0000     4.3773    -7.67      0.01620  0.0000000    0.0325     0.0265     0.0000     0.0264  23.29025512   -4.0221564   -15.900     0.511
follow_aiub        geo-0003:sv1-20051204-U-4-1        53708.825477 05-DEC-04 19:48:41.21      1.033920     3  17.70  18.10  44299.76130  0.0000000   11.3778   341.0588     0.0000    36.5277   -27.33      0.00576  0.0000000    0.0090     0.0340     0.0000     0.0333   1.20598562    3.1411304     6.150     6.743
follow_aiub        geo-0001:sv1-20051204-U-6-1        53708.834019 05-DEC-04 20:00:59.24      2.066400     4  15.90  16.50  45895.94319  0.0000000   19.5034   354.1592     0.0000    11.8247   -47.76      0.03165  0.0000000    0.0579     0.0381     0.0000     0.0359   0.25427812    0.1138388    -8.655     3.923
follow_aiub        geo-0002:sv1-20051204-U-7-1        53708.842851 05-DEC-04 20:13:42.32      1.032480     3  19.20  19.50  65633.78455  0.0000000    9.8442   128.0077     0.0000   264.4056  -300.41      0.04357  0.0000000    0.0057     0.3145     0.0000     0.3099   2.20380770  -13.1747001    15.164    -9.797
follow_aiub        geo-0002:sv1-20051204-U-8-1        53708.847122 05-DEC-04 20:19:51.34      5.166720    10  12.00  12.40  64593.33339  0.0000000    6.4897   177.7060     0.0000   206.3305  -287.09      0.01351  0.0000000    0.0152     0.0678     0.0000     0.0674   1.43372572   -6.0022426     5.183    -2.874
follow_aiub        geo-0001:sv1-20051204-U-9-1        53708.852469 05-DEC-04 20:27:33.32      1.549440     4  17.20  17.30  50587.19712  0.0000000    5.4007   282.9853     0.0000   119.8548  -107.81      0.00875  0.0000000    0.0073     0.1345     0.0000     0.1339   3.09206932    1.2346707    22.313     4.682
follow_aiub        geo-0002:sv1-20051205-U-12-1       53709.898521 05-DEC-05 21:33:52.21      1.033920     3  17.50  17.70  44665.82508  0.0000000   11.2934   340.7947     0.0000    59.2868   -32.02      0.01098  0.0000000    0.0108     0.0931     0.0000     0.0913   2.48360641    6.3911116     1.340     9.693
followdec05        geo-0002:sv1-20051205-U-14-1       53709.920526 05-DEC-05 22:05:33.44      1.033920     3  17.50  17.50  42130.36364  0.0000000   14.3683     1.4182     0.0000    52.8442     0.44      0.00794  0.0000000    0.0099     0.0528     0.0000     0.0511   3.47532482    8.2203738     7.191    11.407
followdec05        geo-0001:sv1-20051205-U-16-1       53709.929068 05-DEC-05 22:17:51.47      0.516960     2  18.90  18.90  43178.34666  0.0000000   13.3543     8.1300     0.0000    71.6107   -12.98      0.00000  0.0000000    0.0000     0.0000     0.0000     0.0000   5.41261016    9.3143376    29.991    12.661
follow_aiub        geo-0001:sv1-20051205-U-17-1       53709.934415 05-DEC-05 22:25:33.45      1.033920     3  14.00  14.10  42140.13931  0.0000000   14.4752     1.8247     0.0000    51.0745     0.31      0.00629  0.0000000    0.0081     0.0406     0.0000     0.0393   3.38400664    8.1206920     0.788    11.213
follow_aiub        geo-0003:sv1-20051205-U-17-1       53709.936568 05-DEC-05 22:28:39.47      1.032480     3  17.60  17.70  44740.27012  0.0000000   11.2771   340.6481     0.0000    72.0217   -32.97      0.00170  0.0000000    0.0010     0.0159     0.0000     0.0156   3.39054534    7.5026085     0.357    10.720
follow_aiub        geo-0001:sv1-20051205-U-21-1       53709.965041 05-DEC-05 23:09:39.54      1.549440     4  12.20  12.30  35283.84875  0.0000000   10.5816   253.4433     0.0000   160.6793    88.07      0.00345  0.0000000    0.0082     0.0157     0.0000     0.0155   3.44197027   -1.3943288    -7.833     3.483
follow_aiub        geo-0010:sv1-20051205-U-26-1       53709.993514 05-DEC-05 23:50:39.60      2.066400     5  15.10  15.50  44346.29857  0.0000000    5.0260    78.1898     0.0000    36.9557   -27.93      0.01316  0.0000000    0.0203     0.1761     0.0000     0.1752   8.06449238   -0.5514563    42.501     3.019
follow_aiub        geo-0013:sv1-20051205-U-26-1       53709.994949 05-DEC-05 23:52:43.59      1.033920     3  12.30  12.70  42015.11762  0.0000000    5.0652    77.9382     0.0000    37.1290     1.91      0.00460  0.0000000    0.0075     0.0649     0.0000     0.0645   8.07514652   -1.0659907    41.903     3.055
follow_aiub        geo-0002:sv1-20051205-U-28-1       53710.006720 05-DEC-06 00:09:40.60      0.515520     2  16.20  16.50  76718.95226  0.0000000    1.5014   174.4156     0.0000   230.0033  -442.30      0.00000  0.0000000    0.0000     0.0000     0.0000     0.0000   2.52339162   -3.3847293   -32.897    -1.150
follow_aiub        geo-0003:sv1-20051205-U-33-1       53710.036893 05-DEC-06 00:53:07.55      1.033920     3  15.90  15.90  47433.80001  0.0000000   15.3784   308.4583     0.0000   109.4780   -67.45      0.00000  0.0000000    0.0000     0.0000     0.0000     0.0000   3.47148570   12.2024216   -29.595    14.478
follow_aiub        geo-0006:sv1-20051205-U-4-1        53709.834424 05-DEC-05 20:01:34.23      0.516960     2  10.90  11.60  42182.89243  0.0000000    1.5345   343.8306     0.0000    21.1456    -0.24      0.00000  0.0000000    0.0000     0.0000     0.0000     0.0000   0.23497591   -4.0328472   -10.140     0.553
followdec05        geo-0001:sv1-20051206-U-14-1       53710.922378 05-DEC-06 22:08:13.45      0.516960     2  16.30  16.40  41972.68341  0.0000000   14.2325     0.7267     0.0000    76.0170     2.46      0.00000  0.0000000    0.0000     0.0000     0.0000     0.0000   5.29588451   10.4332714    28.474    13.802
followdec05        geo-0004:sv1-20051206-U-15-1       53710.927617 05-DEC-06 22:15:46.10      1.033920     3  17.50  17.60  42486.61340  0.0000000   10.5157   332.0106     0.0000   105.6362    -4.12      0.00396  0.0000000    0.0022     0.0423     0.0000     0.0416   5.35300679    6.4128939    28.164    10.122
followdec05        geo-0002:sv1-20051206-U-16-1       53710.933323 05-DEC-06 22:23:59.10      0.516960     2  17.60  17.60  41962.24677  0.0000000   10.9479   336.3269     0.0000    99.8005     2.59      0.00000  0.0000000    0.0000     0.0000     0.0000     0.0000   5.28033216    7.2556443    24.509    10.786
followdec05        geo-0001:sv1-20051206-U-24-1       53711.013649 05-DEC-07 00:19:39.27      0.515520     2  18.00  18.30  39516.38865  0.0000000   11.5073   328.4447     0.0000   140.1678    33.90      0.00000  0.0000000    0.0000     0.0000     0.0000     0.0000   7.42297820    3.1802860    28.391     7.342
followdec05        geo-0002:sv1-20051206-U-24-1       53711.014725 05-DEC-07 00:21:12.24      1.033920     3  17.70  18.00  41848.59706  0.0000000   10.5741   331.9966     0.0000   136.9885     4.04      0.00895  0.0000000    0.0135     0.0682     0.0000     0.0671   7.42022293    3.2307671    28.293     7.191
followdec05        geo-0003:sv1-20051206-U-24-1       53711.016160 05-DEC-07 00:23:16.22      0.515520     2  19.30  19.60  38348.69363  0.0000000   11.0441   333.2510     0.0000   134.9919    48.84      0.00000  0.0000000    0.0000     0.0000     0.0000     0.0000   7.41138069    3.4007091    27.079     7.786
followdec05        geo-0002:sv1-20051206-U-25-1       53711.020431 05-DEC-07 00:29:25.23      1.033920     3  17.40  17.70  41631.70369  0.0000000   10.9789   336.3585     0.0000   131.6033     6.82      0.00118  0.0000000    0.0016     0.0096     0.0000     0.0094   7.37057424    4.2930254    25.247     8.187
follow_aiub        geo-0001:sv1-20051206-U-31-1       53711.082618 05-DEC-07 01:58:58.19      2.066400     5  16.40  16.70  75706.41482  0.0000000    1.3299   167.6986     0.0000   233.6140  -429.34      0.00915  0.0000000    0.0059     0.3440     0.0000     0.3439   2.31579219   -3.3044450   -64.385    -1.071
follow_aiub        geo-0001:sv1-20051206-U-36-1       53711.133857 05-DEC-07 03:12:45.24      0.516960     2  18.60  18.80  48527.87093  0.0000000   12.7234     6.3769     0.0000    48.7651   -81.45      0.00000  0.0000000    0.0000     0.0000     0.0000     0.0000   3.14384959    6.2503923   -69.751     9.534
follow_aiub        geo-0005:sv1-20051206-U-36-1       53711.136368 05-DEC-07 03:16:22.19      1.549440     4  17.10  17.20  45043.55619  0.0000000   14.3328    12.0308     0.0000    43.6357   -36.85      0.00234  0.0000000    0.0032     0.0124     0.0000     0.0121   3.13510275    6.2823858   -70.330     9.836
follow_aiub        geo-0001:sv1-20051206-U-37-1       53711.145418 05-DEC-07 03:29:24.11      1.033920     3  17.80  17.90  48689.49089  0.0000000   12.7646     6.6159     0.0000    51.8857   -83.52      0.00807  0.0000000    0.0087     0.0503     0.0000     0.0490   3.27573918    6.5556383   -70.556    10.011
follow_aiub        geo-0003:sv1-20051206-U-37-1       53711.147212 05-DEC-07 03:31:59.11      1.033920     3  15.90  16.00  45163.65583  0.0000000   14.3979    12.2991     0.0000    46.9004   -38.39      0.00325  0.0000000    0.0042     0.0181     0.0000     0.0175   3.27516616    7.0909709   -70.721    10.461
follow_aiub        geo-0004:sv1-20051206-U-37-1       53711.147571 05-DEC-07 03:32:30.13      0.518400     2  19.40  19.50  45128.41054  0.0000000   10.9525   337.6426     0.0000    80.5231   -37.94      0.00000  0.0000000    0.0000     0.0000     0.0000     0.0000   3.26313663    7.3042542   -71.144    10.801
follow_aiub        geo-0002:sv1-20051206-U-47-1       53711.230223 05-DEC-07 05:31:31.26      0.516960     2  17.10  17.40  46318.12861  0.0000000   18.2001   356.4117     0.0000   123.0074   -53.17      0.00000  0.0000000    0.0000     0.0000     0.0000     0.0000   7.51060485   12.5941613   -38.197    15.184
followdec05        geo-0001:sv1-20051206-U-7-1        53710.882827 05-DEC-06 21:11:16.25      1.033920     3  16.50  16.50  42044.84919  0.0000000   14.2362     0.8576     0.0000    61.5391     1.53      0.00144  0.0000000    0.0014     0.0106     0.0000     0.0103   4.30555867    9.1635222    28.074    12.486
followdec05        geo-0003:sv1-20051206-U-8-1        53710.888116 05-DEC-06 21:18:53.22      1.033920     3  17.20  17.20  42688.61531  0.0000000   10.4961   332.1783     0.0000    91.4480    -6.71      0.01079  0.0000000    0.0010     0.1196     0.0000     0.1176   4.38247597    7.0711685    28.174    10.493
followdec05        geo-0003:sv1-20051206-U-9-1        53710.893463 05-DEC-06 21:26:35.20      1.033920     3  17.80  17.80  42090.23620  0.0000000   10.9350   336.2752     0.0000    85.3997     0.95      0.00421  0.0000000    0.0007     0.0455     0.0000     0.0447   4.28594817    7.3432012    24.183    10.899
