Campaign           Name                              Osc_epoch     Date      Time        arcl [min]    # obs mag_c   mag_u  a(km)        e          i(dg)     raan(dg)   w(dg)      s(dg)      dn(dg/d) da(km)       de         di(dg)    draan(dg)  dw(dg)     ds(dg)     R.A.(h)      Decl.(dg)    lon(dg)   lat(dg)  
svyjan05           geo-0003:sv1-20050104-U-1-1        53374.832815 05-JAN-04 19:59:15.21      3.615840     8  12.20  12.60  54169.84360  0.0000000   19.2326    26.5804     0.0000    26.7383  -153.67      0.03746  0.0000000    0.0520     0.0811     0.0000     0.0764   3.39000662    5.5448835     7.683     8.523
svyjun05_gto105    geo-0011:sv1-20050601-S-17-1A      53523.117867 05-JUN-02 02:49:43.70      1.067040     2  19.40  19.50  46467.64948  0.0000000    7.3213   153.8011     0.0000    95.7376   -55.08      0.00000  0.0000000    0.0000     0.0000     0.0000     0.0000  16.24082231    4.0034670   -43.527     7.284
svyjun05_gto105    geo-0001:sv1-20050601-S-5-1B       53522.958608 05-JUN-01 23:00:23.73      1.067040     2  15.20  15.30  43300.50743  0.0000000   10.1857   201.2915     0.0000    49.0337   -14.54      0.00000  0.0000000    0.0000     0.0000     0.0000     0.0000  16.56475342    4.0906482    14.252     7.674
svyjun05_gto105    geo-0008:sv1-20050601-S-6-1A       53522.979279 05-JUN-01 23:30:09.70      2.134080     3  19.30  19.40  53476.07395  0.0000000    6.6698   165.3276     0.0000    85.5298  -144.79      0.02781  0.0000000    0.0036     0.3741     0.0000     0.3715  16.54208871    3.4724465     7.743     6.649
svyjun05_gto105    geo-0005:sv1-20050602-S-12-1A      53524.003503 05-JUN-03 00:05:02.65      4.266720     5  18.30  18.40  57620.54690  0.0000000    8.1464   107.4735     0.0000   142.2979  -197.84      0.02993  0.0000000    0.0341     0.1842     0.0000     0.1825  16.46075847    2.1113859    -2.762     4.971
svyjun05_gto105    geo-0006:sv1-20050602-S-27-1A      53524.120761 05-JUN-03 02:53:53.75      4.266720     5  15.00  15.10  56314.56894  0.0000000    9.4999    98.9198     0.0000   149.2159  -181.12      0.04218  0.0000000    0.0539     0.1928     0.0000     0.1900  16.21201758    1.5710290   -46.660     4.846
svyjun05_gto105    geo-0001:sv1-20050603-S-15-1A      53525.025278 05-JUN-04 00:36:24.01      1.067040     2  17.70  17.80  56952.44875  0.0000000    6.3935   105.7175     0.0000   143.9469  -189.29      0.00000  0.0000000    0.0000     0.0000     0.0000     0.0000  16.41248370    0.4835650   -11.826     3.758
svyjun05_gto105    geo-0005:sv1-20050603-S-15-1B      53525.030834 05-JUN-04 00:44:24.05      4.266720     2  17.90  18.00  60400.92225  0.0000000   15.9596    85.1460     0.0000   164.1481  -233.43      0.00000  0.0000000    0.0000     0.0000     0.0000     0.0000  16.40387099    1.3610436   -13.790     4.307
svyjun05_gto105    geo-0014:sv1-20050603-S-19-1A      53525.064306 05-JUN-04 01:32:36.03      2.132640     3  19.70  19.80  58031.74598  0.0000000    7.3483   102.1000     0.0000   147.1396  -203.10      0.01013  0.0000000    0.0121     0.0611     0.0000     0.0605  16.33394945    1.0656516   -26.294     3.979
svyjun05_gto105    geo-0007:sv1-20050605-S-11-1A      53527.018384 05-JUN-06 00:26:28.37      1.067040     2  18.40  18.40  48236.10565  0.0000000    7.6517    78.2830     0.0000   171.4791   -77.72      0.00000  0.0000000    0.0000     0.0000     0.0000     0.0000  16.42069652   -2.4542875   -11.306     1.130
svyjun05_gto105    geo-0004:sv1-20050605-S-13-1A      53527.038801 05-JUN-06 00:55:52.40      1.067040     2  11.20  11.30  42221.12329  0.0000000    5.1073   227.9150     0.0000    22.1557    -0.72      0.00000  0.0000000    0.0000     0.0000     0.0000     0.0000  16.38456085   -2.2923236   -18.522     1.924
svyjun05_gto105    geo-0004:sv1-20050605-S-13-1B      53527.039172 05-JUN-06 00:56:24.46      2.132640     3  20.00  20.00  49120.47224  0.0000000    7.9673   236.1617     0.0000    13.8309   -89.04      0.01855  0.0000000    0.0309     0.0568     0.0000     0.0563  16.38184808   -1.4907014   -18.783     1.899
svyjun05_gto105    geo-0003:sv1-20050605-S-18-1A      53527.070018 05-JUN-06 01:40:49.55      1.065600     2  14.00  14.10  34769.16288  0.0000000   14.1255   238.6245     0.0000    11.7479    94.66      0.00000  0.0000000    0.0000     0.0000     0.0000     0.0000  16.30036051   -2.3009964   -29.755     2.848
svyjun05_gto105    geo-0011:sv1-20050605-S-31-1A      53527.164648 05-JUN-06 03:57:05.58      1.067040     2  17.20  17.30  47843.14055  0.0000000    5.0156    83.4403     0.0000   165.4167   -72.69      0.00000  0.0000000    0.0000     0.0000     0.0000     0.0000  16.13500364   -2.3124407   -65.031     1.261
svyjun05_gto105    geo-0002:sv1-20050605-S-3-1B       53526.937797 05-JUN-05 22:30:25.66      2.132640     3  14.10  14.10  54171.09512  0.0000000    3.0314   212.2473     0.0000    38.5919  -153.68      0.01865  0.0000000    0.0225     0.3421     0.0000     0.3415  16.58123666   -1.2436731    18.748     1.890
svyjun05_gto105    geo-0003:sv1-20050605-S-7-1A       53526.975190 05-JUN-05 23:24:16.41      3.199680     4  18.90  18.90  52488.32597  0.0000000    7.3687   242.7315     0.0000     7.6131  -132.14      0.02499  0.0000000    0.0395     0.0452     0.0000     0.0445  16.51016222   -2.3349845     4.732     0.974
svyjun05_gto105    geo-0004:sv1-20050606-S-11-1A      53527.987986 05-JUN-06 23:42:41.99      1.067040     2  16.00  16.00  38544.33905  0.0000000   16.2534   246.9454     0.0000     2.9045    46.34      0.00000  0.0000000    0.0000     0.0000     0.0000     0.0000  16.49055622   -4.1453756    -1.421     0.813
svyjun05_gto105    geo-0003:sv1-20050606-S-12-1A      53528.009569 05-JUN-07 00:13:46.76      1.067040     2  11.90  11.90  42031.43881  0.0000000    4.0550    80.7008     0.0000   169.3140     1.70      0.00000  0.0000000    0.0000     0.0000     0.0000     0.0000  16.44523401   -3.5118998    -8.905     0.751
svyjun05_gto105    geo-0002:sv1-20050606-S-12-1B      53528.004754 05-JUN-07 00:06:50.74      2.134080     3  18.20  18.30  41873.85947  0.0000000    5.9282    81.5147     0.0000   168.0823     3.72      0.01066  0.0000000    0.0215     0.0443     0.0000     0.0442  16.44116440   -3.1959130    -7.549     1.222
svyjun05_gto105    geo-0004:sv1-20050606-S-12-1B      53528.009939 05-JUN-07 00:14:18.72      1.065600     2  17.50  17.50  49154.16117  0.0000000    4.1031   246.0900     0.0000     4.1997   -89.47      0.00000  0.0000000    0.0000     0.0000     0.0000     0.0000  16.45064622   -3.3639818    -8.801     0.300
svyjun05_gto105    geo-0004:sv1-20050606-S-30-1A      53528.155924 05-JUN-07 03:44:31.83      2.134080     3  11.40  11.50  42250.92642  0.0000000    1.0294    89.2315     0.0000   160.5826    -1.11      0.00051  0.0000000    0.0010     0.0190     0.0000     0.0190  16.15239229   -4.0522714   -61.961     0.342
svyjun05_gto105    geo-0001:sv1-20050606-S-31-1B      53528.163262 05-JUN-07 03:55:05.83      1.067040     2  17.90  18.00  44196.53776  0.0000000    4.5930    86.0044     0.0000   163.5629   -26.01      0.00000  0.0000000    0.0000     0.0000     0.0000     0.0000  16.14468197   -2.4919636   -64.810     1.298
svyjun05_gto105    geo-0016:sv1-20050606-S-5-1B       53527.944291 05-JUN-06 22:39:46.74      3.199680     3  19.10  19.10  48991.83352  0.0000000    4.3171   241.0101     0.0000     9.5052   -87.39      0.06109  0.0000000    0.1039     0.2482     0.0000     0.2462  16.57138915   -3.0605123    15.107     0.712
svyjun05_gto105    geo-0010:sv1-20050607-S-11-1A      53528.991997 05-JUN-07 23:48:28.54      1.065600     2  13.00  13.10  49161.09174  0.0000000    2.5452    15.5544     0.0000   234.7744   -89.56      0.00000  0.0000000    0.0000     0.0000     0.0000     0.0000  16.47590155   -6.1540301    -3.287    -2.079
svyjun05_gto105    geo-0003:sv1-20050607-S-11-1B      53528.988664 05-JUN-07 23:43:40.56      1.067040     2  13.80  13.90  36592.41484  0.0000000    1.2806    72.0654     0.0000   177.3423    71.32      0.00000  0.0000000    0.0000     0.0000     0.0000     0.0000  16.47210286   -5.2648314    -2.977     0.059
svyjun05_gto105    geo-0003:sv1-20050607-S-12-1A      53529.000446 05-JUN-08 00:00:38.53      2.132640     3  17.70  17.80  41683.24234  0.0000000    6.0691    58.5406     0.0000   191.2075     6.16      0.00181  0.0000000    0.0037     0.0073     0.0000     0.0073  16.44419820   -6.0613470    -6.952    -1.177
svyjun05_gto105    geo-0001:sv1-20050607-S-15-1B      53529.024915 05-JUN-08 00:35:52.65      1.067040     2  11.40  11.50  42175.89201  0.0000000    3.0339    52.5671     0.0000   197.2662    -0.15      0.00000  0.0000000    0.0000     0.0000     0.0000     0.0000  16.39478116   -5.4405776   -15.661    -0.900
svyjun05_gto105    geo-0002:sv1-20050607-S-17-1B      53529.045981 05-JUN-08 01:06:12.75      1.067040     2  19.80  19.90  50018.25390  0.0000000    7.0169   260.0868     0.0000   349.4823  -100.53      0.00000  0.0000000    0.0000     0.0000     0.0000     0.0000  16.35069780   -5.1807349   -23.430    -1.278
svyjun05_gto105    geo-0004:sv1-20050607-S-17-1B      53529.047462 05-JUN-08 01:08:20.71      2.134080     3  18.90  19.00  54382.68637  0.0000000   19.2014    65.1609     0.0000   184.7017  -156.39      0.07223  0.0000000    0.1106     0.0320     0.0000     0.0307  16.34591562   -5.1417534   -24.009    -1.545
svyjun05_gto105    geo-0002:sv1-20050607-S-19-1B      53529.066999 05-JUN-08 01:36:28.71      2.134080     3  17.20  17.30  44495.30819  0.0000000    8.0860    63.5386     0.0000   186.0083   -29.83      0.04109  0.0000000    0.0786     0.0683     0.0000     0.0672  16.29377772   -5.2116646   -31.176    -0.844
svyjun05_gto105    geo-0001:sv1-20050607-S-23-1A      53529.110379 05-JUN-08 02:38:56.74      4.266720     5  17.40  17.40  57576.69120  0.0000000    6.7381   270.2133     0.0000   338.0618  -197.28      0.00000  0.0000000    0.0000     0.0000     0.0000     0.0000  16.20568288   -5.5846482   -47.911    -2.512
svyjun05_gto105    geo-0001:sv1-20050607-S-24-1A      53529.124615 05-JUN-08 02:59:26.73      2.132640     3  14.10  14.10  41457.96276  0.0000000    7.7765    61.4789     0.0000   188.2868     9.04      0.06926  0.0000000    0.1425     0.1709     0.0000     0.1670  16.18394456   -5.5313364   -51.771    -1.117
svyjun05_gto105    geo-0016:sv1-20050607-S-24-1A      53529.130541 05-JUN-08 03:07:58.74      1.065600     2  19.20  19.20  42025.36315  0.0000000    7.1286    61.4003     0.0000   188.6293     1.78      0.00000  0.0000000    0.0000     0.0000     0.0000     0.0000  16.19127580   -5.4427560   -53.637    -1.067
svyjun05_gto105    geo-0001:sv1-20050607-S-24-1B      53529.125726 05-JUN-08 03:01:02.72      2.132640     3  17.20  17.30  43279.98794  0.0000000    7.9372    64.8531     0.0000   184.7005   -14.28      0.00277  0.0000000    0.0055     0.0042     0.0000     0.0040  16.18369545   -5.0828658   -52.354    -0.648
svyjun05_gto105    geo-0005:sv1-20050607-S-25-1A      53529.138990 05-JUN-08 03:20:08.73      1.067040     2  19.00  19.10  45722.53168  0.0000000   11.0475    61.4145     0.0000   188.0181   -45.54      0.00000  0.0000000    0.0000     0.0000     0.0000     0.0000  16.16528413   -5.4806141   -57.365    -1.532
svyjun05_gto105    geo-0017:sv1-20050607-S-25-1B      53529.145286 05-JUN-08 03:29:12.71      2.134080     3  13.40  13.40  56485.12296  0.0000000    2.3088   312.5480     0.0000   295.9650  -183.30      0.02684  0.0000000    0.0175     0.8839     0.0000     0.8832  16.17073122   -5.2933328   -60.393    -2.076
svyjun05_gto105    geo-0001:sv1-20050608-S-12-1B      53530.030425 05-JUN-09 00:43:48.72      1.067040     2  20.40  20.40  40662.91410  0.0000000   13.3846   258.8774     0.0000   350.6890    19.22      0.00000  0.0000000    0.0000     0.0000     0.0000     0.0000  16.37559242   -7.2222212   -18.631    -2.146
svyjun05_gto105    geo-0005:sv1-20050608-S-19-1A      53530.111512 05-JUN-09 02:40:34.63      2.134080     3  15.10  15.20  41645.53047  0.0000000    8.6658    53.0836     0.0000   197.0326     6.64      0.01635  0.0000000    0.0323     0.0680     0.0000     0.0670  16.21369530   -7.2836694   -47.785    -2.530
svyjun05_gto105    geo-0008:sv1-20050608-S-19-1A      53530.112994 05-JUN-09 02:42:42.68      1.065600     2  20.00  20.10  55066.83710  0.0000000    6.3856   290.1329     0.0000   318.8895  -165.15      0.00000  0.0000000    0.0000     0.0000     0.0000     0.0000  16.23010052   -7.5754359   -49.054    -4.194
svyjun05_gto105    geo-0005:sv1-20050608-S-19-1B      53530.109660 05-JUN-09 02:37:54.62      4.266720     2  19.50  19.60   3547.14279  0.0000000   15.8422    50.7478     0.0000   197.1898   494.30      0.00000  0.0000000    0.0000     0.0000     0.0000     0.0000  16.22077855   -6.3432620   -49.728    -4.628
svyjun05_gto105    geo-0004:sv1-20050608-S-20-1A      53530.123572 05-JUN-09 02:57:56.62      2.134080     3  14.40  14.40  44284.35289  0.0000000   12.7221   261.8384     0.0000   347.4358   -27.13      0.04754  0.0000000    0.0893     0.0899     0.0000     0.0888  16.19165937   -7.2018342   -52.498    -2.746
svyjun05_gto105    geo-0006:sv1-20050608-S-21-1B      53530.137577 05-JUN-09 03:18:06.65      1.067040     2  20.10  20.10  31631.89744  0.0000000   10.3282   253.1156     0.0000   358.4683   134.82      0.00000  0.0000000    0.0000     0.0000     0.0000     0.0000  16.16526629   -6.3311945   -55.518    -0.275
svyjun05_gto105    geo-0001:sv1-20050608-S-4-1B       53529.943157 05-JUN-08 22:38:08.76      2.132640     3  18.10  18.10  57720.96349  0.0000000   11.5548   267.8391     0.0000   342.7657  -199.12      0.07070  0.0000000    0.0972     0.1504     0.0000     0.1469  16.56079624   -6.5629328    13.990    -3.402
svyjun05_gto105    geo-0004:sv1-20050608-S-7-1A       53529.985634 05-JUN-08 23:39:18.77      2.132640     3  17.90  18.00  41426.53866  0.0000000    3.0669   316.7927     0.0000   292.7576     9.45      0.04397  0.0000000    0.0362     1.5746     0.0000     1.5723  16.46547202   -8.0005824    -2.698    -2.828
svyjun05_gto105    geo-0005:sv2-20050609-S-3-1A       53531.105725 05-JUN-10 02:32:14.64      2.132640     3  17.40  17.50  43596.92326  0.0000000    4.5476   354.7371     0.0000   255.1248   -18.34      0.05701  0.0000000    0.0289     1.3620     0.0000     1.3577  16.22296650   -9.1839897   -46.797    -4.395
svyjun05_gto105    geo-0010:sv2-20050609-S-5-1B       53531.134012 05-JUN-10 03:12:58.63      2.132640     3  18.60  18.70  61518.63462  0.0000000    5.3368     4.7589     0.0000   243.5528  -247.73      0.03915  0.0000000    0.0234     0.5073     0.0000     0.5051  16.17457170   -8.0452037   -58.613    -4.777
svyjun05_gto105    geo-0005:sv1-20050610-S-5-1B       53531.928503 05-JUN-10 22:17:02.65      3.199680     4  19.40  19.50  54032.42447  0.0000000   12.5813   277.9951     0.0000   332.1905  -151.91      0.02165  0.0000000    0.0297     0.0713     0.0000     0.0695  16.57340704   -9.4826152    17.131    -5.833
svyjun05_gto105    geo-0012:sv1-20050610-S-9-1B       53531.971977 05-JUN-10 23:19:38.81      2.132640     3  20.20  20.20  61216.04406  0.0000000    8.0082    20.4392     0.0000   230.6364  -243.86      0.04433  0.0000000    0.0375     0.3291     0.0000     0.3259  16.50231883   -9.4830676     1.481    -6.183
svyjun05_gto105    geo-0008:sv1-20050611-S-20-1A      53533.119036 05-JUN-12 02:51:24.71      2.132640     3  17.20  17.30  50307.77409  0.0000000    8.8954     8.5561     0.0000   240.4141  -104.23      0.01607  0.0000000    0.0132     0.1511     0.0000     0.1492  16.17117315  -12.0614861   -54.719    -7.728
svyjun05_gto105    geo-0003:sv1-20050611-S-21-1B      53533.131510 05-JUN-12 03:09:22.46      3.199680     4  17.80  17.90  63844.88040  0.0000000    7.6718   328.9307     0.0000   278.7848  -277.51      0.06635  0.0000000    0.0138     0.6333     0.0000     0.6277  16.16120715  -10.5409660   -60.100    -7.581
svyjun05_gto105    geo-0003:sv1-20050611-S-22-1B      53533.146581 05-JUN-12 03:31:04.59      1.067040     2  16.80  16.80  42023.29061  0.0000000   12.2415   277.9090     0.0000   331.3524     1.81      0.00000  0.0000000    0.0000     0.0000     0.0000     0.0000  16.14322997  -10.4721372   -63.522    -5.834
svyjun05_gto105    geo-0017:sv1-20050611-S-5-1A       53532.950528 05-JUN-11 22:48:45.61      1.067040     2  12.10  12.10  51559.56120  0.0000000   12.8028    32.6352     0.0000   218.6991  -120.26      0.00000  0.0000000    0.0000     0.0000     0.0000     0.0000  16.54123251  -12.2633867     8.071    -7.964
svyjun05_gto105    geo-0009:sv1-20050612-S-10-1B      53533.996025 05-JUN-12 23:54:16.56      1.067040     2  15.30  15.40  40958.75832  0.0000000   15.4996   276.3747     0.0000   332.8950    15.43      0.00000  0.0000000    0.0000     0.0000     0.0000     0.0000  16.44467295  -12.5026009    -9.850    -6.993
svyjun05_gto105    geo-0001:sv1-20050612-S-11-1A      53534.000307 05-JUN-13 00:00:26.52      1.067040     2  10.20  10.30  36486.01081  0.0000000    7.6906   354.9034     0.0000   254.6904    72.68      0.00000  0.0000000    0.0000     0.0000     0.0000     0.0000  16.41094444  -14.0952214   -12.055    -7.416
svyjun05_gto105    geo-0004:sv1-20050612-S-12-1B      53534.015053 05-JUN-13 00:21:40.57      2.132640     3  18.70  18.80  40009.31999  0.0000000   13.2393    37.4509     0.0000   212.8944    27.59      0.01432  0.0000000    0.0260     0.0743     0.0000     0.0724  16.38098870  -13.1110809   -17.194    -7.145
svyjun05_gto105    geo-0007:sv1-20050612-S-12-1B      53534.017275 05-JUN-13 00:24:52.56      1.067040     2  20.60  20.60  66032.12039  0.0000000   12.6746    24.2037     0.0000   226.6662  -305.51      0.00000  0.0000000    0.0000     0.0000     0.0000     0.0000  16.40185911  -12.4844602   -17.478    -9.183
svyjun05_gto105    geo-0011:sv1-20050612-S-13-1B      53534.032298 05-JUN-13 00:46:30.54      1.067040     2  19.00  19.00  43640.97601  0.0000000   18.6386   273.8015     0.0000   334.8578   -18.90      0.00000  0.0000000    0.0000     0.0000     0.0000     0.0000  16.35195313  -13.2043841   -23.239    -7.804
svyjun05_gto105    geo-0006:sv1-20050612-S-15-1B      53534.055029 05-JUN-13 01:19:14.50      3.199680     4  17.40  17.40  56801.80803  0.0000000   12.3084   296.3328     0.0000   312.1603  -187.36      0.00000  0.0000000    0.0000     0.0000     0.0000     0.0000  16.29486838  -13.1758219   -32.114    -9.092
svyjun05_gto105    geo-0013:sv1-20050612-S-15-1B      53534.059474 05-JUN-13 01:25:38.55      2.132640     3  19.60  19.60  44518.73912  0.0000000    8.5692   313.9708     0.0000   295.4882   -30.13      0.01881  0.0000000    0.0157     0.2170     0.0000     0.2146  16.29201982  -13.0356456   -33.166    -7.730
svyjun05_gto105    geo-0003:sv1-20050612-S-16-1A      53534.068108 05-JUN-13 01:38:04.53      1.067040     2  20.30  20.30  57859.50596  0.0000000   11.0969   306.7715     0.0000   301.8900  -200.90      0.00000  0.0000000    0.0000     0.0000     0.0000     0.0000  16.27586317  -13.3059009   -36.843    -9.405
svyjun05_gto105    geo-0004:sv1-20050612-S-16-1B      53534.070701 05-JUN-13 01:41:48.56      2.132640     3  18.10  18.20  42157.47042  0.0000000   11.2256    29.4695     0.0000   220.7386     0.09      0.00298  0.0000000    0.0046     0.0205     0.0000     0.0201  16.26118473  -12.5201948   -37.266    -7.299
svyjun05_gto105    geo-0003:sv1-20050612-S-20-1B      53534.105597 05-JUN-13 02:32:03.58      1.067040     2  18.40  18.50  58310.71476  0.0000000    9.2812   313.7989     0.0000   294.2333  -206.67      0.00000  0.0000000    0.0000     0.0000     0.0000     0.0000  16.19282545  -12.1738171   -51.209    -8.457
svyjun05_gto105    geo-0016:sv1-20050612-S-3-1A       53533.934556 05-JUN-12 22:25:45.63      2.132640     3  19.30  19.30  57079.83598  0.0000000   14.4268   293.3523     0.0000   316.9515  -190.92      0.04023  0.0000000    0.0427     0.1592     0.0000     0.1540  16.57238484  -13.5253536    13.437    -9.792
svyjun05_gto105    geo-0070:sv1-20050612-S-3-1B       53533.926778 05-JUN-12 22:14:33.61      1.067040     2  17.90  18.00  66534.62046  0.0000000   25.5829    51.8094     0.0000   201.7104  -311.94      0.00000  0.0000000    0.0000     0.0000     0.0000     0.0000  16.57480155  -12.3528871    16.590    -9.192
svyjun05_gto105    geo-0026:sv1-20050612-S-4-1A       53533.948838 05-JUN-12 22:46:19.60      1.067040     2  18.10  18.20  44088.38667  0.0000000   12.3398    29.1876     0.0000   221.8958   -24.63      0.00000  0.0000000    0.0000     0.0000     0.0000     0.0000  16.55174836  -13.3325169     7.481    -8.205
svyjun05_gto105    geo-0003:sv1-20050612-S-4-1B       53533.942542 05-JUN-12 22:37:15.62      2.134080     3  11.60  11.60  48232.01612  0.0000000    7.8592   347.5205     0.0000   262.7520   -77.66      0.07253  0.0000000    0.0170     0.9175     0.0000     0.9089  16.54040009  -12.3438104     9.540    -7.796
svysep05_gto105    geo-0006:sv1-20050829-S-14-1A      53612.004917 05-AUG-30 00:07:04.82      1.067040     2  18.80  18.90  41328.27632  0.0000000   10.9192   340.9966     0.0000    19.1130    10.70      0.00000  0.0000000    0.0000     0.0000     0.0000     0.0000   0.19524640   -0.4108964    19.727     3.556
svysep05_gto105    geo-0008:sv1-20050829-S-14-1B      53612.006769 05-AUG-30 00:09:44.84      1.067040     2  19.30  19.40  53436.67622  0.0000000    9.8324   343.7719     0.0000    17.4321  -144.28      0.00000  0.0000000    0.0000     0.0000     0.0000     0.0000   0.19376782   -0.1901065    20.233     2.932
svysep05_gto105    geo-0008:sv1-20050829-S-16-1B      53612.023483 05-AUG-30 00:33:48.93      1.065600     2  17.80  17.90  43924.94032  0.0000000   10.4998   337.7704     0.0000    22.6044   -22.53      0.00000  0.0000000    0.0000     0.0000     0.0000     0.0000   0.16345434    0.0621509    13.270     4.017
svysep05_gto105    geo-0007:sv1-20050829-S-31-1B      53612.129997 05-AUG-30 03:07:11.74      1.067040     2  16.20  16.30  37813.20232  0.0000000   15.8161   344.6341     0.0000    16.0604    55.70      0.00000  0.0000000    0.0000     0.0000     0.0000     0.0000  23.54317702   -0.1621194   -25.097     4.324
svysep05_gto105    geo-0006:sv1-20050829-S-42-1A      53612.216954 05-AUG-30 05:12:24.82      4.266720     5  16.50  16.50  58998.42605  0.0000000    4.6191   204.1096     0.0000   153.9760  -215.47      0.03166  0.0000000    0.0403     0.2420     0.0000     0.2410  23.36574735   -0.5736645   -58.445     2.025
svysep05_gto105    geo-0007:sv1-20050829-S-7-1A       53611.950332 05-AUG-29 22:48:28.68      2.132640     3  19.10  19.20  44455.25601  0.0000000    4.7690   225.4021     0.0000   134.6984   -29.32      0.02774  0.0000000    0.0377     0.4540     0.0000     0.4526   0.26421119   -0.3118075    39.843     3.388
svysep05_gto105    geo-0006:sv1-20050829-S-8-1A       53611.960263 05-AUG-29 23:02:46.72      2.132640     3  17.10  17.20  46327.03128  0.0000000   11.6098   345.8352     0.0000    14.7110   -53.28      0.01175  0.0000000    0.0210     0.0286     0.0000     0.0278   0.24547823   -0.5051337    36.316     2.929
svysep05_gto105    geo-0005:sv1-20050829-S-8-1B       53611.964337 05-AUG-29 23:08:38.71      3.199680     4  17.60  17.70  53003.74097  0.0000000    3.9938   227.5229     0.0000   133.5783  -138.74      0.03966  0.0000000    0.0438     0.6542     0.0000     0.6527   0.25141128   -0.2252735    35.758     2.892
svysep05_gto105    geo-0006:sv1-20050830-S-7-1A       53612.989210 05-AUG-30 23:44:27.74      3.199680     4  11.60  11.80  46745.27390  0.0000000    2.6191   318.8833     0.0000    41.3972   -58.63      0.04879  0.0000000    0.0663     1.2971     0.0000     1.2954   0.21012968   -2.0813139    24.874     1.732
svysep05_gto105    geo-0008:sv1-20050830-S-7-1A       53612.990691 05-AUG-30 23:46:35.70      1.067040     2  15.80  16.00  42987.94592  0.0000000   14.5590   353.8599     0.0000     6.5721   -10.54      0.00000  0.0000000    0.0000     0.0000     0.0000     0.0000   0.22366182   -2.3609965    24.311     1.649
svysep05_gto105    geo-0006:sv1-20050830-S-8-1A       53613.000622 05-AUG-31 00:00:53.74      2.132640     3  18.00  18.10  49553.29617  0.0000000    5.3045   349.8612     0.0000    10.7869   -94.58      0.01964  0.0000000    0.0329     0.0716     0.0000     0.0708   0.19507753   -2.4305942    21.106     0.991
svysep05_gto105    geo-0003:sv1-20050831-S-10-1A      53613.980182 05-AUG-31 23:31:27.72      3.199680     4  16.90  17.00  50152.12653  0.0000000   10.9500   180.9015     0.0000   179.7434  -102.24      0.03339  0.0000000    0.0562     0.0097     0.0000     0.0135   0.22003995   -3.3944170    27.546     0.049
svysep05_gto105    geo-0002:sv1-20050831-S-11-1A      53613.990113 05-AUG-31 23:45:45.76      1.067040     2  17.80  17.90  40745.01026  0.0000000    1.8523   343.1009     0.0000    16.6007    18.17      0.00000  0.0000000    0.0000     0.0000     0.0000     0.0000   0.21151068   -4.0633653    23.005     0.529
svysep05_gto105    geo-0010:sv1-20050831-S-11-1B      53613.998631 05-AUG-31 23:58:01.71      1.067040     2  16.60  16.70  34829.85817  0.0000000   15.1764   351.2883     0.0000     7.7421    93.88      0.00000  0.0000000    0.0000     0.0000     0.0000     0.0000   0.19452538   -3.2034555    19.000     2.021
svysep05_gto105    geo-0004:sv1-20050831-S-13-1A      53614.011270 05-SEP-01 00:16:13.72      2.132640     3  17.80  17.90  42725.79405  0.0000000    4.2008   351.7125     0.0000     8.0659    -7.18      0.05716  0.0000000    0.1138     0.2443     0.0000     0.2415   0.16592927   -3.5117463    15.431     0.589
svysep05_gto105    geo-0005:sv1-20050831-S-13-1B      53614.012381 05-SEP-01 00:17:49.71      2.132640     3  17.50  17.50  49057.63914  0.0000000    6.2349   188.8928     0.0000   171.5102   -88.23      0.00856  0.0000000    0.0146     0.0203     0.0000     0.0204   0.17198676   -2.5134561    15.725     0.919
svysep05_gto105    geo-0001:sv1-20050831-S-36-1A      53614.160620 05-SEP-01 03:51:17.56      1.067040     2  10.40  10.40  44057.47711  0.0000000    7.6914   355.6935     0.0000     3.9706   -24.23      0.00000  0.0000000    0.0000     0.0000     0.0000     0.0000  23.46049785   -3.4904699   -38.611     0.531
svysep05_gto105    geo-0012:sv1-20050831-S-43-1B      53614.232826 05-SEP-01 05:35:16.16      1.067040     2  18.70  18.70  46339.41703  0.0000000   17.4601   182.8090     0.0000   176.3203   -53.44      0.00000  0.0000000    0.0000     0.0000     0.0000     0.0000  23.34382557   -2.4931455   -65.006     1.103
svysep05_gto105    geo-0012:sv1-20050831-S-8-1B       53613.959210 05-AUG-31 23:01:15.74      2.132640     3  16.90  17.00  42101.10147  0.0000000   14.4004   355.8422     0.0000     4.1704     0.81      0.00476  0.0000000    0.0097     0.0041     0.0000     0.0036   0.25220339   -3.1836144    34.349     1.036
svysep05_gto105    geo-0007:sv1-20050831-S-9-1B       53613.974326 05-AUG-31 23:23:01.76      1.067040     2  11.10  11.20  38124.96953  0.0000000    3.2982   207.0117     0.0000   152.1987    51.71      0.00000  0.0000000    0.0000     0.0000     0.0000     0.0000   0.23302708   -3.1806572    28.260     1.538
svysep05_gto105    geo-0004:sv1-20050901-S-11-1B      53614.985066 05-SEP-01 23:38:29.70      2.132640     3  10.70  10.80  46948.44462  0.0000000    2.9160   157.9456     0.0000   202.3859   -61.23      0.03513  0.0000000    0.0586     0.4826     0.0000     0.4824   0.20590627   -5.1307238    24.453    -1.110
svysep05_gto105    geo-0005:sv1-20050901-S-12-1B      53614.997173 05-SEP-01 23:55:55.74      2.132640     3  11.50  11.60  50749.04482  0.0000000    4.6996    23.7956     0.0000   336.7183  -109.88      0.02648  0.0000000    0.0404     0.2114     0.0000     0.2105   0.19033845   -5.4335255    20.361    -1.856
svysep05_gto105    geo-0008:sv1-20050901-S-14-1A      53615.019439 05-SEP-02 00:27:59.52      1.067040     2  17.40  17.40  31602.04763  0.0000000   14.4797   179.7881     0.0000   178.6706   135.20      0.00000  0.0000000    0.0000     0.0000     0.0000     0.0000   0.15484783   -6.0149270    10.240     0.332
svysep05_gto105    geo-0010:sv1-20050901-S-19-1B      53615.056223 05-SEP-02 01:20:57.66      1.065600     2  17.60  17.70  63868.96260  0.0000000   10.3279   167.4188     0.0000   193.5193  -277.82      0.00000  0.0000000    0.0000     0.0000     0.0000     0.0000   0.08541007   -5.3314314    -0.812    -2.402
svysep05_gto105    geo-0004:sv1-20050901-S-20-1B      53615.063190 05-SEP-02 01:30:59.61      2.134080     3  15.10  15.20  42122.18338  0.0000000   14.5319     2.7887     0.0000   356.8461     0.54      0.00923  0.0000000    0.0190     0.0058     0.0000     0.0054   0.06247321   -5.3520181    -4.319    -0.791
svysep05_gto105    geo-0003:sv1-20050901-S-32-1A      53615.140886 05-SEP-02 03:22:52.55      1.067040     2  17.70  17.80  48186.51325  0.0000000   12.8731     7.5967     0.0000   351.7440   -77.08      0.00000  0.0000000    0.0000     0.0000     0.0000     0.0000  23.49534538   -6.0354093   -32.556    -1.833
svysep05_gto105    geo-0005:sv1-20050901-S-32-1B      53615.137552 05-SEP-02 03:18:04.49      1.067040     2  19.50  19.60  46128.30190  0.0000000    1.4157   136.2231     0.0000   223.1995   -50.74      0.00000  0.0000000    0.0000     0.0000     0.0000     0.0000  23.49308279   -5.1837153   -31.484    -0.969
svysep05_gto105    geo-0001:sv1-20050901-S-39-1A      53615.180574 05-SEP-02 04:20:01.59      2.132640     3  14.10  14.20  41898.50090  0.0000000    2.3238    24.2662     0.0000   335.2643     3.40      0.03464  0.0000000    0.0647     0.7310     0.0000     0.7308  23.40406250   -5.4242724   -46.879    -0.972
svysep05_gto105    geo-0010:sv1-20050901-S-39-1A      53615.188722 05-SEP-02 04:31:45.58      3.199680     4  18.10  18.20  47975.27533  0.0000000   16.8321     5.1265     0.0000   353.8330   -74.38      0.01398  0.0000000    0.0245     0.0090     0.0000     0.0091  23.40269141   -5.5507056   -50.147    -1.783
svysep05_gto105    geo-0003:sv1-20050901-S-44-1B      53615.229488 05-SEP-02 05:30:27.76      4.266720     5  17.30  17.30  59281.39799  0.0000000   11.6566   168.1029     0.0000   189.7977  -219.10      0.03365  0.0000000    0.0468     0.0427     0.0000     0.0414  23.33089662   -5.0958193   -66.383    -1.970
svysep05_gto105    geo-0002:sv1-20050902-S-11-1A      53615.969000 05-SEP-02 23:15:21.60      2.134080     3  10.80  10.90  42228.89043  0.0000000    3.6307    46.7164     0.0000   313.0227    -0.82      0.01155  0.0000000    0.0161     0.2695     0.0000     0.2689   0.23042386   -7.2109144    28.758    -2.654
svysep05_gto105    geo-0003:sv1-20050902-S-11-1A      53615.969741 05-SEP-02 23:16:25.62      3.199680     4  18.30  18.30  54073.22508  0.0000000    5.7108    46.6077     0.0000   314.2280  -152.43      0.05051  0.0000000    0.0549     0.5617     0.0000     0.5587   0.22283701   -7.4649222    29.672    -4.089
svysep05_gto105    geo-0004:sv1-20050902-S-12-1B      53615.983653 05-SEP-02 23:36:27.61      5.333760     5  15.90  16.00  64733.16955  0.0000000    3.7443   105.6346     0.0000   255.9607  -288.88      0.03282  0.0000000    0.0100     0.6212     0.0000     0.6199   0.20279960   -6.4145070    25.238    -3.632
svysep05_gto105    geo-0003:sv1-20050902-S-14-1A      53616.004892 05-SEP-03 00:07:02.66      1.065600     2  19.30  19.40  42646.19167  0.0000000   13.3491    12.2122     0.0000   347.3988    -6.17      0.00000  0.0000000    0.0000     0.0000     0.0000     0.0000   0.18017637   -7.4340197    15.946    -2.887
svysep05_gto105    geo-0005:sv1-20050902-S-14-1B      53616.007484 05-SEP-03 00:10:46.61      1.067040     2  16.20  16.30  60114.56946  0.0000000   36.7807     5.8487     0.0000   354.3493  -229.76      0.00000  0.0000000    0.0000     0.0000     0.0000     0.0000   0.17563188   -6.4440037    16.387    -3.380
svysep05_gto105    geo-0001:sv1-20050902-S-17-1A      53616.033051 05-SEP-03 00:47:35.60      1.067040     2  12.20  12.20  34142.76299  0.0000000   15.2497   174.0340     0.0000   184.9754   102.68      0.00000  0.0000000    0.0000     0.0000     0.0000     0.0000   0.11288355   -7.2628118     4.675    -1.307
svysep05_gto105    geo-0002:sv1-20050902-S-26-1A      53616.110239 05-SEP-03 02:38:44.64      1.067040     2  18.50  18.60  37972.19276  0.0000000    2.2991    87.4937     0.0000   272.2458    53.66      0.00000  0.0000000    0.0000     0.0000     0.0000     0.0000  23.55005031   -7.5752228   -22.282    -2.297
svysep05_gto105    geo-0010:sv1-20050902-S-28-1B      53616.134682 05-SEP-03 03:13:56.52      1.067040     2  16.10  16.10  42264.13574  0.0000000   12.7661     7.5506     0.0000   352.0790    -1.28      0.00000  0.0000000    0.0000     0.0000     0.0000     0.0000  23.50337443   -6.3847782   -31.025    -1.745
svysep05_gto105    geo-0016:sv1-20050903-S-30-1B      53617.150023 05-SEP-04 03:36:01.98      1.067040     2  17.50  17.50  42879.62683  0.0000000   14.3838    13.9386     0.0000   345.4417    -9.15      0.00000  0.0000000    0.0000     0.0000     0.0000     0.0000  23.47000512   -8.3536394   -37.553    -3.580
svysep05_gto105    geo-0007:sv1-20050904-S-11-1A      53617.971071 05-SEP-04 23:18:20.53      3.201120     4  11.40  11.40  55516.00257  0.0000000    7.9044   123.6334     0.0000   237.8499  -170.90      0.00602  0.0000000    0.0048     0.0558     0.0000     0.0553   0.22268094  -10.2806086    27.479    -6.686
svysep05_gto105    geo-0002:sv1-20050904-S-12-1A      53617.976557 05-SEP-04 23:26:14.52      1.067040     2  16.60  16.70  43313.97393  0.0000000    7.0392   129.4664     0.0000   230.6218   -14.71      0.00000  0.0000000    0.0000     0.0000     0.0000     0.0000   0.21041449  -10.1916198    24.138    -5.436
svysep05_gto105    geo-0011:sv1-20050904-S-12-1A      53617.986187 05-SEP-04 23:40:06.55      1.065600     2  16.40  16.50  38312.55144  0.0000000   18.7674    14.2046     0.0000   344.4999    49.30      0.00000  0.0000000    0.0000     0.0000     0.0000     0.0000   0.20507303  -10.3239182    20.278    -4.932
svysep05_gto105    geo-0006:sv1-20050904-S-18-1A      53618.026354 05-SEP-05 00:37:56.98      3.199680     4  19.70  19.80  54391.49267  0.0000000    7.0099   116.3003     0.0000   244.3849  -156.51      0.03827  0.0000000    0.0251     0.4322     0.0000     0.4290   0.12310573  -10.2423858     6.803    -6.318
svysep05_gto105    geo-0001:sv1-20050904-S-20-1B      53618.043029 05-SEP-05 01:01:57.70      3.199680     4  17.60  17.60  57181.45642  0.0000000    6.7764   118.7872     0.0000   241.6522  -192.22      0.03503  0.0000000    0.0238     0.3771     0.0000     0.3745   0.08267303   -9.5044893     0.538    -5.961
svysep05_gto105    geo-0004:sv1-20050904-S-29-1A      53618.109566 05-SEP-05 02:37:46.50      3.199680     4  16.20  16.30  55200.25924  0.0000000    8.1036   124.0836     0.0000   235.6563  -166.86      0.03825  0.0000000    0.0322     0.3363     0.0000     0.3329  23.54227370  -10.5010471   -24.281    -6.684
svysep05_gto105    geo-0001:sv1-20050904-S-33-1A      53618.158640 05-SEP-05 03:48:26.49      2.134080     3  18.50  18.50  53000.12551  0.0000000    7.3726   116.4396     0.0000   242.7443  -138.70      0.04061  0.0000000    0.0292     0.4427     0.0000     0.4390  23.44086774  -10.4508426   -42.478    -6.550
svysep05_gto105    geo-0003:sv1-20050904-S-33-1A      53618.160863 05-SEP-05 03:51:38.56      2.132640     3  12.80  12.80  42742.20869  0.0000000   12.8978    25.3659     0.0000   333.7739    -7.39      0.00417  0.0000000    0.0075     0.0164     0.0000     0.0160  23.43496411  -10.5255813   -42.554    -5.661
svysep05_gto105    geo-0003:sv1-20050904-S-33-1B      53618.161974 05-SEP-05 03:53:14.55      1.067040     2  10.10  10.20  43081.49289  0.0000000    5.0321   100.1743     0.0000   259.6201   -11.74      0.00000  0.0000000    0.0000     0.0000     0.0000     0.0000  23.43571399  -10.0224950   -42.916    -4.950
svysep05_gto105    geo-0016:sv1-20050905-S-15-1A      53618.997621 05-SEP-05 23:56:34.45      1.067040     2  18.40  18.40  48082.38550  0.0000000    7.3390    75.9584     0.0000   284.6250   -75.75      0.00000  0.0000000    0.0000     0.0000     0.0000     0.0000   0.19041669  -11.4337428    16.372    -7.100
svysep05_gto105    geo-0004:sv1-20050905-S-15-1B      53618.991324 05-SEP-05 23:47:30.39      1.067040     2  18.80  18.90  52189.72793  0.0000000    6.9049   100.2138     0.0000   260.8698  -128.32      0.00000  0.0000000    0.0000     0.0000     0.0000     0.0000   0.19540581  -10.5934563    18.964    -6.817
svysep05_gto105    geo-0001:sv1-20050905-S-20-1A      53619.024301 05-SEP-06 00:34:59.60      1.067040     2  19.00  19.00  58726.65501  0.0000000    8.1151    79.0062     0.0000   281.3384  -212.00      0.00000  0.0000000    0.0000     0.0000     0.0000     0.0000   0.11210859  -11.5117874     6.498    -7.956
svysep05_gto105    geo-0002:sv1-20050905-S-20-1A      53619.024301 05-SEP-06 00:34:59.60      2.132640     3  14.50  14.50  45718.70273  0.0000000    7.5804    78.0997     0.0000   281.5902   -45.49      0.05643  0.0000000    0.0223     0.7753     0.0000     0.7685   0.11229848  -12.3008485     5.831    -7.425
svysep05_gto105    geo-0004:sv1-20050905-S-20-1A      53619.025783 05-SEP-06 00:37:07.65      1.067040     2  19.90  20.00  52312.35119  0.0000000    9.6414   125.4435     0.0000   235.2367  -129.89      0.00000  0.0000000    0.0000     0.0000     0.0000     0.0000   0.11425114  -12.1955234     5.804    -7.908
svysep05_gto105    geo-0005:sv1-20050905-S-20-1A      53619.030968 05-SEP-06 00:44:35.63      4.266720     5  15.80  15.80  55946.66963  0.0000000   12.5083    41.4190     0.0000   318.4101  -176.41      0.04222  0.0000000    0.0469     0.1900     0.0000     0.1854   0.11082910  -12.2528405     4.146    -8.266
svysep05_gto105    geo-0001:sv1-20050905-S-20-1B      53619.024672 05-SEP-06 00:35:31.66      3.199680     4  18.50  18.60  58735.39785  0.0000000    8.0894    79.9524     0.0000   280.4837  -212.11      0.00851  0.0000000    0.0023     0.0830     0.0000     0.0822   0.11396874  -11.5109147     6.447    -7.954
svysep05_gto105    geo-0003:sv1-20050905-S-20-1B      53619.026894 05-SEP-06 00:38:43.64      1.067040     2  18.00  18.10  44259.05330  0.0000000   12.3559    29.3219     0.0000   330.2089   -26.81      0.00000  0.0000000    0.0000     0.0000     0.0000     0.0000   0.12447709  -11.1335369     5.212    -6.103
svysep05_gto105    geo-0002:sv1-20050905-S-31-1A      53619.110843 05-SEP-06 02:39:36.83      2.132640     3  15.40  15.40  45672.24350  0.0000000    7.1316    85.9046     0.0000   273.5525   -44.90      0.05794  0.0000000    0.0097     0.8635     0.0000     0.8568  23.52476844  -12.1712465   -25.714    -7.118
svysep05_gto105    geo-0005:sv1-20050905-S-31-1B      53619.119362 05-SEP-06 02:51:52.87      1.067040     2  15.50  15.50  41859.10879  0.0000000   12.7456    26.5870     0.0000   332.8354     3.91      0.00000  0.0000000    0.0000     0.0000     0.0000     0.0000  23.52462455  -11.1735289   -28.275    -5.781
svysep05_gto105    geo-0003:sv1-20050905-S-32-1A      53619.128132 05-SEP-06 03:04:30.60      1.065600     2  19.40  19.40  61896.47082  0.0000000    8.8545    70.6902     0.0000   287.9654  -252.57      0.00000  0.0000000    0.0000     0.0000     0.0000     0.0000  23.49042522  -12.1135012   -32.582    -8.420
svysep05_gto105    geo-0005:sv1-20050905-S-32-1A      53619.129614 05-SEP-06 03:06:38.64      1.067040     2  12.10  12.10  41919.35578  0.0000000   12.2112    30.6980     0.0000   328.5294     3.14      0.00000  0.0000000    0.0000     0.0000     0.0000     0.0000  23.49411937  -11.5255980   -32.167    -6.340
svysep05_gto105    geo-0006:sv1-20050905-S-34-1A      53619.152902 05-SEP-06 03:40:10.73      1.067040     2  19.80  19.80  46625.42064  0.0000000    9.2659    48.6201     0.0000   310.6533   -57.10      0.00000  0.0000000    0.0000     0.0000     0.0000     0.0000  23.45468559  -11.5516143   -40.736    -7.017
svysep05_gto105    geo-0001:sv1-20050905-S-34-1B      53619.143643 05-SEP-06 03:26:50.75      1.067040     2  18.30  18.30  42436.52867  0.0000000    6.0290    75.7154     0.0000   283.9322    -3.48      0.00000  0.0000000    0.0000     0.0000     0.0000     0.0000  23.46332915  -11.1212029   -37.317    -5.851
svysep05_gto105    geo-0010:sv1-20050905-S-35-1A      53619.164265 05-SEP-06 03:56:32.49      3.199680     4  15.40  15.40  67603.17617  0.0000000    8.8949    77.5973     0.0000   280.4589  -325.62      0.01961  0.0000000    0.0045     0.1495     0.0000     0.1477  23.42248120  -12.0537964   -46.303    -8.746
svysep05_gto105    geo-0005:sv1-20050905-S-35-1B      53619.162414 05-SEP-06 03:53:52.56      2.132640     3  19.20  19.20  53570.25043  0.0000000   12.1525    32.9140     0.0000   325.4141  -145.99      0.02345  0.0000000    0.0301     0.0979     0.0000     0.0957  23.43046314  -11.0104342   -44.883    -6.863
svysep05_gto105    geo-0001:sv1-20050906-S-25-1A      53620.090422 05-SEP-07 02:10:12.46      4.266720     5  18.00  18.00  59701.86924  0.0000000   10.8228    59.6218     0.0000   299.2176  -224.48      0.01834  0.0000000    0.0124     0.1161     0.0000     0.1140  23.55522661  -13.2948902   -19.533    -9.432
svysep05_gto105    geo-0003:sv1-20050906-S-25-1B      53620.094496 05-SEP-07 02:16:04.45      1.067040     2  15.80  15.80  38228.64597  0.0000000   20.5558    18.1257     0.0000   340.5563    50.38      0.00000  0.0000000    0.0000     0.0000     0.0000     0.0000  23.56392869  -13.0011485   -20.448    -6.712
svysep05_gto105    geo-0002:sv1-20050906-S-27-1B      53620.111162 05-SEP-07 02:40:04.39      1.067040     2  13.40  13.40  33811.22415  0.0000000    6.0777   103.7310     0.0000   256.2568   106.92      0.00000  0.0000000    0.0000     0.0000     0.0000     0.0000  23.51506220  -12.5907368   -26.387    -5.903
svydec05_gto75     geo-0003:sv1-20051125-S-2-1A       53700.132433 05-NOV-26 03:10:42.21      1.098720     2  15.80  15.80  42479.55696  0.0000000   10.0367   337.5333     0.0000    92.2983    -4.03      0.00000  0.0000000    0.0000     0.0000     0.0000     0.0000   4.23565656    6.4718656   -42.963    10.029
svydec05_gto75     geo-0003:sv1-20051201-S-2-1A       53706.093138 05-DEC-02 02:14:07.12      2.200320     3  17.40  17.50  43702.05307  0.0000000    8.7175    56.2663     0.0000    13.7012   -19.68      0.02092  0.0000000    0.0398     0.0665     0.0000     0.0660   4.28480711   -2.0847193   -34.744     2.057
svydec05_gto75     geo-0004:sv1-20051201-S-6-1B       53706.132317 05-DEC-02 03:10:32.18      1.100160     2  13.60  13.70  42472.23511  0.0000000    9.1871    53.7343     0.0000    16.3692    -3.94      0.00000  0.0000000    0.0000     0.0000     0.0000     0.0000   4.21259732   -1.3944434   -48.798     2.579
svydec05_gto75     geo-0008:sv1-20051202-S-17-1A      53706.985222 05-DEC-02 23:38:43.18      2.200320     3  15.00  15.10  42038.36130  0.0000000    8.3518    63.2092     0.0000     6.6193     1.61      0.00087  0.0000000    0.0018     0.0016     0.0000     0.0016   4.50532927   -3.3444937     3.170     0.959
svydec05_gto75     geo-0002:sv1-20051202-S-19-1B      53707.005188 05-DEC-03 00:07:28.24      1.100160     2  19.70  19.80  58673.41907  0.0000000   11.9234    68.2692     0.0000     1.7843  -211.31      0.00000  0.0000000    0.0000     0.0000     0.0000     0.0000   4.45260603   -2.4940019    -3.781     0.369
svydec05_gto75     geo-0003:sv1-20051202-S-20-1B      53707.021855 05-DEC-03 00:31:28.27      2.200320     2  10.40  10.50  42158.91408  0.0000000    1.5581   343.6037     0.0000    86.0593     0.07      0.00000  0.0000000    0.0000     0.0000     0.0000     0.0000   4.42363077   -2.5455540   -10.151     1.554
svydec05_gto75     geo-0006:sv1-20051202-S-21-1A      53707.035084 05-DEC-03 00:50:31.25      2.200320     3  12.20  12.30  42171.18887  0.0000000    3.3426    54.2188     0.0000    15.5797    -0.09      0.00273  0.0000000    0.0054     0.0267     0.0000     0.0266   4.40115361   -3.4019711   -14.814     0.897
svydec05_gto75     geo-0010:sv1-20051202-S-26-1A      53707.110199 05-DEC-03 02:38:41.19      1.100160     2  16.90  17.00  52810.22041  0.0000000    9.3268    72.3080     0.0000   357.0980  -136.27      0.00000  0.0000000    0.0000     0.0000     0.0000     0.0000   4.26060659   -4.0700996   -42.259    -0.470
svydec05_gto75     geo-0005:sv1-20051204-S-17-1A      53708.920306 05-DEC-04 22:05:14.43      2.200320     3  19.60  19.60  60613.31641  0.0000000    8.1566    33.9329     0.0000    37.8830  -236.14      0.03695  0.0000000    0.0401     0.2214     0.0000     0.2190   5.01438851    2.1840405    26.408     4.998
svydec05_gto75     geo-0009:sv1-20051204-S-17-1A      53708.924126 05-DEC-04 22:10:44.48      2.200320     3  19.80  19.90  43534.52488  0.0000000   16.2038    48.3814     0.0000    22.4016   -17.54      0.00178  0.0000000    0.0033     0.0050     0.0000     0.0047   5.01074296    2.2238179    23.472     6.105
svydec05_gto75     geo-0014:sv1-20051204-S-34-1A      53709.101277 05-DEC-05 02:25:50.33      1.100160     2  15.20  15.20  47536.39084  0.0000000    7.4731    17.2470     0.0000    52.5152   -68.76      0.00000  0.0000000    0.0000     0.0000     0.0000     0.0000   4.25316124    2.3429044   -40.928     5.924
svydec05_gto75     geo-0003:sv1-20051204-S-36-1A      53709.126832 05-DEC-05 03:02:38.28      1.100160     2  12.90  13.00  39984.16502  0.0000000    7.5682    16.3807     0.0000    54.1547    27.91      0.00000  0.0000000    0.0000     0.0000     0.0000     0.0000   4.21194327    2.0313717   -49.382     6.129
svydec05_gto75     geo-0007:sv1-20051204-S-39-1A      53709.165860 05-DEC-05 03:58:50.30      1.100160     2  18.30  18.40  46880.52919  0.0000000   27.2675    57.6584     0.0000    12.7127   -60.37      0.00000  0.0000000    0.0000     0.0000     0.0000     0.0000   4.13406843    2.1657165   -64.770     5.786
svydec05_gto75     geo-0003:sv1-20051205-S-18-1A      53709.941916 05-DEC-05 22:36:21.54      3.300480     4  18.00  18.00  57147.06912  0.0000000    9.3008   274.8156     0.0000   155.5862  -191.78      0.00939  0.0000000    0.0125     0.0347     0.0000     0.0343   4.56164857    0.5319004    16.773     3.830
svydec05_gto75     geo-0002:sv1-20051205-S-18-1A      53709.942680 05-DEC-05 22:37:27.55      1.100160     2  18.00  18.10  52472.42879  0.0000000   19.9443    59.7488     0.0000    11.7643  -131.94      0.00000  0.0000000    0.0000     0.0000     0.0000     0.0000   4.58064050    0.4624977    16.637     3.988
svydec05_gto75     geo-0005:sv1-20051205-S-18-1A      53709.948027 05-DEC-05 22:45:09.53      2.200320     3  16.90  17.00  45105.39554  0.0000000    5.9803   300.3105     0.0000   129.5093   -37.64      0.03244  0.0000000    0.0394     0.4537     0.0000     0.4514   4.56089861    0.5305583    13.855     4.611
svydec05_gto75     geo-0002:sv1-20051205-S-35-1A      53710.056951 05-DEC-06 01:22:00.56      1.100160     2  19.20  19.30  58518.44478  0.0000000    4.4755    15.7632     0.0000    53.8287  -209.33      0.00000  0.0000000    0.0000     0.0000     0.0000     0.0000   4.34049453    0.4412187   -25.930     3.612
svydec05_gto75     geo-0008:sv1-20051205-S-40-1A      53710.119607 05-DEC-06 02:52:14.04      1.100160     2  10.10  10.20  44418.42840  0.0000000    6.2621   294.3043     0.0000   135.4742   -28.85      0.00000  0.0000000    0.0000     0.0000     0.0000     0.0000   4.22470003    0.3350082   -48.106     4.387
svydec05_gto75     geo-0003:sv1-20051206-S-23-1A      53711.008452 05-DEC-07 00:12:10.25      2.200320     3  18.70  18.80  62456.26608  0.0000000   15.3254    62.7277     0.0000     7.9112  -259.73      0.03069  0.0000000    0.0399     0.0222     0.0000     0.0214   4.44369073   -0.4421410    -8.556     2.085
svydec05_gto75     geo-0010:sv1-20051206-S-29-1A      53711.062561 05-DEC-07 01:30:05.27      1.100160     2  11.50  11.50  55277.69505  0.0000000    5.7974    42.7672     0.0000    26.9718  -167.85      0.00000  0.0000000    0.0000     0.0000     0.0000     0.0000   4.32596413   -0.3246248   -28.829     2.626
svydec05_gto75     geo-0001:sv1-20051206-S-34-1A      53711.109841 05-DEC-07 02:38:10.26      3.300480     4  18.60  18.70  55939.63177  0.0000000    6.7336   272.0086     0.0000   156.4327  -176.32      0.00850  0.0000000    0.0116     0.0430     0.0000     0.0427   4.21364256   -0.2553779   -46.930     2.687
svydec05_gto75     geo-0007:sv1-20051206-S-34-1A      53711.115952 05-DEC-07 02:46:58.25      1.100160     2  19.70  19.80  64073.53117  0.0000000    2.6767   298.6118     0.0000   129.7422  -280.44      0.00000  0.0000000    0.0000     0.0000     0.0000     0.0000   4.21479745   -0.4055199   -49.338     2.058
svydec05_gto75     geo-0011:sv1-20051206-S-41-1A      53711.182975 05-DEC-07 04:23:29.04      1.100160     2  16.80  16.90  56430.94393  0.0000000    6.2972    49.6208     0.0000    18.8053  -182.61      0.00000  0.0000000    0.0000     0.0000     0.0000     0.0000   4.13045732   -1.0504935   -73.596     2.026
