Campaign           Name                              Osc_epoch     Date      Time        arcl [min]    # obs mag_c   mag_u  a(km)        e          i(dg)     raan(dg)   w(dg)      s(dg)      dn(dg/d) da(km)       de         di(dg)    draan(dg)  dw(dg)     ds(dg)     R.A.(h)      Decl.(dg)    lon(dg)   lat(dg)  
follow_aiub2       geo-0001:sv1-20150121-U-35-1       57044.234683 15-JAN-22 05:37:56.61      0.367200     2   6.50   6.90  56734.47585  0.0000000   66.4140   150.1429     0.0000    80.7501  -186.50      0.00000  0.0000000    0.0000     0.0000     0.0000     0.0000  15.04057768   68.0305046    12.250    64.762
follow_aiub2       geo-0002:sv1-20150121-U-35-1       57044.234683 15-JAN-22 05:37:56.61      0.367200     2   5.30   5.70  62507.34307  0.0000000   76.4814    67.7068     0.0000   111.9342  -260.39      0.00000  0.0000000    0.0000     0.0000     0.0000     0.0000  14.58009451   67.2319932    11.826    64.411
follow_aiub2       geo-0003:sv1-20150121-U-35-1       57044.234683 15-JAN-22 05:37:56.61      0.367200     2   6.80   7.20  25832.57904  0.0000000   60.4405   108.8646     0.0000    95.8383   209.05      0.00000  0.0000000    0.0000     0.0000     0.0000     0.0000  15.02048710   67.3250030     4.829    59.921
follow_aiub2       geo-0004:sv1-20150121-U-35-1       57044.234683 15-JAN-22 05:37:56.61      0.367200     2   6.70   7.10  35088.15133  0.0000000   70.2284   170.1493     0.0000    70.3616    90.58      0.00000  0.0000000    0.0000     0.0000     0.0000     0.0000  15.01506560   67.5613482     7.874    62.413
follow_aiub2       geo-0005:sv1-20150121-U-35-1       57044.234683 15-JAN-22 05:37:56.61      0.367200     2   6.20   6.60  41125.47611  0.0000000   79.9476   193.6147     0.0000    65.0499    13.30      0.00000  0.0000000    0.0000     0.0000     0.0000     0.0000  14.56583192   67.5642787     8.434    63.222
followjan15        geo-0001:sv1-20150122-U-11-1       57044.950830 15-JAN-22 22:49:11.71      1.100160     4  17.20  17.30  42396.91325  0.0000000    8.3107    55.7172     0.0000    85.7449    -2.97      0.04866  0.0000000    0.0082     0.6821     0.0000     0.6748   9.52292657    4.3343013    37.153     8.288
followjan15        geo-0001:sv1-20150122-U-15-1       57044.981947 15-JAN-22 23:34:00.22      1.467360     5  18.20  18.30  50048.94870  0.0000000   10.7287    11.2158     0.0000   130.9982  -100.92      0.01136  0.0000000    0.0126     0.0778     0.0000     0.0764   9.50278383    5.0204125    27.218     8.077
followjan15        geo-0001:sv1-20150122-U-20-1       57045.036251 15-JAN-23 00:52:12.08      1.100160     4  18.10  18.20  48423.24158  0.0000000   20.2346   338.3571     0.0000   163.4228   -80.11      0.01486  0.0000000    0.0250     0.0215     0.0000     0.0203   9.43206831    2.2047790     7.652     5.663
followjan15        geo-0001:sv1-20150122-U-28-1       57045.128332 15-JAN-23 03:04:47.88      1.467360     5  17.80  17.90  40557.21990  0.0000000    9.3023    62.7023     0.0000    80.5968    20.57      0.00263  0.0000000    0.0009     0.0345     0.0000     0.0341   9.27133964    5.4303488   -25.164     9.176
follow_aiub2       geo-0001:sv1-20150122-U-2-1        57044.839523 15-JAN-22 20:08:54.78      2.200320     5  12.60  13.40  42690.25333  0.0000000    2.0664    90.1233     0.0000   325.5083    -6.73      0.00852  0.0000000    0.0142     0.2685     0.0000     0.2683   3.47364737   -5.5722119    -8.435    -1.170
follow_aiub2       geo-0001:sv1-20150122-U-30-1       57045.149027 15-JAN-23 03:34:35.93      1.833120     6  14.30  14.40  41889.57037  0.0000000   14.4859    13.1078     0.0000   138.0372     3.52      0.00160  0.0000000    0.0025     0.0089     0.0000     0.0086  10.03506379    6.2227841   -23.747     9.628
followjan15        geo-0001:sv1-20150122-U-32-1       57045.165279 15-JAN-23 03:58:00.10      1.833120     5  17.60  17.70  44674.70073  0.0000000   16.2230   345.9055     0.0000   157.0539   -32.13      0.00142  0.0000000    0.0025     0.0038     0.0000     0.0037   9.23160483    2.4206805   -37.894     6.253
followjan15        geo-0001:sv1-20150122-U-33-1       57045.169120 15-JAN-23 04:03:31.96      2.200320     7  14.10  14.30  41880.19275  0.0000000   14.4934    13.0928     0.0000   145.3771     3.64      0.00932  0.0000000    0.0160     0.0438     0.0000     0.0424  10.32563315    4.4102429   -23.733     8.175
followjan15        geo-0001:sv1-20150122-U-41-1       57045.252314 15-JAN-23 06:03:19.92      2.200320     7  17.40  17.40  53453.76230  0.0000000    9.1790    74.1328     0.0000    66.4049  -144.50      0.00879  0.0000000    0.0056     0.0801     0.0000     0.0791   8.59379466    5.2909726   -72.830     8.406
followjan15        geo-0001:sv1-20150122-U-4-1        57044.865866 15-JAN-22 20:46:50.82      3.666240    11  14.00  14.60  59261.33981  0.0000000    6.8470    81.6159     0.0000   344.0047  -218.84      0.00766  0.0000000    0.0102     0.0243     0.0000     0.0241   4.26371204   -5.1605132    -7.865    -1.883
followjan15        geo-0002:sv1-20150122-U-4-1        57044.866375 15-JAN-22 20:47:34.80      2.933280     5  11.40  12.00  42452.34717  0.0000000    2.1725    87.0510     0.0000   338.1246    -3.68      0.00498  0.0000000    0.0094     0.0986     0.0000     0.0985   4.25428974   -5.3438181    -8.587    -0.809
follow_aiub2       geo-0001:sv1-20150123-U-16-1       57046.006736 15-JAN-24 00:09:41.99      1.833120     6  16.10  17.20  40476.91942  0.0000000   21.9332     2.0421     0.0000    45.3487    21.60      0.00000  0.0000000    0.0000     0.0000     0.0000     0.0000   2.29355553   11.5210303   -80.192    15.410
followjan15        geo-0001:sv1-20150123-U-18-1       57046.021899 15-JAN-24 00:31:32.07      3.666240    11  16.50  16.60  59172.99346  0.0000000    6.7819    42.5613     0.0000    98.2861  -217.71      0.01368  0.0000000    0.0029     0.1602     0.0000     0.1591   9.34238138    4.0900474    10.000     6.711
followjan15        geo-0001:sv1-20150123-U-19-1       57046.026506 15-JAN-24 00:38:10.11      3.300480    10  18.80  18.90  43257.90673  0.0000000   15.0997   344.0478     0.0000   158.2098   -14.00      0.00191  0.0000000    0.0035     0.0053     0.0000     0.0052   9.47105369    1.4538663    10.375     5.549
followjan15        geo-0001:sv1-20150123-U-20-1       57046.030094 15-JAN-24 00:43:20.12      2.933280     8  19.40  19.50  43627.80316  0.0000000    7.8764    36.7364     0.0000   109.2799   -18.73      0.00649  0.0000000    0.0043     0.0879     0.0000     0.0871  10.01020582    3.5500801    12.323     7.432
followjan15        geo-0001:sv1-20150123-U-21-1       57046.034191 15-JAN-24 00:49:14.10      1.465920     5  16.70  16.80  57462.03804  0.0000000    6.8758    41.7068     0.0000   101.7736  -195.81      0.01139  0.0000000    0.0034     0.1345     0.0000     0.1335   9.44422547    4.0537177     8.221     6.730
followjan15        geo-0003:sv1-20150123-U-21-1       57046.035719 15-JAN-24 00:51:26.12      1.467360     3  20.10  20.20  67315.93279  0.0000000   12.8360   114.6398     0.0000    29.8272  -321.94      0.01739  0.0000000    0.0183     0.0476     0.0000     0.0464   9.44049899    4.0541018     7.952     6.344
followjan15        geo-0001:sv1-20150123-U-22-1       57046.039307 15-JAN-24 00:56:36.12      2.566080     8  19.00  19.10  45403.38346  0.0000000   14.8989   347.5080     0.0000   159.7412   -41.46      0.00309  0.0000000    0.0054     0.0077     0.0000     0.0075  10.06140903    1.2753381    10.689     5.108
followjan15        geo-0002:sv1-20150123-U-22-1       57046.039562 15-JAN-24 00:56:58.15      2.200320     7  13.70  13.80  65683.27426  0.0000000    4.3111    82.3243     0.0000    66.7106  -301.04      0.03020  0.0000000    0.0148     0.4603     0.0000     0.4590  10.06011683    1.2621851    11.695     3.959
followjan15        geo-0001:sv1-20150123-U-23-1       57046.042388 15-JAN-24 01:01:02.32      1.833120     6  19.60  19.70  68071.84948  0.0000000   12.7374   114.5276     0.0000    31.1409  -331.61      0.02736  0.0000000    0.0280     0.0774     0.0000     0.0755   9.48222424    4.2043381     6.739     6.547
followjan15        geo-0002:sv1-20150123-U-23-1       57046.042388 15-JAN-24 01:01:02.32      1.833120     6  16.60  16.70  56131.24405  0.0000000   25.5703   340.5553     0.0000   162.8303  -178.77      0.02014  0.0000000    0.0287     0.0204     0.0000     0.0186   9.50031729    4.4053235     6.680     7.320
followjan15        geo-0001:sv1-20150123-U-29-1       57046.142203 15-JAN-24 03:24:46.33      1.833120     6  17.80  17.90  47345.25788  0.0000000    8.9386    11.5951     0.0000   130.3215   -66.31      0.00240  0.0000000    0.0028     0.0211     0.0000     0.0209   9.20514231    3.3358720   -32.071     6.803
followjan15        geo-0001:sv1-20150123-U-30-1       57046.145025 15-JAN-24 03:28:50.16      4.033440    12  19.20  19.30  59726.96008  0.0000000    7.1237    35.8503     0.0000   102.5413  -224.80      0.00536  0.0000000    0.0016     0.0582     0.0000     0.0578   9.05442116    4.2734981   -36.865     6.953
followjan15        geo-0001:sv1-20150123-U-31-1       57046.149126 15-JAN-24 03:34:44.48      3.666240     9  18.20  18.20  62176.61617  0.0000000    7.3014    22.2190     0.0000   113.7171  -256.16      0.00742  0.0000000    0.0040     0.0707     0.0000     0.0701   8.55112184    4.1530808   -40.723     6.682
followjan15        geo-0001:sv1-20150123-U-36-1       57046.217049 15-JAN-24 05:12:33.03      1.833120     6  18.60  18.70  42644.68170  0.0000000   13.4578    48.8949     0.0000   108.6258    -6.15      0.00489  0.0000000    0.0032     0.0404     0.0000     0.0393  10.16164038    9.5312816   -43.342    12.741
followjan15        geo-0001:sv1-20150123-U-37-1       57046.225754 15-JAN-24 05:25:05.14      3.300480    10  18.50  18.60  51528.30898  0.0000000    9.3187     7.3972     0.0000   131.4815  -119.86      0.00441  0.0000000    0.0048     0.0335     0.0000     0.0330   8.56441121    3.5315384   -65.237     6.968
followjan15        geo-0002:sv1-20150123-U-7-1        57045.922906 15-JAN-23 22:08:59.07      2.200320     6  13.30  13.60  41621.26398  0.0000000   15.3091   356.6531     0.0000    81.2828     6.95      0.01623  0.0000000    0.0050     0.1273     0.0000     0.1228   5.09574891   12.4832033   -17.549    15.128
followjan15        geo-0001:sv1-20150123-U-7-1        57045.922906 15-JAN-23 22:08:59.07      2.200320     7  17.20  17.50  43743.63083  0.0000000   15.2115   337.8711     0.0000    99.4076   -20.21      0.00173  0.0000000    0.0006     0.0128     0.0000     0.0124   5.09574454   12.4736403   -17.556    15.002
followjan15        geo-0001:sv1-20150124-U-10-1       57046.973245 15-JAN-24 23:21:28.36      2.200320     6  19.40  19.50  42873.97655  0.0000000   13.1587   345.2553     0.0000   155.0241    -9.08      0.00664  0.0000000    0.0120     0.0244     0.0000     0.0239   9.46148080    1.3839015    26.531     5.516
followjan15        geo-0001:sv1-20150124-U-16-1       57047.023697 15-JAN-25 00:34:07.42      2.566080     8  18.20  18.30  47708.77226  0.0000000   14.9022   339.3689     0.0000   160.7376   -70.97      0.00196  0.0000000    0.0033     0.0044     0.0000     0.0043   9.35363331    1.2351230     8.169     4.867
followjan15        geo-0001:sv1-20150124-U-20-1       57047.041521 15-JAN-25 00:59:47.41      4.033440    11  17.60  17.70  67208.61479  0.0000000    5.1357    83.5011     0.0000    58.8743  -320.56      0.02240  0.0000000    0.0139     0.2599     0.0000     0.2588   9.36144537    1.5858626     3.300     4.395
followjan15        geo-0002:sv1-20150124-U-22-1       57047.059043 15-JAN-25 01:25:01.31      1.833120     6  18.50  18.60  73503.31072  0.0000000   19.7593   336.9664     0.0000   167.7346  -401.14      0.01594  0.0000000    0.0171     0.0110     0.0000     0.0104   9.47061914    1.5438077     0.104     4.118
followjan15        geo-0002:sv1-20150124-U-30-1       57047.117552 15-JAN-25 02:49:16.49      2.200320     6  20.00  20.10  43297.82235  0.0000000   10.2692   357.5088     0.0000   145.7660   -14.51      0.00749  0.0000000    0.0124     0.0469     0.0000     0.0461   9.31138700    2.0143450   -22.716     5.756
follow_aiub2       geo-0001:sv1-20150124-U-35-1       57047.146926 15-JAN-25 03:31:34.40      1.833120     6  13.70  14.00  41886.71804  0.0000000   14.4694    13.1296     0.0000   149.0552     3.56      0.00046  0.0000000    0.0008     0.0019     0.0000     0.0019  10.53390719    3.4608926   -14.030     7.382
follow_aiub2       geo-0001:sv1-20150124-U-37-1       57047.153084 15-JAN-25 03:40:26.45      1.833120     6  13.90  14.10  41894.68250  0.0000000   14.4834    13.0928     0.0000   151.3357     3.45      0.00080  0.0000000    0.0014     0.0032     0.0000     0.0031  11.02280975    3.1156953   -14.046     6.890
followjan15        geo-0001:sv1-20150124-U-41-1       57047.189647 15-JAN-25 04:33:05.50      2.566080     8  13.40  13.50  42311.36633  0.0000000   14.6615   345.8019     0.0000   152.2629    -1.88      0.02292  0.0000000    0.0418     0.0864     0.0000     0.0833   8.54485865    2.5928735   -53.607     6.765
followjan15        geo-0001:sv1-20150124-U-44-1       57047.217796 15-JAN-25 05:13:37.57      2.933280     9  15.70  15.70  46654.23808  0.0000000    4.4581    33.1880     0.0000   108.0048   -57.47      0.02695  0.0000000    0.0156     0.6018     0.0000     0.5999   9.03455797    0.3453398   -61.362     4.239
followjan15        geo-0002:sv1-20150124-U-45-1       57047.222401 15-JAN-25 05:20:15.44      2.933280     9  14.30  14.40  43003.50677  0.0000000   12.9182   340.1921     0.0000   156.5534   -10.74      0.00275  0.0000000    0.0051     0.0098     0.0000     0.0095   8.43580277    1.1032213   -66.992     5.103
followjan15        geo-0003:sv1-20150124-U-45-1       57047.223165 15-JAN-25 05:21:21.45      1.833120     6  19.10  19.10  42228.71434  0.0000000   14.9106   337.2091     0.0000   159.6826    -0.82      0.00618  0.0000000    0.0119     0.0173     0.0000     0.0166   8.44263144    1.0716573   -67.022     5.126
follow_aiub2       geo-0001:sv1-20150124-U-50-1       57047.284452 15-JAN-25 06:49:36.65      0.732960     3  13.10  14.20  42157.82434  0.0000000    1.5005    79.2409     0.0000   129.0479     0.09      0.00217  0.0000000    0.0028     0.1317     0.0000     0.1316  13.52092121   -3.2243420   -18.370     1.165
follow_aiub2       geo-0002:sv1-20150124-U-50-1       57047.284961 15-JAN-25 06:50:20.63      1.467360     4  18.70  19.70  44535.18774  0.0000000    4.5987    38.7599     0.0000   169.0127   -30.34      0.01060  0.0000000    0.0200     0.0494     0.0000     0.0493  13.49517006   -3.2553718   -19.045     0.876
followfeb15        geo-0001:sv1-20150222-U-17-1       57076.116914 15-FEB-23 02:48:21.36      3.666240    11  17.30  17.30  63178.53026  0.0000000   30.5510   161.0259     0.0000    10.3290  -268.98      0.00939  0.0000000    0.0121     0.0045     0.0000     0.0039  11.16367527    2.4414393   -24.828     5.229
followfeb15        geo-0001:sv1-20150223-U-14-1       57077.066229 15-FEB-24 01:35:22.18      1.833120     6  12.50  12.60  42160.56227  0.0000000   10.0142    34.4810     0.0000   138.8697     0.05      0.00121  0.0000000    0.0019     0.0093     0.0000     0.0092  11.43072000    2.5025048    -3.676     6.568
followfeb15        geo-0001:sv1-20150224-U-11-1       57077.957851 15-FEB-24 22:59:18.32      2.566080     8  16.70  16.70  41518.97615  0.0000000   14.0389    15.4183     0.0000   130.6529     8.26      0.00143  0.0000000    0.0020     0.0093     0.0000     0.0090  10.02349994    7.2232364     7.607    10.605
followfeb15        geo-0001:sv1-20150224-U-14-1       57077.978824 15-FEB-24 23:29:30.39      3.300480     8  17.70  17.80  44967.31067  0.0000000   18.2060   359.9409     0.0000   176.7028   -35.88      0.00404  0.0000000    0.0076     0.0014     0.0000     0.0017  12.09565411   -3.0316969    29.912     1.030
followfeb15        geo-0001:sv1-20150224-U-16-1       57077.996807 15-FEB-24 23:55:24.12      2.566080     8  17.50  17.70  44045.02755  0.0000000   18.2599     0.0977     0.0000   182.3988   -24.07      0.00325  0.0000000    0.0063     0.0011     0.0000     0.0014  12.32244509   -5.0520419    28.988    -0.751
followfeb15        geo-0002:sv1-20150224-U-16-1       57077.998589 15-FEB-24 23:57:58.08      0.732960     3  11.60  11.80  42198.70698  0.0000000   10.5941     0.3281     0.0000   181.8998    -0.44      0.05163  0.0000000    0.1045     0.0299     0.0000     0.0360  12.32288076   -4.5154002    28.165    -0.349
followfeb15        geo-0001:sv1-20150224-U-18-1       57078.006646 15-FEB-25 00:09:34.21      2.933280     9  18.50  18.60  47690.16873  0.0000000    2.9312    75.8768     0.0000    99.1350   -70.73      0.00598  0.0000000    0.0018     0.2053     0.0000     0.2050  11.57091583   -0.4816100    18.084     2.894
followfeb15        geo-0001:sv1-20150224-U-21-1       57078.027978 15-FEB-25 00:40:17.29      2.200320     6  19.20  19.30  48940.42905  0.0000000    2.8541    74.1423     0.0000   107.2641   -86.73      0.00481  0.0000000    0.0025     0.1593     0.0000     0.1591  12.21458202   -0.5317598    16.787     2.725
followfeb15        geo-0001:sv1-20150224-U-30-1       57078.119007 15-FEB-25 02:51:22.20      2.933280     9  18.40  18.40  68787.02441  0.0000000    6.7320     7.0701     0.0000   166.3297  -340.77      0.01795  0.0000000    0.0205     0.0424     0.0000     0.0421  11.31222035   -1.0021572   -24.010     1.588
followfeb15        geo-0001:sv1-20150224-U-31-1       57078.123612 15-FEB-25 02:58:00.07      1.833120     5  18.50  18.50  69185.33879  0.0000000    6.8838     6.6448     0.0000   167.5452  -345.87      0.01473  0.0000000    0.0168     0.0310     0.0000     0.0308  11.34135416   -1.0617966   -24.886     1.481
followfeb15        geo-0001:sv1-20150224-U-32-1       57078.126690 15-FEB-25 03:02:26.01      3.300480     7  18.50  18.50  79370.44076  0.0000000   24.6749   351.7622     0.0000   178.0445  -476.24      0.01173  0.0000000    0.0119     0.0013     0.0000     0.0012  11.15508212   -1.2737724   -30.288     0.816
followfeb15        geo-0002:sv1-20150224-U-33-1       57078.130531 15-FEB-25 03:07:57.87      0.367200     2  17.60  17.60  52282.27147  0.0000000   12.1433     0.8756     0.0000   170.4118  -129.51      0.00000  0.0000000    0.0000     0.0000     0.0000     0.0000  11.19351846   -1.2653790   -30.162     2.008
followfeb15        geo-0001:sv1-20150224-U-33-1       57078.130531 15-FEB-25 03:07:57.87      3.666240    10  16.10  16.20  79472.81378  0.0000000   24.6633   351.7540     0.0000   178.5889  -477.55      0.00000  0.0000000    0.0000     0.0000     0.0000     0.0000  11.17320878   -1.4202203   -31.189     0.589
followfeb15        geo-0001:sv1-20150224-U-34-1       57078.137028 15-FEB-25 03:17:19.21      3.666240    10  17.50  17.50  70145.45324  0.0000000    7.4511     5.4986     0.0000   170.9583  -358.16      0.00714  0.0000000    0.0081     0.0100     0.0000     0.0099  11.42240874   -1.2420491   -27.473     1.168
followfeb15        geo-0001:sv1-20150224-U-35-1       57078.141125 15-FEB-25 03:23:13.20      4.033440    11  18.00  18.10  70316.10349  0.0000000    7.6376     5.2420     0.0000   171.8996  -360.34      0.00908  0.0000000    0.0103     0.0111     0.0000     0.0110  11.44517643   -1.3004325   -28.272     1.073
followfeb15        geo-0002:sv1-20150224-U-35-1       57078.142907 15-FEB-25 03:25:47.16      1.100160     4  19.30  19.30  53544.08464  0.0000000   21.6000     1.7464     0.0000   175.4732  -145.66      0.03128  0.0000000    0.0490     0.0120     0.0000     0.0112  11.44371473   -1.4424362   -28.592     1.665
followfeb15        geo-0001:sv1-20150224-U-36-1       57078.145222 15-FEB-25 03:29:07.18      4.033440    12  18.10  18.20  79531.18458  0.0000000   24.8215   351.7486     0.0000   180.6427  -478.29      0.00392  0.0000000    0.0040     0.0003     0.0000     0.0003  11.23589817   -2.3654879   -34.632    -0.270
followfeb15        geo-0002:sv1-20150224-U-37-1       57078.149574 15-FEB-25 03:35:23.19      3.666240    11  18.20  18.30  79555.85504  0.0000000   24.8273   351.7468     0.0000   181.2507  -478.61      0.00000  0.0000000    0.0000     0.0000     0.0000     0.0000  11.25536075   -2.5310361   -35.653    -0.525
followfeb15        geo-0001:sv1-20150224-U-38-1       57078.156252 15-FEB-25 03:45:00.17      2.933280     9  20.00  20.10  58003.25374  0.0000000   22.2674     0.8930     0.0000   179.4431  -202.74      0.02760  0.0000000    0.0396     0.0046     0.0000     0.0043  11.55380065   -3.0300642   -30.568     0.211
followfeb15        geo-0001:sv1-20150224-U-45-1       57078.236576 15-FEB-25 05:40:40.16      4.033440    12  18.60  18.60  55858.10109  0.0000000    2.9510    41.0394     0.0000   130.2440  -175.28      0.00359  0.0000000    0.0035     0.0798     0.0000     0.0796  11.05574940   -0.5331525   -68.620     2.252
followfeb15        geo-0001:sv1-20150224-U-47-1       57078.251531 15-FEB-25 06:02:12.27      3.666240     9  20.00  20.00  55311.99318  0.0000000    3.0439    40.0971     0.0000   134.7924  -168.29      0.00609  0.0000000    0.0066     0.1235     0.0000     0.1233  11.19467876   -1.0110750   -70.410     2.160
followfeb15        geo-0001:sv1-20150224-U-8-1        57077.927618 15-FEB-24 22:15:46.19      2.566080     7  17.10  17.10  41289.43060  0.0000000   14.0489    15.4659     0.0000   119.3644    11.20      0.00201  0.0000000    0.0021     0.0151     0.0000     0.0147   9.17074152    9.1252993     7.168    12.214
followapr15        geo-0001:svy1-20150403-U-2-1       57115.866762 15-APR-03 20:48:08.23      0.367200     2  18.50  18.60  34070.08527  0.0000000   23.8287   154.0031     0.0000     5.7322   103.61      0.00000  0.0000000    0.0000     0.0000     0.0000     0.0000  11.00170637   -3.1103393     0.000     0.000
followapr15        geo-0002:svy1-20150403-U-2-1       57115.867016 15-APR-03 20:48:30.18      0.367200     2  18.60  18.70  48470.52428  0.0000000   12.2269   341.2210     0.0000   179.7731   -80.72      0.00000  0.0000000    0.0000     0.0000     0.0000     0.0000  11.00182978   -3.5216856     0.000     0.000
followapr15        geo-0003:svy1-20150403-U-2-1       57115.867271 15-APR-03 20:48:52.21      0.367200     2  18.30  18.40  33309.26351  0.0000000    3.4116   112.4304     0.0000    46.8645   113.35      0.00000  0.0000000    0.0000     0.0000     0.0000     0.0000  11.00459329   -3.0736400     0.000     0.000
followapr15        geo-0004:svy1-20150403-U-2-1       57115.867271 15-APR-03 20:48:52.21      0.367200     2  17.90  18.00  33374.78539  0.0000000    3.1236   106.7670     0.0000    52.5344   112.51      0.00000  0.0000000    0.0000     0.0000     0.0000     0.0000  11.00471325   -3.0732093     0.000     0.000
followapr15        geo-0005:svy1-20150403-U-2-1       57115.867525 15-APR-03 20:49:14.16      0.367200     2  17.90  18.00  33126.02508  0.0000000   22.7157   153.2023     0.0000     6.4099   115.69      0.00000  0.0000000    0.0000     0.0000     0.0000     0.0000  11.00168293   -3.1106731     0.000     0.000
followapr15        geo-0006:svy1-20150403-U-2-1       57115.867525 15-APR-03 20:49:14.16      0.367200     2  18.30  18.40  34322.41184  0.0000000   24.2802   154.2835     0.0000     5.5336   100.38      0.00000  0.0000000    0.0000     0.0000     0.0000     0.0000  11.00175552   -3.1106781     0.000     0.000
followapr15        geo-0007:svy1-20150403-U-2-1       57115.867525 15-APR-03 20:49:14.16      0.367200     2  16.10  16.20  24001.09840  0.0000000   10.3390   134.2819     0.0000    23.2756   232.49      0.00000  0.0000000    0.0000     0.0000     0.0000     0.0000  11.02118606   -3.5323356     0.000     0.000
followapr15        geo-0001:svy1-20150403-U-4-1       57115.883590 15-APR-03 21:12:22.17      0.367200     2  18.40  18.50  25471.03002  0.0000000   60.8321   161.3696     0.0000     4.5987   213.68      0.00000  0.0000000    0.0000     0.0000     0.0000     0.0000  11.25560652   -3.2326925     0.000     0.000
followapr15        geo-0002:svy1-20150403-U-4-1       57115.883590 15-APR-03 21:12:22.17      0.367200     2  18.30  18.30  26629.37982  0.0000000   22.3193   352.2507     0.0000   171.2110   198.85      0.00000  0.0000000    0.0000     0.0000     0.0000     0.0000  11.26381680   -3.4928071     0.000     0.000
followapr15        geo-0003:svy1-20150403-U-4-1       57115.883845 15-APR-03 21:12:44.20      0.367200     2  18.10  18.10  40663.24329  0.0000000   19.7512   351.1871     0.0000   175.7233    19.22      0.00000  0.0000000    0.0000     0.0000     0.0000     0.0000  11.28312390   -3.0901073     0.000     0.000
followapr15        geo-0004:svy1-20150403-U-4-1       57115.884864 15-APR-03 21:14:12.24      0.367200     2  18.40  18.50  39575.91752  0.0000000   19.1637   351.5930     0.0000   175.2074    33.13      0.00000  0.0000000    0.0000     0.0000     0.0000     0.0000  11.28312175   -3.0904946     0.000     0.000
followapr15        geo-0005:svy1-20150403-U-4-1       57115.885627 15-APR-03 21:15:18.17      0.367200     2  17.60  17.60  37995.79216  0.0000000   17.6125   352.4693     0.0000   174.1397    53.36      0.00000  0.0000000    0.0000     0.0000     0.0000     0.0000  11.28303098   -3.0904844     0.000     0.000
followapr15        geo-0006:svy1-20150403-U-4-1       57115.885882 15-APR-03 21:15:40.20      0.367200     2  18.30  18.40  25476.86202  0.0000000   20.7067   353.6446     0.0000   169.5998   213.60      0.00000  0.0000000    0.0000     0.0000     0.0000     0.0000  11.26360532   -3.4929374     0.000     0.000
followapr15        geo-0003:svy1-20150403-U-5-1       57115.906229 15-APR-03 21:44:58.18      0.367200     2  17.00  17.10  29938.54583  0.0000000   22.8376   159.7260     0.0000     7.3490   156.49      0.00000  0.0000000    0.0000     0.0000     0.0000     0.0000  11.27574720   -3.3022834     0.000     0.000
followapr15        geo-0004:svy1-20150403-U-5-1       57115.906229 15-APR-03 21:44:58.18      0.367200     2  18.40  18.40  28207.22222  0.0000000    3.1860   107.3641     0.0000    58.9497   178.65      0.00000  0.0000000    0.0000     0.0000     0.0000     0.0000  11.28286224   -4.0708048     0.000     0.000
followapr15        geo-0005:svy1-20150403-U-5-1       57115.906484 15-APR-03 21:45:20.21      0.367200     2  18.10  18.20  24928.51880  0.0000000   25.3061   156.4936     0.0000     9.5251   220.62      0.00000  0.0000000    0.0000     0.0000     0.0000     0.0000  11.26314622   -3.3618435     0.000     0.000
followapr15        geo-0006:svy1-20150403-U-5-1       57115.906993 15-APR-03 21:46:04.19      0.367200     2  18.00  18.00  24767.29887  0.0000000   25.4509   156.4364     0.0000     9.5952   222.68      0.00000  0.0000000    0.0000     0.0000     0.0000     0.0000  11.26322834   -3.3618259     0.000     0.000
followapr15        geo-0007:svy1-20150403-U-5-1       57115.907248 15-APR-03 21:46:26.22      0.367200     2  16.40  16.50  25211.67724  0.0000000   29.9953   158.1826     0.0000     8.0484   217.00      0.00000  0.0000000    0.0000     0.0000     0.0000     0.0000  11.26069794   -3.3310778     0.000     0.000
followapr15        geo-0008:svy1-20150403-U-5-1       57115.907502 15-APR-03 21:46:48.17      0.367200     2  18.60  18.70  24897.72173  0.0000000   25.7748   156.7184     0.0000     9.3871   221.01      0.00000  0.0000000    0.0000     0.0000     0.0000     0.0000  11.26321754   -3.3622578     0.000     0.000
followapr15        geo-0002:svy1-20150403-U-5-1       57115.907502 15-APR-03 21:46:48.17      1.100160     3  18.00  18.10  31699.27372  0.0000000   10.6859   153.3793     0.0000    13.4801   133.95      0.02976  0.0000000    0.0826     0.1143     0.0000     0.1112  11.26469487   -3.3132999     0.000     0.000
followapr15        geo-0009:svy1-20150403-U-5-1       57115.907757 15-APR-03 21:47:10.20      0.367200     2  17.90  18.00  35545.83017  0.0000000   35.4650   164.5220     0.0000     3.1075    84.72      0.00000  0.0000000    0.0000     0.0000     0.0000     0.0000  11.26069915   -3.3310751     0.000     0.000
followapr15                                           57117.990488 15-APR-05 23:46:18.16      1.833120     4   0.00   0.00  42184.32788  0.0000000   -0.0872   258.7038     0.0000   323.1380    -0.25      0.00841  0.0000000    0.0137     6.7026     0.0000     6.7027   0.00000000    0.0000000     0.000     0.000
followapr15        geo-0014:sv1-20150405-U-1-1        57117.991762 15-APR-05 23:48:08.23      0.367200     2  18.40  18.60  58561.40710  0.0000000   41.6344    43.3302     0.0000   180.8888  -209.88      0.00000  0.0000000    0.0000     0.0000     0.0000     0.0000  15.13493013   -3.4528424     0.000     0.000
followapr15                                           57117.992780 15-APR-05 23:49:36.19      2.933280     8   0.00   0.00  42219.27219  0.0000000   -0.0889   245.5417     0.0000   336.0931    -0.70      0.00939  0.0000000    0.0175     4.9919     0.0000     4.9921   0.00000000    0.0000000     0.000     0.000
followapr15        geo-0015:sv1-20150405-U-1-1        57117.993799 15-APR-05 23:51:04.23      0.367200     2  18.50  18.60  53580.15647  0.0000000   36.1452    43.2271     0.0000   180.4938  -146.12      0.00000  0.0000000    0.0000     0.0000     0.0000     0.0000  15.13495602   -3.4530839     0.000     0.000
followapr15        geo-0006:sv1-20150405-U-1-1        57117.994562 15-APR-05 23:52:10.15      2.200320     7  11.90  12.10  42190.62495  0.0000000    6.6335    41.8744     0.0000   179.9095    -0.33      0.00327  0.0000000    0.0066     0.0025     0.0000     0.0031  15.11246519   -4.2744705     0.000     0.000
followapr15        geo-0016:sv1-20150405-U-1-1        57117.994817 15-APR-05 23:52:32.18      0.367200     2  17.60  17.70  55674.32539  0.0000000   37.2133    43.2696     0.0000   180.6950  -172.93      0.00000  0.0000000    0.0000     0.0000     0.0000     0.0000  15.13477486   -3.4530178     0.000     0.000
followapr15        geo-0017:sv1-20150405-U-1-1        57117.995581 15-APR-05 23:53:38.19      0.367200     2  18.60  18.80  54504.31998  0.0000000   35.1159    43.2482     0.0000   180.6028  -157.95      0.00000  0.0000000    0.0000     0.0000     0.0000     0.0000  15.13478673   -3.4529647     0.000     0.000
followapr15        geo-0018:sv1-20150405-U-1-1        57117.996345 15-APR-05 23:54:44.20      0.367200     2  18.00  18.20  27484.39723  0.0000000   32.9358    42.4092     0.0000   175.3865   187.91      0.00000  0.0000000    0.0000     0.0000     0.0000     0.0000  15.11104932   -4.2316705     0.000     0.000
followapr15        geo-0019:sv1-20150405-U-1-1        57117.996345 15-APR-05 23:54:44.20      0.367200     2  18.70  18.90  55187.76282  0.0000000   35.1188    43.2669     0.0000   180.6755  -166.70      0.00000  0.0000000    0.0000     0.0000     0.0000     0.0000  15.13485377   -3.4532538     0.000     0.000
followapr15        geo-0020:sv1-20150405-U-1-1        57117.996345 15-APR-05 23:54:44.20      0.367200     2  18.20  18.30  54368.67702  0.0000000   35.6047    43.2828     0.0000   180.5789  -156.21      0.00000  0.0000000    0.0000     0.0000     0.0000     0.0000  15.13495527   -3.4530435     0.000     0.000
followapr15        geo-0021:sv1-20150405-U-1-1        57117.996854 15-APR-05 23:55:28.18      0.367200     2  19.20  19.30  29795.16275  0.0000000   21.9144    44.0880     0.0000   174.8267   158.33      0.00000  0.0000000    0.0000     0.0000     0.0000     0.0000  15.11113335   -4.2554771     0.000     0.000
followapr15        geo-0022:sv1-20150405-U-1-1        57117.996854 15-APR-05 23:55:28.18      0.367200     2  18.50  18.70  51885.23284  0.0000000   33.9754    43.2822     0.0000   180.3062  -124.43      0.00000  0.0000000    0.0000     0.0000     0.0000     0.0000  15.13485284   -3.4529239     0.000     0.000
followapr15        geo-0023:sv1-20150405-U-1-1        57117.997363 15-APR-05 23:56:12.16      0.367200     2  18.70  18.90  24223.91134  0.0000000   51.9315    40.1028     0.0000   175.4471   229.64      0.00000  0.0000000    0.0000     0.0000     0.0000     0.0000  15.11030399   -4.1406886     0.000     0.000
followapr15                                           57117.997363 15-APR-05 23:56:12.16      2.933280     9   0.00   0.00  42181.84085  0.0000000   -0.0949   277.1965     0.0000   304.5953    -0.22      0.00193  0.0000000    0.0022     1.9400     0.0000     1.9400   0.00000000    0.0000000     0.000     0.000
followapr15        geo-0024:sv1-20150405-U-1-1        57117.997873 15-APR-05 23:56:56.22      0.367200     2  18.10  18.30  57742.63594  0.0000000   39.6972    43.4142     0.0000   180.8378  -199.40      0.00000  0.0000000    0.0000     0.0000     0.0000     0.0000  15.13488158   -3.4529858     0.000     0.000
followapr15        geo-0025:sv1-20150405-U-1-1        57117.998382 15-APR-05 23:57:40.20      0.367200     2  18.10  18.30  56254.75950  0.0000000   36.6348    43.3531     0.0000   180.7523  -180.36      0.00000  0.0000000    0.0000     0.0000     0.0000     0.0000  15.13495858   -3.4531076     0.000     0.000
followapr15        geo-0026:sv1-20150405-U-1-1        57117.998637 15-APR-05 23:58:02.23      0.367200     2  18.00  18.20  29237.87143  0.0000000   62.3435    41.1610     0.0000   177.0179   165.46      0.00000  0.0000000    0.0000     0.0000     0.0000     0.0000  15.13494952   -3.4529740     0.000     0.000
followapr15        geo-0008:sv1-20150405-U-1-1        57117.998891 15-APR-05 23:58:24.18      0.732960     3  14.90  15.10  25817.65990  0.0000000   11.2902    53.3135     0.0000   164.5850   209.24      0.00629  0.0000000    0.0211     0.0299     0.0000     0.0301  15.11464210   -4.2209223     0.000     0.000
followapr15        geo-0027:sv1-20150405-U-1-1        57117.998891 15-APR-05 23:58:24.18      0.367200     2  17.10  17.20  52935.14199  0.0000000   35.1246    43.3446     0.0000   180.4155  -137.86      0.00000  0.0000000    0.0000     0.0000     0.0000     0.0000  15.13491123   -3.4530012     0.000     0.000
followapr15        geo-0006:sv1-20150405-U-3-1        57118.051252 15-APR-06 01:13:48.17      0.367200     2  19.50  19.70  29541.70263  0.0000000   61.2972   222.2565     0.0000     2.6099   161.57      0.00000  0.0000000    0.0000     0.0000     0.0000     0.0000  15.18217609   -4.1508754     0.000     0.000
followapr15        geo-0005:sv1-20150405-U-3-1        57118.051507 15-APR-06 01:14:10.20      1.833120     6  17.90  18.10  40517.77031  0.0000000    1.9945    51.4202     0.0000   173.4553    21.08      0.00599  0.0000000    0.0127     0.0448     0.0000     0.0451  15.17012763   -4.3412662     0.000     0.000
followapr15        geo-0006:sv1-20150405-U-4-1        57118.054771 15-APR-06 01:18:52.21      0.367200     2  17.20  17.40  56425.56290  0.0000000    5.1326   236.1365     0.0000   351.8389  -182.54      0.00000  0.0000000    0.0000     0.0000     0.0000     0.0000  15.24511374   -4.0746664     0.000     0.000
followapr15        geo-0007:sv1-20150405-U-4-1        57118.056808 15-APR-06 01:21:48.21      0.367200     2  18.70  18.90  27403.76276  0.0000000   64.7254   223.6145     0.0000     2.5891   188.94      0.00000  0.0000000    0.0000     0.0000     0.0000     0.0000  15.24505816   -4.4845920     0.000     0.000
followapr15        geo-0008:sv1-20150405-U-4-1        57118.057062 15-APR-06 01:22:10.15      0.367200     2  18.70  18.90  27460.01040  0.0000000   64.6154   223.6446     0.0000     2.5762   188.22      0.00000  0.0000000    0.0000     0.0000     0.0000     0.0000  15.24505453   -4.4844550     0.000     0.000
followapr15        geo-0003:sv1-20150405-U-7-1        57118.131276 15-APR-06 03:09:02.24      3.300480    10  15.80  16.50  47884.40362  0.0000000    3.1623    65.5130     0.0000   192.7406   -73.21      0.01424  0.0000000    0.0245     0.1052     0.0000     0.1053  17.29232850   -4.4445620     0.000     0.000
followapr15        geo-0004:sv1-20150405-U-7-1        57118.133567 15-APR-06 03:12:20.18      6.599520     2  18.30  19.00  67788.41563  0.0000000   13.2394   267.9445     0.0000   351.3506  -327.99      0.00000  0.0000000    0.0000     0.0000     0.0000     0.0000  17.29296023   -4.5020592     0.000     0.000
followapr15        geo-0005:sv1-20150405-U-7-1        57118.133567 15-APR-06 03:12:20.18      6.599520     2   7.80  18.40  82401.15634  0.0000000   52.7912   262.4580     0.0000   356.5987  -515.03      0.00000  0.0000000    0.0000     0.0000     0.0000     0.0000  17.31043752   -5.0431853     0.000     0.000
followapr15        geo-0006:sv1-20150405-U-7-1        57118.138151 15-APR-06 03:18:56.24      0.367200     2  19.80  20.50  66275.24927  0.0000000   15.3793    71.8415     0.0000   187.9769  -308.62      0.00000  0.0000000    0.0000     0.0000     0.0000     0.0000  17.29209594   -5.0340022     0.000     0.000
followapr15        geo-0007:sv1-20150405-U-7-1        57118.138151 15-APR-06 03:18:56.24      0.367200     2  19.60  20.30  35563.36079  0.0000000   59.9965    77.3868     0.0000   179.4876    84.49      0.00000  0.0000000    0.0000     0.0000     0.0000     0.0000  17.29252399   -5.0428345     0.000     0.000
followapr15        geo-0008:sv1-20150405-U-7-1        57118.138151 15-APR-06 03:18:56.24      0.367200     2  18.20  18.90  31755.22709  0.0000000   18.6955   251.8517     0.0000     4.9200   133.24      0.00000  0.0000000    0.0000     0.0000     0.0000     0.0000  17.29289079   -4.3201393     0.000     0.000
followapr15        geo-0009:sv1-20150405-U-7-1        57118.138151 15-APR-06 03:18:56.24      0.367200     2  19.70  20.40  59584.61629  0.0000000   46.2892   260.4781     0.0000   358.2455  -222.98      0.00000  0.0000000    0.0000     0.0000     0.0000     0.0000  17.29320991   -4.3043618     0.000     0.000
followapr15        geo-0010:sv1-20150405-U-7-1        57118.138151 15-APR-06 03:18:56.24      0.367200     2  19.80  20.50  48031.38705  0.0000000   24.4655    76.0895     0.0000   182.6711   -75.10      0.00000  0.0000000    0.0000     0.0000     0.0000     0.0000  17.29337641   -5.1145252     0.000     0.000
followapr15        geo-0011:sv1-20150405-U-7-1        57118.138151 15-APR-06 03:18:56.24      0.367200     2  20.00  20.60  55561.40158  0.0000000   61.7356   259.6664     0.0000   358.7468  -171.48      0.00000  0.0000000    0.0000     0.0000     0.0000     0.0000  17.29408366   -4.3522329     0.000     0.000
followapr15        geo-0012:sv1-20150405-U-7-1        57118.138151 15-APR-06 03:18:56.24      0.367200     2   9.70  20.30  32508.89029  0.0000000   62.3571   256.7527     0.0000     0.9668   123.59      0.00000  0.0000000    0.0000     0.0000     0.0000     0.0000  17.32027748   -5.1149680     0.000     0.000
followapr15                                           57118.150326 15-APR-06 03:36:28.16      2.566080     6   0.00   0.00  42173.75792  0.0000000    0.2258    92.6632     0.0000   167.2065    -0.12      0.00342  0.0000000    0.0068     0.3928     0.0000     0.3929   0.00000000    0.0000000     0.000     0.000
followapr15        geo-0007:sv1-20150405-U-8-1        57118.152618 15-APR-06 03:39:46.19      1.465920     2  19.30  20.00  36109.35037  0.0000000   53.5325    80.0500     0.0000   179.3228    77.51      0.00000  0.0000000    0.0000     0.0000     0.0000     0.0000  17.37303015   -4.5309236     0.000     0.000
followapr15        geo-0003:sv1-20150405-U-8-1        57118.154146 15-APR-06 03:41:58.21      2.933280     9  13.90  14.60  42158.16511  0.0000000    2.4730    80.8952     0.0000   179.1152     0.08      0.00212  0.0000000    0.0043     0.0053     0.0000     0.0055  17.35476038   -4.3451646     0.000     0.000
followapr15        geo-0008:sv1-20150405-U-8-1        57118.154910 15-APR-06 03:43:04.22      0.367200     2  18.80  19.60  56023.51722  0.0000000   36.6950   264.0395     0.0000   357.0156  -177.40      0.00000  0.0000000    0.0000     0.0000     0.0000     0.0000  17.38348185   -5.1850274     0.000     0.000
followapr15        geo-0009:sv1-20150405-U-8-1        57118.155674 15-APR-06 03:44:10.23      0.367200     2  19.60  20.30  53790.57106  0.0000000   33.6518   264.0001     0.0000   357.0503  -148.81      0.00000  0.0000000    0.0000     0.0000     0.0000     0.0000  17.38342671   -5.1848679     0.000     0.000
followapr15        geo-0010:sv1-20150405-U-8-1        57118.160002 15-APR-06 03:50:24.17      0.367200     2  19.90  20.60  39138.32182  0.0000000   48.7161   260.1565     0.0000   359.6717    38.74      0.00000  0.0000000    0.0000     0.0000     0.0000     0.0000  17.35392204   -5.1931263     0.000     0.000
followapr15        geo-0011:sv1-20150405-U-8-1        57118.160002 15-APR-06 03:50:24.17      0.367200     2  19.30  20.00  55197.59415  0.0000000   23.6172   263.5147     0.0000   357.4040  -166.82      0.00000  0.0000000    0.0000     0.0000     0.0000     0.0000  17.35494986   -4.3415719     0.000     0.000
followapr15        geo-0012:sv1-20150405-U-8-1        57118.160002 15-APR-06 03:50:24.17      0.367200     2  19.10  19.80  43980.79408  0.0000000    9.3883    75.6745     0.0000   184.8195   -23.25      0.00000  0.0000000    0.0000     0.0000     0.0000     0.0000  17.35532260   -5.1755090     0.000     0.000
followapr15        geo-0013:sv1-20150405-U-8-1        57118.160002 15-APR-06 03:50:24.17      0.367200     2   9.40  19.40  44415.11103  0.0000000    4.6954   271.4296     0.0000   349.5245   -28.81      0.00000  0.0000000    0.0000     0.0000     0.0000     0.0000  17.38146843   -5.1916774     0.000     0.000
followapr15        geo-0014:sv1-20150405-U-8-1        57118.160002 15-APR-06 03:50:24.17      0.367200     2  18.40  19.10  54020.67256  0.0000000   33.9905   264.1387     0.0000   357.0594  -151.76      0.00000  0.0000000    0.0000     0.0000     0.0000     0.0000  17.38348388   -5.1850296     0.000     0.000
followapr15        geo-0015:sv1-20150405-U-8-1        57118.160257 15-APR-06 03:50:46.20      0.367200     2  19.20  19.90  55136.65001  0.0000000   23.5169   263.5213     0.0000   357.4044  -166.04      0.00000  0.0000000    0.0000     0.0000     0.0000     0.0000  17.35495058   -4.3415405     0.000     0.000
followapr15        geo-0016:sv1-20150405-U-8-1        57118.160257 15-APR-06 03:50:46.20      0.367200     2   9.50  19.70  33055.01082  0.0000000   17.0689   257.5124     0.0000     2.3635   116.60      0.00000  0.0000000    0.0000     0.0000     0.0000     0.0000  17.38146725   -5.1916077     0.000     0.000
followapr15        geo-0006:sv1-20150405-U-8-1        57118.160512 15-APR-06 03:51:08.23      1.833120     3  18.50  19.20  27085.29451  0.0000000   43.3807    81.0384     0.0000   176.1372   193.01      0.01211  0.0000000    0.0413     0.0039     0.0000     0.0058  17.35495387   -4.3415588     0.000     0.000
followapr15        geo-0017:sv1-20150405-U-8-1        57118.161530 15-APR-06 03:52:36.19      0.367200     2  20.10  20.80  43572.90146  0.0000000   62.9634    81.0091     0.0000   180.0747   -18.03      0.00000  0.0000000    0.0000     0.0000     0.0000     0.0000  17.38312919   -4.3219338     0.000     0.000
followapr15        geo-0018:sv1-20150405-U-8-1        57118.161530 15-APR-06 03:52:36.19      0.367200     2  18.60  19.40  51665.78056  0.0000000   31.6890   264.0021     0.0000   357.1935  -121.62      0.00000  0.0000000    0.0000     0.0000     0.0000     0.0000  17.38336140   -5.1852880     0.000     0.000
followmay15        geo-0002:sv1-20150518-U-10-1       57160.980978 15-MAY-18 23:32:36.49      2.200320     5  20.30  20.40  41038.45258  0.0000000    5.7828   310.1262     0.0000   298.4422    14.41      0.00858  0.0000000    0.0087     0.1563     0.0000     0.1554  16.55291577  -10.1957504    19.209    -5.083
followmay15        geo-0003:sv1-20150518-U-10-1       57160.981742 15-MAY-18 23:33:42.50      1.465920     5  18.80  18.90  51643.84675  0.0000000    8.0232    20.8726     0.0000   229.0783  -121.34      0.00814  0.0000000    0.0086     0.0716     0.0000     0.0709  16.55026724  -10.1243865    19.913    -6.054
followmay15        geo-0002:sv1-20150518-U-11-1       57160.986787 15-MAY-18 23:40:58.39      1.100160     4   0.00   0.00  41081.15299  0.0000000    5.7656   310.5485     0.0000   300.2073    13.87      0.00638  0.0000000    0.0068     0.1146     0.0000     0.1140   0.00000000    0.0000000     0.000     0.000
follow_aiub2       geo-0001:sv1-20150518-U-1-1        57160.869123 15-MAY-18 20:51:32.22      0.367200     2  15.90  17.90  43245.77720  0.0000000   21.8175     1.6441     0.0000   128.9346   -13.84      0.00000  0.0000000    0.0000     0.0000     0.0000     0.0000   8.28347166   14.1716129   -56.429    16.804
followmay15        geo-0001:sv1-20150518-U-20-1       57161.115294 15-MAY-19 02:46:01.40      0.367200     2  19.50  19.60  40909.02015  0.0000000   19.4882   272.1861     0.0000   340.3039    16.07      0.00000  0.0000000    0.0000     0.0000     0.0000     0.0000  16.49113231  -12.1402956   -24.430    -6.456
followmay15        geo-0001:sv1-20150518-U-4-1        57160.880245 15-MAY-18 21:07:33.16      2.933280     9  15.40  17.30  43555.60376  0.0000000   21.7988     1.5876     0.0000   132.8002   -17.81      0.00219  0.0000000    0.0030     0.0086     0.0000     0.0080   8.44086964   13.1125173   -56.608    15.811
follow_aiub2       geo-0001:sv1-20150520-U-12-1       57162.986171 15-MAY-20 23:40:05.17      1.100160     4  18.10  19.10  49499.52660  0.0000000    0.8184    40.3531     0.0000   119.7268   -93.89      0.01396  0.0000000    0.0119     1.4537     0.0000     1.4535  10.17148229   -2.5644682   -73.246     0.711
follow_aiub2       geo-0001:sv1-20150520-U-14-1       57162.996291 15-MAY-20 23:54:39.54      1.465920     5  17.00  18.00  49520.93531  0.0000000    0.8519    37.1535     0.0000   125.7946   -94.16      0.00868  0.0000000    0.0087     0.8110     0.0000     0.8109  10.28334760   -2.5736500   -74.030     0.691
follow_aiub2       geo-0001:sv1-20150616-U-20-1       57190.178423 15-JUN-17 04:16:55.74      0.367200     2  16.30  19.60  64761.85611  0.0000000   67.0214     8.2653     0.0000    44.1325  -289.25      0.00000  0.0000000    0.0000     0.0000     0.0000     0.0000   2.21493342   38.2054526    59.668    39.871
followjun15        geo-0002:sv1-20150616-U-6-1        57189.973487 15-JUN-16 23:21:49.27      2.198880     5  17.80  17.80  36311.17999  0.0000000    8.0947   317.1830     0.0000   296.5335    74.92      0.00451  0.0000000    0.0050     0.0690     0.0000     0.0683  17.06509422  -13.5427513    -1.415    -7.237
followjun15        geo-0001:sv1-20150616-U-9-1        57189.988394 15-JUN-16 23:43:17.24      0.732960     3  15.50  15.50  25944.94272  0.0000000    6.4642    28.0714     0.0000   228.9237   207.61      0.03234  0.0000000    0.0770     0.7888     0.0000     0.7843  17.21107124  -14.1943614     0.000     0.000
followjun15        geo-0001:sv1-20150617-U-6-1        57190.937386 15-JUN-17 22:29:50.15      2.566080     8  13.80  13.80  42433.86327  0.0000000   12.1567   321.7195     0.0000   288.3795    -3.45      0.00640  0.0000000    0.0042     0.0578     0.0000     0.0565  16.56141566  -17.2826126     7.176   -11.528
followjun15                                           57190.946600 15-JUN-17 22:43:06.24      1.100160     4   0.00   0.00  42202.54211  0.0000000   14.3775    19.6917     0.0000   234.7668    -0.49      0.00702  0.0000000    0.0082     0.0467     0.0000     0.0453   0.00000000    0.0000000     0.000     0.000
follow_aiub2       geo-0001:sv1-20150618-U-7-1        57191.957505 15-JUN-18 22:58:48.43      1.100160     4  12.70  13.40  42173.13544  0.0000000   13.5734    30.6495     0.0000   171.6540    -0.11      0.00303  0.0000000    0.0062     0.0042     0.0000     0.0039  13.11444806   -2.2413819   -49.031     1.952
follow_aiub2       geo-0002:sv1-20150724-U-1-1        57227.877122 15-JUL-24 21:03:03.34      2.566080     8  16.10  16.50  41234.76059  0.0000000    3.0754   264.6935     0.0000   342.1130    11.90      0.00230  0.0000000    0.0046     0.0276     0.0000     0.0275  16.30459789   -5.5444215   -17.954     2.194
follow_aiub2       geo-0001:sv1-20150724-U-2-1        57227.885802 15-JUL-24 21:15:33.29      2.566080     8  17.60  18.20  41701.80913  0.0000000    3.0527   264.5809     0.0000   337.8443     5.92      0.00227  0.0000000    0.0043     0.0331     0.0000     0.0330  16.08324844   -6.0518640   -18.710    -1.151
followaug15        geo-0001:sv1-20150815-U-11-1       57250.007820 15-AUG-16 00:11:15.64      1.100160     3  18.70  18.70  42149.30094  0.0000000    9.3168    40.1752     0.0000   290.8906     0.19      0.01750  0.0000000    0.0129     0.2049     0.0000     0.2021  22.18006976  -14.2503957     4.426    -8.699
follow_aiub2       geo-0001:sv1-20150815-U-1-1        57249.862769 15-AUG-15 20:42:23.24      0.732960     3  18.20  18.20  28959.39563  0.0000000   15.4876   339.7688     0.0000   319.4896   169.03      0.01052  0.0000000    0.0248     0.0789     0.0000     0.0758  20.36352911  -18.0216386    25.769    -9.989
followaug15        geo-0002:sv1-20150816-U-12-1       57251.009390 15-AUG-17 00:13:31.29      2.933280     8  18.90  19.00  47027.63359  0.0000000    8.1667    56.8203     0.0000   289.5843   -62.25      0.00465  0.0000000    0.0029     0.0553     0.0000     0.0547  23.23513360  -12.2652802    18.143    -7.691
followaug15        geo-0002:sv1-20150816-U-16-1       57251.050686 15-AUG-17 01:12:59.27      2.933280     8  18.80  18.90  44596.09098  0.0000000    9.2493    43.5864     0.0000   301.5232   -31.12      0.00255  0.0000000    0.0026     0.0257     0.0000     0.0254  23.12271234  -13.1101401     2.090    -7.875
followaug15        geo-0001:sv1-20150816-U-21-1       57251.078141 15-AUG-17 01:52:31.38      2.566080     8  20.30  20.30  46289.37564  0.0000000    9.0004    53.0788     0.0000   291.7127   -52.80      0.00579  0.0000000    0.0040     0.0627     0.0000     0.0619  23.04516596  -13.3519990    -8.229    -8.357
followaug15        geo-0001:sv1-20150816-U-32-1       57251.191160 15-AUG-17 04:35:16.22      1.100160     4  17.00  17.10  35050.84573  0.0000000    7.8134    38.2396     0.0000   314.4596    91.05      0.01793  0.0000000    0.0316     0.2356     0.0000     0.2336  23.14012576  -12.0603805   -41.097    -5.568
followaug15        geo-0001:sv1-20150817-U-10-1       57251.988857 15-AUG-17 23:43:57.24      1.833120     6  11.30  11.40  42209.25615  0.0000000    6.2938    56.2552     0.0000   287.3410    -0.57      0.00391  0.0000000    0.0024     0.0688     0.0000     0.0684  23.16004412  -11.0730261    21.675    -6.007
followaug15        geo-0001:sv1-20150817-U-13-1       57252.020141 15-AUG-18 00:29:00.18      2.200320     7  17.80  17.90  58131.89381  0.0000000   10.7156    31.1396     0.0000   314.3594  -204.38      0.01015  0.0000000    0.0101     0.0553     0.0000     0.0543  23.15596114  -11.2920922    12.689    -7.639
followaug15        geo-0001:sv1-20150817-U-18-1       57252.073685 15-AUG-18 01:46:06.38      3.666240     8  19.90  20.00  57710.63024  0.0000000   14.7616    14.0193     0.0000   329.3170  -198.99      0.00839  0.0000000    0.0103     0.0238     0.0000     0.0230  23.00156563  -11.2932549    -8.469    -7.471
followaug15        geo-0001:sv1-20150817-U-20-1       57252.090453 15-AUG-18 02:10:15.13      2.933280     7  18.50  18.50  40909.36341  0.0000000   32.1203   350.9461     0.0000   354.5822    16.07      0.00000  0.0000000    0.0000     0.0000     0.0000     0.0000  23.08115198   -8.0927004   -12.341    -2.878
followaug15        geo-0001:sv1-20150817-U-24-1       57252.114831 15-AUG-18 02:45:21.39      2.200320     7  13.10  13.10  52966.80379  0.0000000   12.0114   130.1039     0.0000   213.3078  -138.27      0.01032  0.0000000    0.0135     0.0430     0.0000     0.0421  22.47318974  -10.5319451   -24.663    -6.562
followaug15        geo-0002:sv1-20150817-U-24-1       57252.114831 15-AUG-18 02:45:21.39      3.300480     9  17.40  17.50  46367.44380  0.0000000   14.2328     6.9758     0.0000   335.0505   -53.80      0.02065  0.0000000    0.0343     0.0642     0.0000     0.0623  22.46203249  -10.5349192   -24.793    -5.953
followaug15        geo-0002:sv1-20150817-U-34-1       57252.193623 15-AUG-18 04:38:49.02      0.732960     3  18.70  18.70  44461.11201  0.0000000   11.0605    18.5060     0.0000   326.2646   -29.40      0.01882  0.0000000    0.0299     0.1040     0.0000     0.1022  22.42530992  -11.0210059   -50.673    -6.116
follow_aiub2       geo-0002:sv1-20150817-U-35-1       57252.196750 15-AUG-18 04:43:19.20      2.200320     6  19.10  19.30  41863.52201  0.0000000   15.6052   343.5726     0.0000    23.9957     3.85      0.00279  0.0000000    0.0053     0.0089     0.0000     0.0086   0.18451219    2.3008276   -30.288     6.281
followaug15        geo-0003:sv1-20150817-U-38-1       57252.219273 15-AUG-18 05:15:45.18      0.367200     2  19.70  20.10  43018.60803  0.0000000   13.4533   336.4889     0.0000    38.8466   -10.93      0.00000  0.0000000    0.0000     0.0000     0.0000     0.0000   0.49531476    5.0246969   -30.638     8.391
followaug15        geo-0001:sv1-20150818-U-10-1       57252.971877 15-AUG-18 23:19:30.17      3.300480    10  19.70  19.80  49804.28701  0.0000000   19.0861   359.9288     0.0000   345.3842   -97.79      0.00662  0.0000000    0.0109     0.0088     0.0000     0.0082  23.24314637   -8.4831567    29.208    -4.733
followaug15        geo-0001:sv1-20150818-U-13-1       57253.000028 15-AUG-19 00:00:02.41      3.300480    10  19.10  19.20  47419.68566  0.0000000    6.3752    86.8637     0.0000   259.7662   -67.27      0.00190  0.0000000    0.0006     0.0301     0.0000     0.0299  23.24065225  -10.5032676    19.529    -6.273
followaug15        geo-0001:sv1-20150818-U-14-1       57253.004125 15-AUG-19 00:05:56.40      1.467360     5  17.30  17.40  40405.70834  0.0000000    5.4002    89.7072     0.0000   256.8459    22.51      0.01306  0.0000000    0.0064     0.2876     0.0000     0.2864  23.26310457  -10.3715275    17.979    -5.258
followaug15        geo-0002:sv1-20150818-U-14-1       57253.004889 15-AUG-19 00:07:02.40      2.200320     6  13.10  13.10  42589.41903  0.0000000    5.8198    52.7009     0.0000   293.7196    -5.44      0.00350  0.0000000    0.0029     0.0633     0.0000     0.0629  23.25218566  -10.2357432    17.736    -5.327
followaug15        geo-0001:sv1-20150818-U-19-1       57253.063278 15-AUG-19 01:31:07.21      1.467360     5  18.10  18.20  50539.20493  0.0000000   21.2327   356.1344     0.0000   350.3021  -107.20      0.00617  0.0000000    0.0102     0.0049     0.0000     0.0046  23.15130595   -7.4151382    -2.787    -3.498
followaug15        geo-0001:sv1-20150818-U-20-1       57253.066356 15-AUG-19 01:35:33.15      2.933280     9  18.30  18.40  42517.37211  0.0000000    5.6790    79.8910     0.0000   267.8629    -4.52      0.00231  0.0000000    0.0003     0.0471     0.0000     0.0469  23.19066546  -11.0329517    -3.239    -5.675
followaug15        geo-0001:sv1-20150818-U-25-1       57253.116218 15-AUG-19 02:47:21.23      2.566080     8  18.60  18.60  47164.82424  0.0000000    6.6016    78.1496     0.0000   269.7451   -64.00      0.00318  0.0000000    0.0003     0.0495     0.0000     0.0492  23.09108320  -11.3222436   -21.088    -6.602
followaug15        geo-0001:sv1-20150818-U-27-1       57253.124924 15-AUG-19 02:59:53.43      2.933280     8  16.50  16.60  52109.64224  0.0000000   15.2509     1.1438     0.0000   345.9513  -127.30      0.00369  0.0000000    0.0058     0.0054     0.0000     0.0053  23.06295054   -7.4528287   -24.553    -3.661
followaug15        geo-0001:sv1-20150818-U-28-1       57253.129274 15-AUG-19 03:06:09.27      2.566080     7  18.30  18.30  54835.29735  0.0000000   25.0238   353.8971     0.0000   348.0183  -162.19      0.01702  0.0000000    0.0254     0.0126     0.0000     0.0115  22.45427608   -9.0140573   -30.683    -5.038
followaug15        geo-0002:sv1-20150818-U-31-1       57253.161669 15-AUG-19 03:52:48.20      2.933280     6  20.00  20.00  52128.73631  0.0000000    6.6068    72.4551     0.0000   273.4083  -127.54      0.01041  0.0000000    0.0014     0.1444     0.0000     0.1434  22.52500197  -10.5413123   -39.503    -6.595
followaug15        geo-0002:sv1-20150818-U-32-1       57253.165002 15-AUG-19 03:57:36.17      0.367200     2  18.00  18.10  41885.04794  0.0000000   14.7993    12.0058     0.0000   337.2098     3.58      0.00000  0.0000000    0.0000     0.0000     0.0000     0.0000  23.07297234  -11.0524070   -36.694    -5.678
followaug15        geo-0001:sv1-20150818-U-32-1       57253.166275 15-AUG-19 03:59:26.16      2.200320     6  18.10  18.20  41811.53329  0.0000000    7.7342   122.4307     0.0000   227.2876     4.52      0.00827  0.0000000    0.0115     0.0933     0.0000     0.0924  23.05119115  -11.0509633   -37.595    -5.675
followaug15        geo-0001:sv1-20150818-U-34-1       57253.188637 15-AUG-19 04:31:38.23      2.933280     8  16.20  16.30  42580.13678  0.0000000    7.9139   122.8228     0.0000   234.9149    -5.32      0.00804  0.0000000    0.0092     0.0965     0.0000     0.0956  23.37301721  -11.5154948   -37.644    -6.469
followaug15        geo-0001:sv1-20150818-U-35-1       57253.194007 15-AUG-19 04:39:22.20      1.100160     4  17.50  17.50  30257.08866  0.0000000    3.8112    44.6637     0.0000   308.0476   152.41      0.02580  0.0000000    0.0476     0.9080     0.0000     0.9064  23.07312866  -10.1435519   -44.290    -3.001
followaug15        geo-0001:sv1-20150818-U-39-1       57253.232898 15-AUG-19 05:35:22.38      2.933280     9  18.60  18.60  42237.25751  0.0000000   15.6202   358.6769     0.0000   345.4606    -0.93      0.00471  0.0000000    0.0092     0.0087     0.0000     0.0085  22.33102392   -8.3540222   -66.449    -3.876
followaug15        geo-0002:sv1-20150818-U-39-1       57253.234681 15-AUG-19 05:37:56.43      0.732960     3  10.80  10.80  27244.40226  0.0000000    5.0088   157.2772     0.0000   191.1227   190.98      0.01757  0.0000000    0.0566     0.1411     0.0000     0.1383  22.33438346   -8.1730818   -63.386    -0.965
followoct15        geo-0002:sv1-20151013-U-13-1       57309.155650 15-OCT-14 03:44:08.16      1.833120     6  18.50  18.90  62536.83713  0.0000000   22.8669   242.5905     0.0000   181.8891  -260.77      0.04386  0.0000000    0.0577     0.0070     0.0000     0.0073   4.18228683   -3.4925237   -14.081    -0.734
followoct15        geo-0002:sv1-20151013-U-20-1       57309.209640 15-OCT-14 05:01:52.89      2.933280     7  19.00  19.30  45096.76083  0.0000000    6.7515    59.7153     0.0000     2.9226   -37.53      0.00449  0.0000000    0.0085     0.0053     0.0000     0.0054   4.00107976   -3.5552933   -35.284     0.343
follow_aiub2       geo-0004:sv1-20151014-U-2-1        57309.956067 15-OCT-14 22:56:44.18      0.367200     2  20.70  20.90  40924.76295  0.0000000    9.8899   322.7216     0.0000    17.1929    15.87      0.00000  0.0000000    0.0000     0.0000     0.0000     0.0000  22.31450983   -1.2930044   -27.865     3.221
follow_aiub2       geo-0002:sv1-20151014-U-2-1        57309.956576 15-OCT-14 22:57:28.16      0.732960     3   0.00   0.00  40899.00023  0.0000000    7.2070   313.2417     0.0000    26.6102    16.20      0.01356  0.0000000    0.0257     0.1036     0.0000     0.1029   0.00000000    0.0000000     0.000     0.000
followoct15        geo-0002:sv1-20151014-U-5-1        57309.979181 15-OCT-14 23:30:01.23      2.566080     8  19.10  19.30  41434.99803  0.0000000    9.9098   323.0422     0.0000    25.4956     9.34      0.00286  0.0000000    0.0054     0.0152     0.0000     0.0150  23.06049202    0.0648710   -27.490     4.248
followoct15        geo-0001:sv1-20151014-U-8-1        57310.005361 15-OCT-15 00:07:43.19      1.467360     5  20.30  20.40  41893.07185  0.0000000   10.3973   328.8278     0.0000    30.0427     3.47      0.00640  0.0000000    0.0114     0.0370     0.0000     0.0364  23.47406042    1.1442029   -26.685     5.184
followdec15b       geo-0001:sv1-20151211-U-10-1       57367.911081 15-DEC-11 21:51:57.39      1.465920     5  17.90  17.90  42146.97277  0.0000000   13.3731   325.7860     0.0000   110.8113     0.22      0.00581  0.0000000    0.0043     0.0479     0.0000     0.0466   5.33093531    9.1630419    28.846    12.486
followdec15b       geo-0002:sv1-20151211-U-11-1       57367.916963 15-DEC-11 22:00:25.60      1.467360     5  12.70  12.70  42048.23970  0.0000000   10.8761   316.4966     0.0000   118.6875     1.49      0.00243  0.0000000    0.0024     0.0231     0.0000     0.0227   5.25322359    6.0157165    25.221     9.528
followdec15b       geo-0002:sv1-20151211-U-12-1       57367.921059 15-DEC-11 22:06:19.49      1.100160     4  18.40  18.40  41053.33178  0.0000000   11.1758   326.8413     0.0000   112.3683    14.22      0.00622  0.0000000    0.0050     0.0624     0.0000     0.0612   5.43073845    6.4736289    27.717    10.325
followdec15b       geo-0002:sv1-20151211-U-15-1       57367.933613 15-DEC-11 22:24:24.16      1.833120     5  18.90  19.00  42760.78274  0.0000000    9.1711    14.9810     0.0000    67.3366    -7.63      0.01294  0.0000000    0.0100     0.1516     0.0000     0.1496   5.50557159    4.5415324    25.641     8.458
followdec15b       geo-0002:sv1-20151211-U-19-1       57367.972838 15-DEC-11 23:20:53.20      1.467360     5  18.30  18.30  40911.86874  0.0000000   14.4883     3.9348     0.0000    58.7747    16.03      0.00565  0.0000000    0.0062     0.0414     0.0000     0.0400   4.12470842    9.2921397    -8.690    12.353
followdec15b       geo-0001:sv1-20151211-U-20-1       57367.975153 15-DEC-11 23:24:13.21      2.933280     8  19.30  19.30  42318.67667  0.0000000   12.0331   331.7776     0.0000    90.9550    -1.97      0.00276  0.0000000    0.0002     0.0272     0.0000     0.0266   4.16050465    9.1330233    -8.655    12.031
followdec15b       geo-0002:sv1-20151211-U-20-1       57367.975153 15-DEC-11 23:24:13.21      2.566080     8  18.10  18.20  40899.52415  0.0000000   14.4927     3.9564     0.0000    59.6277    16.19      0.00413  0.0000000    0.0044     0.0305     0.0000     0.0295   4.16222376    9.3724076    -8.639    12.469
followdec15b       geo-0001:sv1-20151211-U-28-1       57368.013301 15-DEC-12 00:19:09.20      0.732960     3  18.80  18.90  42014.63946  0.0000000   12.6264   325.7761     0.0000   111.0357     1.92      0.00950  0.0000000    0.0071     0.0838     0.0000     0.0818   5.14434983    8.5335978    -7.894    11.772
followdec15b       geo-0001:sv1-20151211-U-29-1       57368.018162 15-DEC-12 00:26:09.19      2.200320     7  19.20  19.20  40910.81330  0.0000000   14.5004     4.0500     0.0000    75.7878    16.05      0.00351  0.0000000    0.0018     0.0290     0.0000     0.0281   5.23362026   11.2754187    -7.544    14.047
followdec15b       geo-0001:sv1-20151211-U-30-1       57368.021498 15-DEC-12 00:30:57.42      1.100160     4  16.90  16.90  44068.44383  0.0000000   12.2141   332.0881     0.0000   108.4078   -24.37      0.00846  0.0000000    0.0053     0.0741     0.0000     0.0725   5.29137821    8.4923407    -7.246    11.580
follow_aiub2       geo-0001:sv1-20151211-U-31-1       57368.027144 15-DEC-12 00:39:05.24      2.200320     7  15.90  16.30  56846.50574  0.0000000    7.7846    60.2498     0.0000   340.0497  -187.93      0.01615  0.0000000    0.0222     0.0591     0.0000     0.0587   2.28257173   -6.0946962   -49.708    -2.649
followdec15b       geo-0001:sv1-20151211-U-45-1       57368.175836 15-DEC-12 04:13:12.23      2.933280     8  16.70  17.20  51972.97707  0.0000000   11.4476    39.9869     0.0000    95.5444  -125.55      0.01738  0.0000000    0.0030     0.1408     0.0000     0.1380   9.06472629    9.0443289    -8.209    11.393
followdec15b       geo-0002:sv1-20151211-U-7-1        57367.898789 15-DEC-11 21:34:15.36      2.933280     7  16.70  16.80  46802.92952  0.0000000   12.8648   307.1755     0.0000   125.0614   -59.37      0.00450  0.0000000    0.0047     0.0300     0.0000     0.0293   5.13357636    7.2701286    29.082    10.501
followdec15b       geo-0001:sv1-20151212-U-7-1        57368.855674 15-DEC-12 20:32:10.23      3.666240    11  18.00  18.00  55363.29089  0.0000000   12.3492   309.0050     0.0000   119.1171  -168.94      0.00677  0.0000000    0.0051     0.0421     0.0000     0.0411   4.55372812    8.0721354    39.432    10.769
followdec15b       geo-0003:sv1-20151212-U-8-1        57368.862062 15-DEC-12 20:41:22.15      0.367200     2  19.10  19.10  41659.57782  0.0000000   11.8359   321.9569     0.0000   104.5790     6.46      0.00000  0.0000000    0.0000     0.0000     0.0000     0.0000   4.54251649    7.5826961    35.268    11.450
followdec15b       geo-0001:sv1-20151213-U-16-1       57369.986297 15-DEC-13 23:40:16.06      1.100160     4  18.40  18.50  40689.76944  0.0000000   22.4967   268.7890     0.0000   157.2047    18.88      0.01680  0.0000000    0.0334     0.0366     0.0000     0.0340   4.34453591    4.5940503    -9.834     8.525
followdec15b       geo-0002:sv1-20151213-U-18-1       57369.996276 15-DEC-13 23:54:38.24      0.732960     3  19.00  19.10  55303.93608  0.0000000   12.7167   310.1759     0.0000   121.9934  -168.18      0.04097  0.0000000    0.0328     0.2377     0.0000     0.2319   4.55109853    8.3211728    -8.193    10.760
followdec15b       geo-0003:sv1-20151213-U-18-1       57369.996276 15-DEC-13 23:54:38.24      1.467360     5  19.40  19.40  50113.70922  0.0000000   18.6028    38.3186     0.0000    35.9508  -101.75      0.02397  0.0000000    0.0328     0.0752     0.0000     0.0712   4.55409943    8.1849526    -8.184    10.794
followdec15b       geo-0002:sv1-20151213-U-20-1       57370.003449 15-DEC-14 00:04:57.99      0.732960     3  18.70  18.80  50486.03276  0.0000000    5.2199   348.6314     0.0000    85.2120  -106.52      0.01258  0.0000000    0.0019     0.2297     0.0000     0.2288   4.58480416    2.0057317    -9.771     5.202
followdec15b       geo-0003:sv1-20151213-U-20-1       57370.004722 15-DEC-14 00:06:47.98      0.732960     3   0.00   0.00  50224.94556  0.0000000    5.2324   347.3014     0.0000    86.8814  -103.17      0.02034  0.0000000    0.0022     0.3735     0.0000     0.3719   0.00000000    0.0000000     0.000     0.000
followdec15b       geo-0002:sv1-20151213-U-21-1       57370.009076 15-DEC-14 00:13:04.16      2.200320     5  18.60  18.60  52775.44011  0.0000000   12.3936   316.6158     0.0000   118.7708  -135.82      0.00781  0.0000000    0.0060     0.0506     0.0000     0.0494   5.07167895    8.3050149    -9.666    10.844
followdec15b       geo-0002:sv1-20151213-U-41-1       57370.193567 15-DEC-14 04:38:44.18      1.833120     6  17.10  17.60  41360.33734  0.0000000   26.2136   331.3095     0.0000   161.8193    10.29      0.02040  0.0000000    0.0412     0.0305     0.0000     0.0276   8.59118343    4.2052535   -17.332     7.922
followdec15b       geo-0002:sv1-20151213-U-43-1       57370.210072 15-DEC-14 05:02:30.22      1.100160     4  19.00  19.50  43108.31173  0.0000000   14.8783   340.7614     0.0000   158.6667   -12.08      0.03359  0.0000000    0.0628     0.0958     0.0000     0.0926   9.19305837    1.3320536   -18.100     5.360
