Campaign           Name                              Osc_epoch     Date      Time        arcl [min]    # obs mag_c   mag_u  a(km)        e          i(dg)     raan(dg)   w(dg)      s(dg)      dn(dg/d) da(km)       de         di(dg)    draan(dg)  dw(dg)     ds(dg)     R.A.(h)      Decl.(dg)    lon(dg)   lat(dg)  
follow_aiub2       geo-0001:sv1-20150121-U-35-1       57044.234683 15-JAN-22 05:37:56.61      0.367200     2   6.50   6.90  56734.47585  0.0000000   66.4140   150.1429     0.0000    80.7501  -186.50      0.00000  0.0000000    0.0000     0.0000     0.0000     0.0000  15.04057768   68.0305046    12.250    64.762
svyjan15           geo-0002:sv1-20150122-S-1-1A       57044.833250 15-JAN-22 19:59:52.80      2.200320     3  18.30  18.70  52252.99219  0.0000000   14.6387   350.2141     0.0000    78.2208  -129.13      0.01573  0.0000000    0.0051     0.0984     0.0000     0.0952   4.43158216   12.1822026     0.207    10.872
svyjan15           geo-0003:sv1-20150122-S-1-1A       57044.833759 15-JAN-22 20:00:36.77      1.467360     3  19.20  19.60  42652.99113  0.0000000   15.2179   343.4626     0.0000    84.1325    -6.25      0.00312  0.0000000    0.0006     0.0241     0.0000     0.0232   4.43007646   12.4336197     0.207    10.872
svyjan15           geo-0001:sv1-20150122-S-1-1B       57044.832486 15-JAN-22 19:58:46.79      2.200320     3  18.90  19.30  45244.45112  0.0000000   15.7895   336.5433     0.0000    91.0903   -39.42      0.00844  0.0000000    0.0006     0.0589     0.0000     0.0567   4.43450795   13.3709062     0.000     0.000
svyjan15           geo-0001:sv1-20150122-S-3-1B       57044.861699 15-JAN-22 20:40:50.79      2.933280     5  15.20  15.60  41612.22955  0.0000000   15.5411   337.1663     0.0000    90.1965     7.07      0.00290  0.0000000    0.0002     0.0226     0.0000     0.0218   4.37143226   13.1444311     0.000     0.000
svyjan15           geo-0001:sv1-20150122-S-42-1A      57045.259872 15-JAN-23 06:14:12.94      2.200320     4  12.10  12.10  42530.72433  0.0000000   14.7071    23.7148     0.0000   119.9142    -4.69      0.00714  0.0000000    0.0073     0.0496     0.0000     0.0480   9.10300592    9.2115504   -71.363    12.712
svyjan15           geo-0001:sv1-20150122-S-43-1A      57045.285358 15-JAN-23 06:50:54.93      2.933280     5  11.90  11.90  42895.79491  0.0000000   13.6551    34.0684     0.0000   109.8652    -9.36      0.00237  0.0000000    0.0017     0.0191     0.0000     0.0185   9.08382060    9.1906211   -80.560    12.828
svyjan15           geo-0002:sv1-20150122-S-5-1A       57044.876074 15-JAN-22 21:01:32.79      2.933280     5  12.40  12.80  42566.41277  0.0000000   16.1067     0.6462     0.0000    67.0030    -5.14      0.00229  0.0000000    0.0018     0.0155     0.0000     0.0149   4.31126709   12.2819642   -10.466    14.796
svyjan15           geo-0001:sv1-20150122-S-5-1B       57044.871746 15-JAN-22 20:55:18.85      2.200320     4  17.00  17.50  42507.66738  0.0000000   15.4870   343.1991     0.0000    83.6408    -4.39      0.00137  0.0000000    0.0003     0.0104     0.0000     0.0100   4.31143917   13.0918646   -13.968    14.255
svyjan15           geo-0001:sv1-20150122-S-7-1A       57044.902648 15-JAN-22 21:39:48.78      2.200320     3  13.40  13.90  42603.57158  0.0000000   14.7529   339.8507     0.0000    87.0479    -5.62      0.00063  0.0000000    0.0001     0.0050     0.0000     0.0048   4.25053429   12.2429554   -20.073    14.733
svyjan15           geo-0001:sv1-20150122-S-7-1B       57044.900357 15-JAN-22 21:36:30.84      1.467360     3  16.50  16.90  34596.01755  0.0000000   22.5156    23.6438     0.0000    45.3900    96.88      0.02887  0.0000000    0.0527     0.1410     0.0000     0.1303   4.24595068   13.0437078   -19.280    15.820
svyjan15           geo-0001:sv1-20150123-S-24-1B      57046.051205 15-JAN-24 01:13:44.11      2.933280     4  19.20  19.30  45373.29468  0.0000000   13.6853    52.1892     0.0000    92.0912   -41.07      0.00473  0.0000000    0.0004     0.0378     0.0000     0.0367   9.48294564   11.1411080     0.000     0.000
svyjan15                                              57046.071992 15-JAN-24 01:43:40.10      1.467360     3   0.00   0.00  42543.85065  0.0000000   14.7428    25.7383     0.0000   117.8357    -4.86      0.00394  0.0000000    0.0038     0.0278     0.0000     0.0269   0.00000000    0.0000000     0.000     0.000
svyjan15           geo-0001:sv1-20150123-S-33-1A      57046.182710 15-JAN-24 04:23:06.14      2.200320     4  15.00  15.00  42417.75493  0.0000000   14.3952    25.4009     0.0000   118.1977    -3.24      0.00319  0.0000000    0.0031     0.0231     0.0000     0.0223   9.20577495    9.4522731   -44.589    12.656
svyjan15           geo-0001:sv1-20150123-S-33-1B      57046.178891 15-JAN-24 04:17:36.18      1.467360     3  18.90  19.00  43823.76871  0.0000000   13.3577    49.2374     0.0000    94.9471   -21.24      0.01038  0.0000000    0.0019     0.0881     0.0000     0.0857   9.22007715   10.3721098   -43.255    13.307
svyjan15           geo-0001:sv1-20150123-S-3-1A       57045.861286 15-JAN-23 20:40:15.11      2.200320     4  13.30  13.80  43274.81191  0.0000000   17.0305     5.5078     0.0000    62.7372   -14.21      0.00342  0.0000000    0.0031     0.0209     0.0000     0.0199   4.35312788   12.4958408    -5.740    15.091
svyjan15           geo-0002:sv1-20150123-S-3-1A       57045.862813 15-JAN-23 20:42:27.04      2.933280     5  13.60  14.00  42557.74619  0.0000000   15.4250   351.0465     0.0000    76.6350    -5.03      0.01144  0.0000000    0.0053     0.0855     0.0000     0.0824   4.35228460   12.4101057    -6.276    14.997
svyjan15           geo-0007:sv1-20150123-S-40-1A      57046.265410 15-JAN-24 06:22:11.42      0.732960     2  11.50  11.50  37495.43004  0.0000000   14.8887    25.7635     0.0000   118.9793    59.76      0.00000  0.0000000    0.0000     0.0000     0.0000     0.0000   9.10239682    9.0629177   -73.229    12.989
svyjan15           geo-0001:sv1-20150123-S-40-1A      57046.271011 15-JAN-24 06:30:15.35      2.200320     4  12.50  12.50  42537.50018  0.0000000   14.7188    23.6227     0.0000   120.3363    -4.77      0.00327  0.0000000    0.0034     0.0226     0.0000     0.0218   9.10404657    9.1234368   -76.032    12.667
svyjan15           geo-0001:sv1-20150123-S-5-1A       57045.888971 15-JAN-23 21:20:07.09      2.200320     4  12.70  13.10  42571.73020  0.0000000   16.1030     0.6074     0.0000    67.5247    -5.21      0.00571  0.0000000    0.0044     0.0389     0.0000     0.0374   4.29575497   12.3251894   -15.609    14.851
svyjan15           geo-0002:sv1-20150123-S-5-1A       57045.894063 15-JAN-23 21:27:27.04      2.933280     5  17.80  18.20  43776.91751  0.0000000   15.2090   337.8305     0.0000    89.6002   -20.64      0.00270  0.0000000    0.0001     0.0203     0.0000     0.0196   4.29177890   13.0217295   -17.342    15.209
svyjan15           geo-0001:sv1-20150123-S-5-1B       57045.886679 15-JAN-23 21:16:49.06      2.200320     4  17.40  17.90  42501.66655  0.0000000   15.4867   343.2369     0.0000    84.1045    -4.32      0.00207  0.0000000    0.0004     0.0158     0.0000     0.0152   4.29365946   13.1119073   -18.135    16.488
svyjan15           geo-0002:sv1-20150123-S-5-1B       57045.887188 15-JAN-23 21:17:33.04      2.200320     4  15.50  16.00  41608.43236  0.0000000   15.5382   337.1792     0.0000    89.9990     7.12      0.00107  0.0000000    0.0001     0.0084     0.0000     0.0081   4.29471234   13.1730965   -18.135    16.488
svyjan15           geo-0003:sv1-20150123-S-5-1B       57045.894318 15-JAN-23 21:27:49.07      2.200320     4  17.60  18.10  43762.67789  0.0000000   15.2097   337.9460     0.0000    89.5754   -20.46      0.00179  0.0000000    0.0001     0.0135     0.0000     0.0130   4.29392509   13.0217110   -18.135    16.488
svyjan15           geo-0001:sv1-20150123-S-6-1A       57045.917142 15-JAN-23 22:00:41.06      2.200320     4  13.30  13.80  42585.26964  0.0000000   14.7521   339.8694     0.0000    87.6811    -5.39      0.02124  0.0000000    0.0019     0.1698     0.0000     0.1642   4.24184952   12.2327963   -25.618    14.740
svyjan15           geo-0001:sv1-20150124-S-48-1A      57047.266869 15-JAN-25 06:24:17.48      2.933280     5  12.50  12.50  42934.82645  0.0000000   14.6728    27.8993     0.0000   115.9969    -9.86      0.00271  0.0000000    0.0024     0.0194     0.0000     0.0187   9.10235362    9.4657614   -75.669    13.160
svyjan15           geo-0001:sv1-20150124-S-49-1A      57047.270595 15-JAN-25 06:29:39.40      2.933280     5  16.70  16.80  61030.89056  0.0000000   30.6485   342.8581     0.0000   156.6852  -241.49      0.00000  0.0000000    0.0000     0.0000     0.0000     0.0000   9.10084064    9.1211352   -79.152    11.640
svyjan15           geo-0002:sv1-20150124-S-49-1A      57047.280781 15-JAN-25 06:44:19.47      2.200320     4  12.60  12.60  42534.01434  0.0000000   14.7373    23.4976     0.0000   120.3034    -4.73      0.00373  0.0000000    0.0039     0.0258     0.0000     0.0249   9.09047736    9.0758208   -80.700    12.687
svyjan15           geo-0001:sv1-20150124-S-5-1A       57046.899819 15-JAN-24 21:35:44.36      2.200320     4  12.00  12.50  42571.67218  0.0000000   16.1111     0.6710     0.0000    67.2193    -5.21      0.00136  0.0000000    0.0011     0.0092     0.0000     0.0089   4.25417792   12.3039156   -20.762    14.824
svyjan15           geo-0002:sv1-20150124-S-5-1A       57046.903384 15-JAN-24 21:40:52.37      2.200320     4  13.40  13.90  43276.68739  0.0000000   17.0240     5.4595     0.0000    62.7976   -14.24      0.00556  0.0000000    0.0050     0.0339     0.0000     0.0324   4.25356114   12.5152160   -21.908    15.093
svyjan15           geo-0003:sv1-20150124-S-5-1A       57046.912041 15-JAN-24 21:53:20.34      1.467360     3  16.00  16.50  59233.99029  0.0000000   14.2387   335.7988     0.0000    91.3465  -218.49      0.04955  0.0000000    0.0022     0.2808     0.0000     0.2722   4.25097801   12.3401907   -25.045    14.235
svyfeb15           geo-0005:sv1-20150223-S-2-1A       57076.891762 15-FEB-23 21:24:08.23      2.200320     3   0.00   0.00  41345.72260  0.0000000   14.2516    14.2351     0.0000   105.1666    10.48      0.00163  0.0000000    0.0009     0.0134     0.0000     0.0130   0.00000000    0.0000000   -71.249     8.086
svyfeb15           geo-0002:sv1-20150224-S-2-1B       57077.860315 15-FEB-24 20:38:51.21      2.200320     4  15.30  15.40  42800.80131  0.0000000   19.9036   344.3147     0.0000   133.7593    -8.14      0.00451  0.0000000    0.0063     0.0192     0.0000     0.0181   8.18081285   11.3128605    15.722    14.234
svyfeb15           geo-0001:sv1-20150224-S-48-1A      57078.267248 15-FEB-25 06:24:50.22      2.200320     4  14.30  14.30  41942.32944  0.0000000   12.2045    36.5927     0.0000   142.3765     2.84      0.00262  0.0000000    0.0043     0.0156     0.0000     0.0152  11.31063139    3.3326727   -71.412     7.415
svyfeb15           geo-0002:sv1-20150224-S-5-1A       57077.878324 15-FEB-24 21:04:47.19      2.200320     3  13.90  14.10  42100.48957  0.0000000   14.0270    15.3729     0.0000   103.4746     0.82      0.00296  0.0000000    0.0014     0.0244     0.0000     0.0237   8.12221056   10.5356868     8.629    13.633
svyfeb15           geo-0003:sv1-20150224-S-5-1A       57077.885454 15-FEB-24 21:15:03.22      2.200320     4  17.20  17.40  41032.80744  0.0000000   14.0733    15.3954     0.0000   103.6219    14.49      0.00357  0.0000000    0.0018     0.0303     0.0000     0.0294   8.12100085   10.5328094     6.232    13.670
svyfeb15           geo-0001:sv1-20150224-S-7-1A       57077.909632 15-FEB-24 21:49:52.20      2.933280     5  15.90  16.00  49115.92554  0.0000000   17.2511   350.2837     0.0000   128.0782   -88.98      0.00850  0.0000000    0.0091     0.0388     0.0000     0.0371   8.06121032   11.1742815     0.000     0.000
svymay15           geo-0001:sv1-20150519-S-7-1B       57161.900373 15-MAY-19 21:36:32.22      1.465920     3  11.90  11.90  40727.88948  0.0000000   26.4449    13.1331     0.0000   211.6509    18.39      0.03632  0.0000000    0.0646     0.0900     0.0000     0.0811  15.10167651  -19.3247944   -15.952    -4.440
svymay15           geo-0001:sv1-20150520-S-4-1A       57162.878696 15-MAY-20 21:05:19.33      1.465920     3  18.00  18.00  42123.66318  0.0000000   23.0163     4.4768     0.0000   219.8347     0.52      0.03248  0.0000000    0.0501     0.1074     0.0000     0.0991  15.12173794  -20.0918198   -68.241    -0.341
svyjun15           geo-0003:sv1-20150617-S-19-1B      57191.125361 15-JUN-18 03:00:31.19      0.732960     2  16.10  16.30  44878.04362  0.0000000   13.7537    36.7626     0.0000   262.9381   -34.73      0.00000  0.0000000    0.0000     0.0000     0.0000     0.0000  20.00555040  -19.4034481   -16.817   -16.351
svyjun15           geo-0001:sv1-20150617-S-19-1B      57191.127907 15-JUN-18 03:04:11.16      2.200320     4  17.70  17.80  42175.25330  0.0000000   14.7706     2.5491     0.0000   295.8196    -0.14      0.00336  0.0000000    0.0030     0.0239     0.0000     0.0231  19.58525574  -19.4126818   -16.817   -16.351
svyjun15           geo-0002:sv1-20150617-S-19-1B      57191.128417 15-JUN-18 03:04:55.22      4.400640     7  15.30  15.40  58728.21856  0.0000000   34.8871   321.6555     0.0000   333.2717  -212.02      0.02541  0.0000000    0.0321     0.0278     0.0000     0.0228  19.58256086  -19.3003994   -16.817   -16.351
svyjun15                                              57191.151657 15-JUN-18 03:38:23.16      1.467360     3   0.00   0.00  41743.48779  0.0000000   14.5562    11.6117     0.0000   286.9197     5.39      0.04443  0.0000000    0.0275     0.3452     0.0000     0.3341   0.00000000    0.0000000     0.000     0.000
svyjun15           geo-0001:sv1-20150617-S-20-1B      57191.156495 15-JUN-18 03:45:21.16      1.467360     3  16.20  16.40  42005.73335  0.0000000   16.5565   348.9522     0.0000   309.1239     2.03      0.03730  0.0000000    0.0483     0.2059     0.0000     0.1975  19.52580710  -19.0906234     0.000     0.000
svyjun15           geo-0002:sv1-20150617-S-21-1A      57191.190014 15-JUN-18 04:33:37.20      2.933280     5  13.70  13.90  42586.33332  0.0000000   16.1176   359.0734     0.0000   299.6944    -5.40      0.00286  0.0000000    0.0029     0.0178     0.0000     0.0171  19.47576401  -20.1323693     0.000     0.000
svyjun15           geo-0002:sv1-20150618-S-15-1A      57192.119958 15-JUN-19 02:52:44.37      0.732960     2  17.60  17.70  58744.96733  0.0000000   17.2861    57.7305     0.0000   243.0347  -212.23      0.00000  0.0000000    0.0000     0.0000     0.0000     0.0000  20.01252252  -19.5839929     0.000     0.000
svyjun15                                              57192.137273 15-JUN-19 03:17:40.38      2.933280     5   0.00   0.00  41723.35267  0.0000000   14.5600    11.5087     0.0000   287.6851     5.65      0.00212  0.0000000    0.0014     0.0164     0.0000     0.0158   0.00000000    0.0000000     0.000     0.000
svyjun15           geo-0001:sv1-20150618-S-15-1B      57192.123268 15-JUN-19 02:57:30.35      2.933280     5  18.00  18.10  42172.93374  0.0000000   14.7675     2.5620     0.0000   295.7595    -0.11      0.00399  0.0000000    0.0036     0.0284     0.0000     0.0275  19.59051561  -19.4135647     0.000     0.000
svyjun15           geo-0002:sv1-20150618-S-15-1B      57192.127343 15-JUN-19 03:03:22.43      2.200320     4  16.00  16.10  44953.79197  0.0000000   13.7578    36.5959     0.0000   262.8920   -35.70      0.01816  0.0000000    0.0047     0.1423     0.0000     0.1382  19.58561808  -19.4030374     0.000     0.000
svyjun15           geo-0001:sv1-20150618-S-16-1B      57192.150931 15-JUN-19 03:37:20.43      3.666240     5  20.20  20.30  51653.87026  0.0000000   34.1634   321.5982     0.0000   333.6115  -121.46      0.00000  0.0000000    0.0000     0.0000     0.0000     0.0000  19.54214003  -19.4114076     0.000     0.000
svyjun15           geo-0002:sv1-20150618-S-2-1A       57191.915361 15-JUN-18 21:58:07.19      2.933280     5  19.00  19.10  41828.39107  0.0000000   13.2804   330.0797     0.0000   271.8608     4.30      0.00303  0.0000000    0.0005     0.0268     0.0000     0.0261  16.21431292  -19.3135519   -35.842    -6.687
svyaug15           geo-0001:sv1-20150815-S-5-1B       57249.927742 15-AUG-15 22:15:56.90      2.200320     4  14.90  14.90  42131.92065  0.0000000   12.0897    43.5423     0.0000   266.0636     0.42      0.01126  0.0000000    0.0022     0.1083     0.0000     0.1059  20.54500818  -18.0000603    11.529   -12.061
svyaug15           geo-0002:sv1-20150815-S-5-1B       57249.937418 15-AUG-15 22:29:52.91      2.933280     4  19.70  19.80  47299.57596  0.0000000   14.0625    12.3101     0.0000   297.3007   -65.73      0.01331  0.0000000    0.0111     0.0862     0.0000     0.0836  20.54477701  -17.4743071     8.847   -12.469
svyaug15           geo-0001:sv1-20150815-S-6-1A       57249.953112 15-AUG-15 22:52:28.87      2.933280     5  10.90  11.00  43054.16406  0.0000000   15.3978     7.0684     0.0000   301.5516   -11.39      0.00242  0.0000000    0.0025     0.0153     0.0000     0.0147  20.49444260  -19.1001629     2.416   -13.077
svyaug15           geo-0003:sv1-20150815-S-6-1B       57249.956422 15-AUG-15 22:57:14.86      2.200320     4  12.10  12.10  43285.49026  0.0000000   16.2022   356.9238     0.0000   311.7382   -14.35      0.00376  0.0000000    0.0050     0.0197     0.0000     0.0189  20.50067064  -17.5836049     1.477   -12.017
svyaug15           geo-0003:sv1-20150816-S-4-1B       57250.898181 15-AUG-16 21:33:22.83      2.933280     4  14.80  14.80  42629.52060  0.0000000   16.0915   358.5397     0.0000   309.4930    -5.95      0.01676  0.0000000    0.0216     0.0927     0.0000     0.0890  20.57412537  -17.5921380    20.859   -12.351
svyaug15           geo-0002:sv1-20150816-S-5-1B       57250.936588 15-AUG-16 22:28:41.20      2.933280     5  10.90  10.90  42249.53966  0.0000000   12.1266    37.6374     0.0000   271.9873    -1.09      0.00776  0.0000000    0.0013     0.0744     0.0000     0.0727  20.53147097  -18.0815559     7.503   -12.119
svyaug15           geo-0002:sv1-20150817-S-5-1B       57251.933116 15-AUG-17 22:23:41.22      2.200320     4  12.50  12.50  42159.61687  0.0000000   12.1193    37.0974     0.0000   272.2486     0.06      0.00391  0.0000000    0.0007     0.0376     0.0000     0.0367  20.52110887  -18.0829556     7.498   -12.110
svyoct15           geo-0005:sv1-20151013-S-24-1A      57309.245859 15-OCT-14 05:54:02.21      0.732960     2  16.60  16.70  30831.91779  0.0000000    3.5564   214.8077     0.0000   192.0797   145.06      0.00000  0.0000000    0.0000     0.0000     0.0000     0.0000   2.32393287   -7.0623705   -64.111    -0.744
svyoct15           geo-0001:sv1-20151013-S-24-1B      57309.243567 15-OCT-14 05:50:44.18      2.200320     4  15.70  15.80  50496.11996  0.0000000    3.7056    94.5509     0.0000   308.8065  -106.64      0.00618  0.0000000    0.0065     0.1242     0.0000     0.1239   2.32388490   -6.4400918   -66.733    -2.887
svydec15           geo-0001:sv1-20151211-S-16-1B      57367.952583 15-DEC-11 22:51:43.17      2.933280     5  17.30  17.40  44043.81912  0.0000000   12.2099   332.5659     0.0000    84.6926   -24.06      0.01464  0.0000000    0.0026     0.1350     0.0000     0.1320   3.54525988    9.2915699    -6.125    12.157
svydec15           geo-0002:sv1-20151211-S-16-1B      57367.959204 15-DEC-11 23:01:15.22      1.467360     3  17.70  17.80  42321.71343  0.0000000   12.6001   326.0733     0.0000    91.2400    -2.01      0.00561  0.0000000    0.0005     0.0527     0.0000     0.0515   3.54401975    9.5302470    -8.307    12.597
svydec15           geo-0003:sv1-20151211-S-16-1B      57367.959204 15-DEC-11 23:01:15.22      2.200320     3  20.30  20.40  45631.73044  0.0000000   12.1923   321.7602     0.0000    95.6508   -44.38      0.00770  0.0000000    0.0015     0.0681     0.0000     0.0666   3.55071650    9.3429752    -8.111    12.132
svydec15           geo-0001:sv1-20151211-S-5-1A       57367.856947 15-DEC-11 20:34:00.22      2.200320     4  19.90  20.00  42330.29709  0.0000000   11.8272   321.6056     0.0000    95.1446    -2.12      0.00839  0.0000000    0.0017     0.0831     0.0000     0.0813   4.11381905    8.3116995    28.123    11.779
svydec15           geo-0002:sv1-20151211-S-5-1A       57367.868660 15-DEC-11 20:50:52.22      2.933280     5  18.80  18.90  42963.89108  0.0000000   11.8080   326.2236     0.0000    90.9872   -10.23      0.00362  0.0000000    0.0003     0.0355     0.0000     0.0347   4.11137878    8.4008029    24.266    11.806
svydec15           geo-0001:sv1-20151211-S-5-1B       57367.855164 15-DEC-11 20:31:26.16      5.133600     8  18.60  18.70  61728.06895  0.0000000   15.1086   287.3385     0.0000   130.2531  -250.41      0.00000  0.0000000    0.0000     0.0000     0.0000     0.0000   4.11014370    9.1636024    30.494    11.474
svydec15           geo-0002:sv1-20151211-S-5-1B       57367.855674 15-DEC-11 20:32:10.23      4.400640     5   0.00   0.00  61707.00991  0.0000000   15.1043   287.3651     0.0000   130.3311  -250.14      0.00000  0.0000000    0.0000     0.0000     0.0000     0.0000   0.00000000    0.0000000     0.000     0.000
svydec15           geo-0003:sv1-20151211-S-5-1B       57367.857711 15-DEC-11 20:35:06.23      2.200320     4  19.30  19.30  42077.10602  0.0000000   12.6609   334.5781     0.0000    82.4643     1.12      0.00426  0.0000000    0.0011     0.0396     0.0000     0.0387   4.11449944    9.2138776    27.843    12.550
svydec15           geo-0004:sv1-20151211-S-5-1B       57367.861785 15-DEC-11 20:40:58.22      2.933280     5  16.50  16.60  43355.71578  0.0000000   14.2205   297.0709     0.0000   119.1913   -15.25      0.00450  0.0000000    0.0044     0.0316     0.0000     0.0307   4.11083289    9.1819745    26.543    12.384
svydec15           geo-0005:sv1-20151212-S-14-1B      57368.905257 15-DEC-12 21:43:34.20      2.933280     5  15.80  15.80  42061.26151  0.0000000   12.1100   322.0907     0.0000    94.9826     1.32      0.00164  0.0000000    0.0003     0.0161     0.0000     0.0157   4.04477461    9.0522006    10.023    12.064
svydec15           geo-0001:sv1-20151212-S-18-1A      57368.924042 15-DEC-12 22:10:37.22      2.200320     4  19.10  19.20  43090.31258  0.0000000   11.5797   319.7638     0.0000    96.7625   -11.85      0.00409  0.0000000    0.0010     0.0405     0.0000     0.0397   3.58172569    8.3550332     2.722    11.498
svydec15           geo-0001:sv1-20151212-S-18-1B      57368.929389 15-DEC-12 22:18:19.20      2.200320     4  19.10  19.20  50044.09048  0.0000000   26.6971    33.3286     0.0000    26.5305  -100.86      0.02754  0.0000000    0.0421     0.0476     0.0000     0.0424   3.58417981    9.0903683     1.492    11.577
svydec15           geo-0001:sv1-20151212-S-22-1B      57368.959401 15-DEC-12 23:01:32.24      1.467360     3  16.70  16.80  41395.87885  0.0000000   14.7915   291.8359     0.0000   123.9548     9.84      0.00426  0.0000000    0.0050     0.0291     0.0000     0.0281   3.51057996    9.2308372   -10.017    12.226
svydec15           geo-0001:sv1-20151212-S-4-1A       57368.826033 15-DEC-12 19:49:29.25      1.465920     3  19.50  19.60  44918.77124  0.0000000   11.1767   329.6298     0.0000    87.7082   -35.25      0.00494  0.0000000    0.0005     0.0487     0.0000     0.0478   4.15026715    7.5325988    38.730    11.168
svydec15           geo-0002:sv1-20151212-S-4-1A       57368.833162 15-DEC-12 19:59:45.19      2.200320     4  19.30  19.40  42366.05008  0.0000000   11.6062   320.7275     0.0000    96.0840    -2.58      0.00535  0.0000000    0.0013     0.0537     0.0000     0.0526   4.14296965    8.0742365    35.800    11.540
svydec15           geo-0003:sv1-20151212-S-4-1A       57368.839273 15-DEC-12 20:08:33.18      2.200320     4  17.90  17.90  40687.06224  0.0000000   13.2322   301.6576     0.0000   114.5927    18.91      0.00490  0.0000000    0.0044     0.0412     0.0000     0.0401   4.14361777    8.3202363    33.495    12.013
svydec15           geo-0004:sv1-20151212-S-4-1A       57368.845384 15-DEC-12 20:17:21.17      1.465920     3  19.10  19.20  44281.34472  0.0000000   11.3655   328.3975     0.0000    89.3282   -27.10      0.00530  0.0000000    0.0004     0.0522     0.0000     0.0512   4.15131232    8.0938715    32.163    11.365
svydec15           geo-0001:sv1-20151212-S-4-1B       57368.830361 15-DEC-12 19:55:43.19      2.200320     4  12.30  12.40  37217.34238  0.0000000   13.0585   322.0607     0.0000    93.7249    63.32      0.00480  0.0000000    0.0009     0.0496     0.0000     0.0483   4.14297724    9.1440687    35.758    13.030
svydec15           geo-0002:sv1-20151212-S-4-1B       57368.831380 15-DEC-12 19:57:11.23      1.467360     3  18.90  19.00  42072.93603  0.0000000   12.6599   334.5628     0.0000    82.6625     1.17      0.00291  0.0000000    0.0008     0.0271     0.0000     0.0264   4.15275605    9.1144471    36.550    12.555
svydec15           geo-0004:sv1-20151212-S-4-1B       57368.837491 15-DEC-12 20:05:59.22      2.933280     4  12.40  12.50  42812.66050  0.0000000   15.4140     5.9294     0.0000    52.1396    -8.30      0.00356  0.0000000    0.0044     0.0216     0.0000     0.0208   4.14150562    8.4914069    34.347    12.113
svydec15           geo-0001:sv1-20151213-S-10-1A      57369.931380 15-DEC-13 22:21:11.23      2.933280     4  19.70  19.80  42261.01723  0.0000000   12.0368   332.0561     0.0000    84.8910    -1.24      0.00407  0.0000000    0.0008     0.0399     0.0000     0.0391   3.57128827    9.0734472    -0.746    11.988
svydec15           geo-0002:sv1-20151213-S-10-1A      57369.931889 15-DEC-13 22:21:55.20      2.933280     4  19.40  19.50  57016.54555  0.0000000   58.3732   244.5683     0.0000   167.0337  -190.11      0.05114  0.0000000    0.0763     0.0202     0.0000     0.0112   3.58026418    8.5156342    -0.078    11.014
svydec15           geo-0003:sv1-20151213-S-10-1A      57369.934944 15-DEC-13 22:26:19.16      2.200320     4  18.40  18.50  41694.76940  0.0000000   11.7577   321.2226     0.0000    95.7431     6.01      0.00496  0.0000000    0.0011     0.0505     0.0000     0.0494   3.57452120    8.4503990    -1.777    11.698
svydec15           geo-0001:sv1-20151213-S-10-1B      57369.925014 15-DEC-13 22:12:01.20      2.200320     4  18.50  18.60  42309.63671  0.0000000   12.5993   325.9165     0.0000    90.7345    -1.86      0.01306  0.0000000    0.0010     0.1227     0.0000     0.1198   3.57498175    9.4906473     1.389    12.598
svydec15           geo-0006:sv1-20151213-S-11-1A      57369.955326 15-DEC-13 22:55:40.16      0.732960     2  19.40  19.50  44301.45776  0.0000000   20.9372   270.4498     0.0000   144.9155   -27.35      0.00000  0.0000000    0.0000     0.0000     0.0000     0.0000   3.53187098    9.0959481    -9.039    11.853
svydec15           geo-0001:sv1-20151213-S-11-1A      57369.955836 15-DEC-13 22:56:24.23      2.200320     4  18.10  18.20  40942.10266  0.0000000   14.4758     3.8605     0.0000    53.9353    15.65      0.00264  0.0000000    0.0033     0.0183     0.0000     0.0177   3.52218031    8.4052377    -9.495    11.658
svydec15           geo-0001:sv1-20151213-S-11-1B      57369.952016 15-DEC-13 22:50:54.18      1.467360     3  17.10  17.20  42598.00525  0.0000000   12.7556   316.1921     0.0000   100.4331    -5.55      0.00450  0.0000000    0.0017     0.0408     0.0000     0.0398   3.52531473    9.5019953    -8.145    12.541
svydec15           geo-0002:sv1-20151213-S-11-1B      57369.961183 15-DEC-13 23:04:06.21      2.200320     4  17.50  17.60  42416.90375  0.0000000   12.1866   321.1064     0.0000    95.9356    -3.23      0.00291  0.0000000    0.0007     0.0280     0.0000     0.0274   3.52127172    9.2043304   -11.159    12.120
svydec15           geo-0001:sv1-20151213-S-3-1B       57369.813162 15-DEC-13 19:30:57.19      2.200320     4  12.80  12.90  37195.17541  0.0000000   13.0630   322.0275     0.0000    93.8430    63.61      0.00500  0.0000000    0.0010     0.0515     0.0000     0.0502   4.16293934    9.0709763   -18.820     9.698
