Campaign           Name                              Osc_epoch     Date      Time        arcl [min]    # obs mag_c   mag_u  a(km)        e          i(dg)     raan(dg)   w(dg)      s(dg)      dn(dg/d) da(km)       de         di(dg)    draan(dg)  dw(dg)     ds(dg)     R.A.(h)      Decl.(dg)    lon(dg)   lat(dg)  
svyjan09_gto75     geo-0023:sv1-20090119-S-8-1B       54851.025812 09-JAN-20 00:37:10.15      2.200320     3  13.00  13.10  42582.53699  0.0000000   14.2967    22.6679     0.0000   121.2965    -5.35      0.00316  0.0000000    0.0034     0.0221     0.0000     0.0214   9.57511904    9.1021023    15.949    12.182
svyjan09           geo-0018:sv1-20090120-S-9-1A       54851.920928 09-JAN-20 22:06:08.17      2.066400     3  18.50  19.00  43635.38123  0.0000000   11.0705   339.0295     0.0000    90.5062   -18.83      0.00607  0.0000000    0.0004     0.0625     0.0000     0.0614   4.34428082    8.1239220   -22.400    11.070
svyjan09           geo-0033:sv1-20090123-S-7-1B       54854.889149 09-JAN-23 21:20:22.47      1.033920     2  14.70  15.10  45268.43868  0.0000000   11.8768   345.2433     0.0000    84.5154   -39.73      0.00000  0.0000000    0.0000     0.0000     0.0000     0.0000   4.40130839    9.1209939   -13.791    11.822
svyjan09           geo-0014:sv1-20090124-S-3-1A       54855.865848 09-JAN-24 20:46:49.26      1.033920     2  18.60  19.10  37824.63353  0.0000000   11.6845   341.6790     0.0000    87.6151    55.55      0.00000  0.0000000    0.0000     0.0000     0.0000     0.0000   4.43598087    8.2328825    -6.761    11.674
svyfeb09           geo-0062:sv1-20090223-S-8-1A       54885.927005 09-FEB-23 22:14:53.23      3.100320     4  11.70  11.70  50566.20021  0.0000000   11.4345    57.8719     0.0000    80.4685  -107.54      0.01217  0.0000000    0.0033     0.1014     0.0000     0.0994   9.25464728    8.4514086    10.500    11.275
svyfeb09           geo-0065:sv1-20090223-S-8-1A       54885.927722 09-FEB-23 22:15:55.18      1.033920     2  15.60  15.60  35800.85373  0.0000000   12.5526    64.3281     0.0000    73.1225    81.45      0.00000  0.0000000    0.0000     0.0000     0.0000     0.0000   9.26553896    8.2348647     9.152    12.004
svyfeb09           geo-0048:sv1-20090223-S-9-1A       54885.944527 09-FEB-23 22:40:07.13      2.066400     3  17.90  18.00  44940.55350  0.0000000   15.1957     6.4922     0.0000   130.0305   -35.53      0.01887  0.0000000    0.0233     0.1050     0.0000     0.1013   9.21353973    8.4819734     3.553    11.578
svyfeb09           geo-0028:sv1-20090223-S-9-1B       54885.940581 09-FEB-23 22:34:26.19      2.066400     3  17.70  17.80  43052.68549  0.0000000   13.4967    72.8286     0.0000    64.9450   -11.37      0.00555  0.0000000    0.0047     0.0435     0.0000     0.0423   9.21162612    9.2238328     4.601    12.206
svymar09           geo-0035:sv1-20090320-S-7-1B       54910.914004 09-MAR-20 21:56:09.94      2.066400     3  17.10  17.10  43606.21133  0.0000000   10.7449    49.4924     0.0000   116.5078   -18.45      0.00273  0.0000000    0.0024     0.0258     0.0000     0.0253  11.25018292    6.1843832    18.808     9.604
svymar09           geo-0006:sv1-20090321-S-45-1A      54912.235481 09-MAR-22 05:39:05.55      2.066400     3  16.70  16.70  43229.66886  0.0000000    7.5520    66.7401     0.0000   134.8171   -13.63      0.00150  0.0000000    0.0021     0.0161     0.0000     0.0159  13.03331234    1.2910575   -62.827     5.349
svymar09           geo-0037:sv1-20090322-S-13-1B      54912.945926 09-MAR-22 22:42:08.00      2.066400     3  18.20  18.20  43003.64770  0.0000000   11.1158    49.0765     0.0000   116.5732   -10.74      0.00684  0.0000000    0.0062     0.0635     0.0000     0.0624  11.17071584    6.4509560     4.992     9.929
svymar09           geo-0029:sv1-20090322-S-6-1A       54912.883962 09-MAR-22 21:12:54.31      3.100320     3  10.70  10.80  50094.38293  0.0000000   48.8663   354.9920     0.0000   168.0639  -101.50      0.00000  0.0000000    0.0000     0.0000     0.0000     0.0000  11.28160671    5.5924527    28.350     8.962
svymar09           geo-0004:sv1-20090323-S-10-1B      54913.939066 09-MAR-23 22:32:15.30      3.100320     4  16.80  16.90  58286.30707  0.0000000   22.1876     9.7658     0.0000   154.9532  -206.36      0.02462  0.0000000    0.0319     0.0391     0.0000     0.0363  11.15140360    6.5138569     6.765     9.200
svymar09           geo-0059:sv1-20090323-S-10-1B      54913.957723 09-MAR-23 22:59:07.26      1.033920     2  18.60  18.60  43000.77714  0.0000000   11.1718    48.5067     0.0000   117.7063   -10.70      0.00000  0.0000000    0.0000     0.0000     0.0000     0.0000  11.16493337    6.4324835     0.329     9.877
svyapr09           geo-0010:sv1-20090419-S-1-1A       54940.882988 09-APR-19 21:11:30.16      2.066400     3  11.10  11.20  42313.90056  0.0000000    7.5897    65.4300     0.0000   131.3274    -1.91      0.00612  0.0000000    0.0083     0.0703     0.0000     0.0698  13.32469296    1.4541520    31.035     5.692
svyapr09           geo-0028:sv1-20090419-S-1-1A       54940.891599 09-APR-19 21:23:54.15      2.067840     3  17.00  17.00  43852.86584  0.0000000   10.8339    48.7120     0.0000   148.3615   -21.61      0.01477  0.0000000    0.0246     0.0799     0.0000     0.0787  13.33025625    1.5305774    28.451     5.658
svyapr09           geo-0037:sv1-20090419-S-2-1B       54940.918115 09-APR-19 22:02:05.13      1.033920     2  16.20  16.20  43510.94559  0.0000000   11.4700    50.1477     0.0000   147.1158   -17.23      0.00000  0.0000000    0.0000     0.0000     0.0000     0.0000  13.30336432    2.2908427    19.135     6.198
svyapr09           geo-0009:sv1-20090421-S-2-1A       54942.886762 09-APR-21 21:16:56.23      2.066400     3  18.60  18.60  39117.79113  0.0000000   10.5028    51.5892     0.0000   144.4420    39.00      0.05499  0.0000000    0.0993     0.3854     0.0000     0.3796  13.31265274    1.5114990    27.182     6.085
svyapr09           geo-0031:sv1-20090422-S-10-1A      54943.943139 09-APR-22 22:38:07.20      2.066400     3  17.80  17.90  49870.42656  0.0000000    6.1304   139.2234     0.0000    58.7685   -98.64      0.00575  0.0000000    0.0050     0.0782     0.0000     0.0777  13.23037160    1.5850900     7.203     5.239
svyapr09           geo-0038:sv1-20090422-S-9-1B       54943.922363 09-APR-22 22:08:12.16      2.066400     3  17.50  17.50  73283.42806  0.0000000   16.0869    37.6253     0.0000   161.3444  -398.32      0.13040  0.0000000    0.1371     0.1665     0.0000     0.1605  13.28548400    2.5502635    16.509     5.085
svymay09           geo-0014:sv1-20090518-S-8-1A       54969.923241 09-MAY-18 22:09:28.02      2.066400     3  18.70  18.70  43233.39889  0.0000000   15.3992     3.0826     0.0000   222.5863   -13.68      0.00589  0.0000000    0.0085     0.0296     0.0000     0.0286  15.16371981  -15.5255206    15.540   -10.352
svymay09           geo-0040:sv1-20090521-S-43-1A      54973.197706 09-MAY-22 04:44:41.79      1.033920     2  17.70  18.10  41111.63860  0.0000000   14.3930     2.4248     0.0000   294.0158    13.48      0.00000  0.0000000    0.0000     0.0000     0.0000     0.0000  19.50127371  -19.4319012   -13.994   -13.124
svymay09           geo-0053:sv1-20090522-S-41-1A      54974.205037 09-MAY-23 04:55:15.19      2.066400     3  17.20  17.60  41119.26187  0.0000000   14.3903     2.4524     0.0000   294.3252    13.38      0.00458  0.0000000    0.0040     0.0348     0.0000     0.0338  19.49262389  -19.4105264   -17.283   -13.089
svyjun09           geo-0050:sv1-20090617-S-19-1B      55000.173000 09-JUN-18 04:09:07.20      2.066400     3  12.80  12.90  42042.28735  0.0000000   13.7725    12.2489     0.0000   289.7591     1.56      0.00077  0.0000000    0.0005     0.0062     0.0000     0.0060  20.04047316  -19.1900754   -26.270   -12.947
svyjun09           geo-0013:sv1-20090622-S-1-1B       55004.892271 09-JUN-22 21:24:52.21      2.066400     3  17.30  17.40  51011.41762  0.0000000   14.5580   300.9081     0.0000   301.1525  -113.24      0.02144  0.0000000    0.0183     0.1190     0.0000     0.1151  16.24394212  -17.1815465    10.490   -12.422
svyjun09           geo-0025:sv1-20090624-S-32-1B      55007.136066 09-JUN-25 03:15:56.10      1.033920     2  14.90  15.00  43945.73152  0.0000000   15.6236   357.8306     0.0000   303.2583   -22.80      0.00000  0.0000000    0.0000     0.0000     0.0000     0.0000  20.06067082  -19.0724025   -20.297   -13.015
svyjun09           geo-0006:sv1-20090624-S-34-1A      55007.156425 09-JUN-25 03:45:15.12      1.032480     2  18.30  18.40  45425.16973  0.0000000   19.8505   345.3933     0.0000   314.5670   -41.74      0.00000  0.0000000    0.0000     0.0000     0.0000     0.0000  20.00149596  -19.5609608   -28.017   -14.000
svyjun09           geo-0020:sv1-20090624-S-34-1A      55007.165036 09-JUN-25 03:57:39.11      3.100320     4  11.90  12.00  49410.80780  0.0000000   17.9124   352.9607     0.0000   307.5615   -92.75      0.01153  0.0000000    0.0120     0.0500     0.0000     0.0476  20.00071681  -19.3009781   -30.934   -14.111
svyjun09           geo-0062:sv1-20090625-S-1-1B       55007.929977 09-JUN-25 22:19:10.01      3.100320     4  16.70  16.80  50305.39211  0.0000000   14.4925   300.6969     0.0000   301.2414  -104.20      0.01038  0.0000000    0.0090     0.0585     0.0000     0.0566  16.16236198  -17.3122493    -6.207   -12.355
svyjun09           geo-0022:sv1-20090626-S-17-1A      55009.120601 09-JUN-27 02:53:39.92      1.033920     2  17.80  17.90  41559.81061  0.0000000   15.0735     2.2197     0.0000   299.1391     7.74      0.00000  0.0000000    0.0000     0.0000     0.0000     0.0000  20.08548401  -19.3903844   -16.552   -13.129
svyaug09           geo-0051:sv1-20090815-S-1-1B       55058.906450 09-AUG-15 21:45:17.28      1.033920     2  17.60  17.70  41508.67767  0.0000000   15.4814   359.6927     0.0000   306.8755     8.39      0.00000  0.0000000    0.0000     0.0000     0.0000     0.0000  20.50067549  -18.1504642    16.842   -12.329
svyaug09           geo-0040:sv1-20090815-S-2-1A       55058.928663 09-AUG-15 22:17:16.48      2.063520     3  17.70  17.70  42605.20184  0.0000000   17.6075   354.8745     0.0000   311.1936    -5.64      0.00726  0.0000000    0.0096     0.0360     0.0000     0.0343  20.44496616  -19.1159500     8.668   -13.157
svyaug09           057GL                              55059.226462 09-AUG-16 05:26:06.31      1.033920     2   0.00   0.00  32798.63145  0.0000000    7.5679    98.7586     0.0000   257.4893   119.88      0.00000  0.0000000    0.0000     0.0000     0.0000     0.0000   0.00000000    0.0000000     0.000     0.000
svyaug09           028B                               55059.232202 09-AUG-16 05:34:22.25      2.066400     3   0.00   0.00  42298.51742  0.0000000   10.5183    53.7225     0.0000   300.7705    -1.72      0.01444  0.0000000    0.0150     0.1364     0.0000     0.1342   0.00000000    0.0000000     0.000     0.000
svyaug09           geo-0050:sv1-20090815-S-36-1B      55059.233996 09-AUG-16 05:36:57.25      2.067840     3  16.60  16.70  42147.31783  0.0000000   11.2618    43.6845     0.0000   310.6070     0.22      0.00226  0.0000000    0.0030     0.0177     0.0000     0.0174  23.18207885  -13.5410217   -54.145    -8.526
svyaug09           035B                               55058.951230 09-AUG-15 22:49:46.27      2.066400     3   0.00   0.00  42149.31521  0.0000000   13.4139    18.9557     0.0000   287.8802     0.19      0.00693  0.0000000    0.0045     0.0574     0.0000     0.0558   0.00000000    0.0000000     0.000     0.000
svyaug09           102A                               55058.948001 09-AUG-15 22:45:07.28      2.066400     3   0.00   0.00  42152.62085  0.0000000   12.1303    36.5150     0.0000   270.6872     0.15      0.00453  0.0000000    0.0007     0.0436     0.0000     0.0426   0.00000000    0.0000000     0.000     0.000
svyaug09           geo-0037:sv1-20090816-S-1-1A       55059.898359 09-AUG-16 21:33:38.21      2.067840     2  17.60  17.60  42581.65742  0.0000000   17.6168   354.8123     0.0000   311.2596    -5.34      0.00000  0.0000000    0.0000     0.0000     0.0000     0.0000  20.49519929  -18.5547947    18.627   -13.151
svyaug09           geo-0010:sv1-20090816-S-1-1B       55059.887954 09-AUG-16 21:18:39.22      2.066400     2  15.40  15.40  41940.55031  0.0000000   14.6556     1.7892     0.0000   304.2528     2.87      0.00000  0.0000000    0.0000     0.0000     0.0000     0.0000  20.49326807  -17.4526691    21.872   -12.071
svyaug09           geo-0002:sv1-20090816-S-3-1A       55059.931298 09-AUG-16 22:21:04.14      1.033920     2  12.90  13.00  35728.89794  0.0000000   20.6166   340.6190     0.0000   323.8886    82.38      0.00000  0.0000000    0.0000     0.0000     0.0000     0.0000  20.41307471  -19.1540110     5.590   -11.977
svyaug09           geo-0019:sv1-20090816-S-3-1A       55059.939910 09-AUG-16 22:33:28.22      3.100320     4  16.00  16.10  51051.89079  0.0000000   13.8826    34.9224     0.0000   272.7881  -113.76      0.02203  0.0000000    0.0029     0.1491     0.0000     0.1447  20.41238160  -18.5759738     3.982   -13.866
svyaug09           geo-0032:sv1-20090816-S-3-1A       55059.944215 09-AUG-16 22:39:40.17      2.066400     3  17.40  17.50  42826.90880  0.0000000   15.4180     2.4633     0.0000   304.0578    -8.48      0.00791  0.0000000    0.0089     0.0489     0.0000     0.0471  20.41214302  -18.4913075     2.136   -12.724
svyaug09           116D                               55061.235211 09-AUG-18 05:38:42.23      1.032480     2   0.00   0.00  42645.84865  0.0000000   12.4972    38.6527     0.0000   315.7399    -6.16      0.00000  0.0000000    0.0000     0.0000     0.0000     0.0000   0.00000000    0.0000000     0.000     0.000
svyaug09           geo-0020:sv1-20090817-S-3-1A       55060.910905 09-AUG-17 21:51:42.19      2.066400     3  12.80  12.80  35739.77308  0.0000000   20.6633   340.5041     0.0000   323.9836    82.24      0.01693  0.0000000    0.0338     0.0690     0.0000     0.0644  20.45348822  -19.0422681    11.953   -11.976
svyaug09           geo-0018:sv1-20090817-S-8-1A       55060.956913 09-AUG-17 22:57:57.28      1.033920     2  18.00  18.10  42840.79893  0.0000000   15.3971     2.5868     0.0000   303.6271    -8.66      0.00000  0.0000000    0.0000     0.0000     0.0000     0.0000  20.36384859  -18.5727988    -3.750   -12.772
svyaug09           geo-0030:sv1-20090817-S-8-1B       55060.959425 09-AUG-17 23:01:34.32      1.033920     2  18.70  18.70  75974.88927  0.0000000   17.1591     9.9522     0.0000   297.3591  -432.77      0.00000  0.0000000    0.0000     0.0000     0.0000     0.0000  20.37528933  -18.3927358    -3.453   -15.190
svyaug09           geo-0019:sv1-20090818-S-1-1A       55061.879632 09-AUG-18 21:06:40.20      2.067840     3  17.90  18.00  48306.34379  0.0000000   18.4138   354.5812     0.0000   311.9778   -78.62      0.00906  0.0000000    0.0106     0.0370     0.0000     0.0350  20.51508625  -18.3103706    24.036   -13.581
svyaug09           geo-0084:sv1-20090818-S-1-1A       55061.891831 09-AUG-18 21:24:14.19      1.033920     2  13.00  13.00  35770.14843  0.0000000   20.7770   340.2811     0.0000   324.7944    81.85      0.00000  0.0000000    0.0000     0.0000     0.0000     0.0000  20.51427947  -18.3902837    18.441   -11.801
svyaug09           geo-0035:sv1-20090818-S-1-1B       55061.882143 09-AUG-18 21:10:17.15      2.066400     3  18.30  18.30  41951.15486  0.0000000   14.9210     2.9691     0.0000   303.2969     2.73      0.00280  0.0000000    0.0032     0.0184     0.0000     0.0177  20.50428234  -18.0747211    22.243   -12.428
svyaug09           geo-0048:sv1-20090819-S-4-1B       55062.930474 09-AUG-19 22:19:52.95      2.067840     3  12.90  12.90  41976.19567  0.0000000   12.6828    26.6121     0.0000   280.8195     2.41      0.00811  0.0000000    0.0034     0.0736     0.0000     0.0718  20.43392518  -18.3702146     4.332   -12.454
svyaug09           geo-0023:sv1-20090820-S-1-1A       55063.892338 09-AUG-20 21:24:58.00      2.066400     3  16.40  16.50  50125.54754  0.0000000   13.9096    34.5867     0.0000   273.4263  -101.90      0.01969  0.0000000    0.0029     0.1359     0.0000     0.1320  20.48520203  -18.4902949    17.534   -13.884
svyaug09           geo-0019:sv1-20090821-S-1-1B       55064.884606 09-AUG-21 21:13:49.95      2.066400     3  13.50  13.60  42415.01200  0.0000000   12.0640    41.7585     0.0000   265.5318    -3.21      0.00601  0.0000000    0.0012     0.0574     0.0000     0.0561  20.48453674  -17.4432004    18.413   -12.027
svyaug09           geo-0009:sv1-20090821-S-37-1A      55065.202558 09-AUG-22 04:51:41.01      2.066400     3  11.40  11.50  42171.28476  0.0000000    9.7761    56.2448     0.0000   297.8523    -0.09      0.01007  0.0000000    0.0097     0.1058     0.0000     0.1043  23.19055621  -14.0755716   -49.108    -8.634
svyaug09           geo-0034:sv1-20090822-S-1-1A       55065.891551 09-AUG-22 21:23:50.00      2.066400     3  13.80  13.80  42762.84584  0.0000000   15.0577     8.0017     0.0000   298.6478    -7.66      0.01413  0.0000000    0.0137     0.0946     0.0000     0.0914  20.48238309  -19.0155733    15.230   -13.179
svyaug09                                              55066.879065 09-AUG-23 21:05:51.21      2.066400     3   0.00   0.00  41984.12092  0.0000000   12.6865    26.5696     0.0000   280.0406     2.31      0.00953  0.0000000    0.0037     0.0865     0.0000     0.0843   0.00000000    0.0000000     0.000     0.000
svyaug09           091A                               55066.928741 09-AUG-23 22:17:23.22      1.033920     2   0.00   0.00  42269.80079  0.0000000   14.3638     4.4511     0.0000   301.9910    -1.35      0.00000  0.0000000    0.0000     0.0000     0.0000     0.0000   0.00000000    0.0000000     0.000     0.000
svyaug09           geo-0018:sv1-20090824-S-2-1B       55067.907630 09-AUG-24 21:46:59.23      2.066400     3   8.90  13.60  42412.98037  0.0000000   12.0679    41.5971     0.0000   265.9123    -3.18      0.00116  0.0000000    0.0002     0.0111     0.0000     0.0109  20.44035117  -18.0136102     7.372   -12.037
svyaug09           geo-0029:sv1-20090824-S-3-1A       55067.927688 09-AUG-24 22:15:52.24      1.032480     2  13.60  13.70  42772.94023  0.0000000   15.0368     8.1611     0.0000   298.2532    -7.79      0.00000  0.0000000    0.0000     0.0000     0.0000     0.0000  20.39091346  -19.2407681    -0.031   -13.211
svyaug09           102A                               55067.924459 09-AUG-24 22:11:13.25      1.033920     2   0.00   0.00  42148.66916  0.0000000   12.1386    36.4297     0.0000   270.8725     0.20      0.00000  0.0000000    0.0000     0.0000     0.0000     0.0000   0.00000000    0.0000000     0.000     0.000
svyaug09           091A                               55067.929483 09-AUG-24 22:18:27.33      2.066400     3   0.00   0.00  42265.87442  0.0000000   14.3448     4.5652     0.0000   301.9288    -1.30      0.00438  0.0000000    0.0047     0.0302     0.0000     0.0293   0.00000000    0.0000000     0.000     0.000
svyaug09           geo-0026:sv1-20090825-S-37-1A      55069.238868 09-AUG-26 05:43:58.19      2.066400     3  16.50  16.60  46799.67810  0.0000000   13.3519   130.6601     0.0000   224.4137   -59.33      0.05255  0.0000000    0.0677     0.2895     0.0000     0.2814  23.14084677  -13.5251682   -66.313    -9.301
svyaug09           geo-0009:sv1-20090825-S-3-1B       55068.927712 09-AUG-25 22:15:54.31      1.033920     2  10.20  10.30  32697.73818  0.0000000   13.8183   354.4126     0.0000   311.1086   121.17      0.00000  0.0000000    0.0000     0.0000     0.0000     0.0000  20.37381717  -18.2228421    -1.923   -10.367
svysep09           095A                               55096.942608 09-SEP-22 22:37:21.33      1.032480     2   0.00   0.00  42246.05224  0.0000000   13.2237    23.4040     0.0000   307.2264    -1.04      0.00000  0.0000000    0.0000     0.0000     0.0000     0.0000   0.00000000    0.0000000     0.000     0.000
svysep09           044F                               55096.944761 09-SEP-22 22:40:27.35      1.032480     2   0.00   0.00  42905.26824  0.0000000   14.0816    20.2859     0.0000   310.4741    -9.48      0.00000  0.0000000    0.0000     0.0000     0.0000     0.0000   0.00000000    0.0000000     0.000     0.000
svysep09           geo-0024:sv1-20090923-S-1-1B       55097.849864 09-SEP-23 20:23:48.24      1.033920     2  18.90  19.10  28426.85866  0.0000000    8.9615    80.6769     0.0000   247.9075   175.84      0.00000  0.0000000    0.0000     0.0000     0.0000     0.0000  22.25235438  -16.3648061    19.576    -8.299
svysep09           geo-0005:sv1-20090923-S-2-1B       55097.868846 09-SEP-23 20:51:08.29      1.033920     2  15.70  15.80  41523.92281  0.0000000   12.4519    31.9347     0.0000   298.3665     8.20      0.00000  0.0000000    0.0000     0.0000     0.0000     0.0000  22.22217063  -16.4608532    15.261   -10.937
svysep09           geo-0039:sv1-20090923-S-3-1B       55097.903615 09-SEP-23 21:41:12.33      2.066400     3  17.90  18.10  42659.83120  0.0000000   11.4842    44.4297     0.0000   286.3734    -6.34      0.01134  0.0000000    0.0067     0.1090     0.0000     0.1068  22.16160543  -16.5611120     2.954   -11.013
svysep09           geo-0009:sv1-20090923-S-4-1B       55097.920375 09-SEP-23 22:05:20.40      1.032480     2  17.40  17.50  40633.62412  0.0000000   16.6510     7.5746     0.0000   321.9235    19.60      0.00000  0.0000000    0.0000     0.0000     0.0000     0.0000  22.11108880  -16.2540267    -3.532   -10.178
svysep09           geo-0012:sv1-20090923-S-4-1B       55097.922527 09-SEP-23 22:08:26.33      1.032480     2  18.10  18.30  42602.43251  0.0000000   70.3610   334.6265     0.0000   348.5667    -5.61      0.00000  0.0000000    0.0000     0.0000     0.0000     0.0000  22.10323271  -16.4542447    -4.254   -10.760
svysep09           043D                               55098.858510 09-SEP-24 20:36:15.26      2.066400     3   0.00   0.00  42834.73423  0.0000000   11.9526    44.2129     0.0000   286.6055    -8.58      0.03803  0.0000000    0.0225     0.3487     0.0000     0.3411   0.00000000    0.0000000     0.000     0.000
svyoct09           95063D                             55117.881493 09-OCT-13 21:09:20.99      2.066400     3   0.00   0.00  42112.53543  0.0000000   10.9367    48.7835     0.0000   299.6166     0.67      0.00323  0.0000000    0.0033     0.0300     0.0000     0.0294   0.00000000    0.0000000     0.000     0.000
svyoct09                                              55117.885081 09-OCT-13 21:14:30.99      1.033920     2   0.00   0.00  42423.87660  0.0000000   11.3829    46.9444     0.0000   301.6037    -3.32      0.00000  0.0000000    0.0000     0.0000     0.0000     0.0000   0.00000000    0.0000000     0.000     0.000
svyoct09           geo-0002:sv1-20091014-S-3-1A       55118.889062 09-OCT-14 21:20:14.95      2.066400     3  12.80  13.00  42425.09142  0.0000000   11.4073    46.7422     0.0000   300.8121    -3.34      0.00254  0.0000000    0.0027     0.0221     0.0000     0.0217  23.24539642  -15.3445875     4.449    -9.780
svyoct09           geo-0007:sv1-20091014-S-3-1A       55118.890498 09-OCT-14 21:22:19.02      1.032480     2  10.00  10.20  33686.05964  0.0000000    8.8771    59.3486     0.0000   287.9076   108.52      0.00000  0.0000000    0.0000     0.0000     0.0000     0.0000  23.25300516  -15.4744063     3.331    -8.444
svyoct09           geo-0039:sv1-20091014-S-3-1B       55118.903055 09-OCT-14 21:40:23.95      1.032480     2  13.70  13.90  41881.67622  0.0000000    9.7705    55.1692     0.0000   293.3675     3.62      0.00000  0.0000000    0.0000     0.0000     0.0000     0.0000  23.25431619  -14.4849360     0.181    -8.962
svyoct09           geo-0062:sv1-20091015-S-5-1A       55119.897837 09-OCT-15 21:32:53.11      2.064960     3  13.60  13.80  42407.06634  0.0000000   11.4031    46.7415     0.0000   301.5369    -3.10      0.01141  0.0000000    0.0122     0.0989     0.0000     0.0970  23.25525396  -15.3245250     1.027    -9.701
svyoct09           geo-0020:sv1-20091017-S-10-1A      55121.910757 09-OCT-17 21:51:29.40      2.066400     3  14.30  14.60  42426.47556  0.0000000   11.4057    46.7468     0.0000   301.3332    -3.35      0.00340  0.0000000    0.0036     0.0295     0.0000     0.0289  23.21013163  -15.3845307    -5.809    -9.725
svyoct09           75091A                             55122.253774 09-OCT-18 06:05:26.07      1.032480     2   0.00   0.00  42272.26449  0.0000000   14.3704     3.8391     0.0000    46.8611    -1.38      0.00000  0.0000000    0.0000     0.0000     0.0000     0.0000   0.00000000    0.0000000     0.000     0.000
svyoct09           geo-0006:sv1-20091019-S-33-1A      55124.248452 09-OCT-20 05:57:46.25      1.033920     2  19.40  19.40  41602.88539  0.0000000   10.8478   344.4206     0.0000    65.6965     7.19      0.00000  0.0000000    0.0000     0.0000     0.0000     0.0000   2.52008090    6.1408509   -68.546     9.876
svyoct09           geo-0006:sv1-20091020-S-1-1A       55124.821277 09-OCT-20 19:42:38.33      1.032480     2  17.80  18.10  37743.25873  0.0000000    9.4918    60.9140     0.0000   286.6145    56.59      0.00000  0.0000000    0.0000     0.0000     0.0000     0.0000  23.35413814  -15.0919595    22.692    -9.092
svyoct09           geo-0014:sv1-20091020-S-1-1B       55124.832399 09-OCT-20 19:58:39.27      2.066400     3  13.70  13.90  41898.22315  0.0000000    9.7982    54.9229     0.0000   293.3918     3.41      0.00350  0.0000000    0.0029     0.0384     0.0000     0.0378  23.35048698  -14.2818670    19.554    -8.986
svyoct09           geo-0009:sv1-20091020-S-7-1A       55124.883742 09-OCT-20 21:12:35.30      2.066400     3  15.50  15.80  41134.34884  0.0000000   13.9508   126.0118     0.0000   223.1574    13.19      0.01066  0.0000000    0.0162     0.0634     0.0000     0.0616  23.24093940  -15.3106450     0.711    -9.492
svyoct09           geo-0011:sv1-20091020-S-7-1A       55124.887330 09-OCT-20 21:17:45.31      2.066400     3  18.50  18.80  40674.16415  0.0000000   10.3798    56.8128     0.0000   291.3347    19.08      0.00302  0.0000000    0.0024     0.0329     0.0000     0.0323  23.24139392  -15.4803164    -0.429    -9.661
svyoct09           geo-0017:sv1-20091020-S-7-1A       55124.890200 09-OCT-20 21:21:53.28      1.032480     2  17.60  17.90  45093.49935  0.0000000   12.0455    41.8757     0.0000   306.4080   -37.49      0.00000  0.0000000    0.0000     0.0000     0.0000     0.0000  23.24267373  -15.0855531    -1.040    -9.669
svy-Oct09-3        geo-0008:sv1-20091024-S-27-1A      55129.007117 09-OCT-25 00:10:14.90      2.799360     4  11.50  11.60  57031.82359  0.0000000    1.5648   193.8878     0.0000   204.4065  -190.30      0.02316  0.0000000    0.0305     0.5143     0.0000     0.5142   2.41117552   -4.0150200     2.203    -0.647
svynov09           geo-0005:sv1-20091118-S-46-1A      55154.230247 09-NOV-19 05:31:33.34      2.066400     3  18.70  19.40  41205.05469  0.0000000   13.1187    26.0578     0.0000    98.3137    12.28      0.01204  0.0000000    0.0039     0.1110     0.0000     0.1081   8.18210620   10.1456339   -16.679    12.978
svynov09           geo-0006:sv1-20091119-S-41-1A      55155.224598 09-NOV-20 05:23:25.26      2.066400     3  18.60  19.20  41203.53188  0.0000000   13.1182    26.1114     0.0000    98.0475    12.30      0.00460  0.0000000    0.0014     0.0425     0.0000     0.0413   8.18009706   10.1531497   -15.846    12.987
svynov09           geo-0012:sv1-20091119-S-43-1A      55155.260223 09-NOV-20 06:14:43.26      2.066400     3  19.10  19.70  41795.92797  0.0000000   13.4727    14.5216     0.0000   109.4967     4.72      0.00375  0.0000000    0.0026     0.0315     0.0000     0.0307   8.10350329    9.5447952   -28.551    12.687
svynov09           geo-0006:sv2-20091120-S-1-1B       55155.869205 09-NOV-20 20:51:39.31      2.066400     3  12.60  13.00  44226.39187  0.0000000    9.3040    57.9829     0.0000   316.5965   -26.39      0.01821  0.0000000    0.0256     0.1487     0.0000     0.1467   1.10308770  -11.3407200     2.047    -6.378
svynov09           geo-0004:sv1-20091121-S-5-1A       55156.860420 09-NOV-21 20:39:00.28      1.033920     2  18.10  18.50  49149.33538  0.0000000    9.2295   139.1098     0.0000   236.2955   -89.41      0.00000  0.0000000    0.0000     0.0000     0.0000     0.0000   1.10507728  -12.2335975     4.335    -7.668
svynov09           geo-0011:sv1-20091121-S-5-1B       55156.864367 09-NOV-21 20:44:41.30      3.098880     4  14.40  14.80  51011.39230  0.0000000    7.0849   120.4943     0.0000   254.6456  -113.24      0.01375  0.0000000    0.0060     0.1762     0.0000     0.1749   1.09358629  -11.1759555     2.877    -6.831
svynov09           geo-0016:sv1-20091121-S-5-1B       55156.868672 09-NOV-21 20:50:53.26      2.066400     3  12.40  12.80  44238.54562  0.0000000    9.3232    57.8943     0.0000   316.5629   -26.55      0.00633  0.0000000    0.0089     0.0516     0.0000     0.0509   1.09319177  -11.3542951     1.133    -6.395
