Campaign           Name                              Osc_epoch     Date      Time        arcl [min]    # obs mag_c   mag_u  a(km)        e          i(dg)     raan(dg)   w(dg)      s(dg)      dn(dg/d) da(km)       de         di(dg)    draan(dg)  dw(dg)     ds(dg)     R.A.(h)      Decl.(dg)    lon(dg)   lat(dg)  
svyjan09_gto75     geo-0023:sv1-20090119-S-8-1B       54851.025812 09-JAN-20 00:37:10.15      2.200320     3  13.00  13.10  42582.53699  0.0000000   14.2967    22.6679     0.0000   121.2965    -5.35      0.00316  0.0000000    0.0034     0.0221     0.0000     0.0214   9.57511904    9.1021023    15.949    12.182
svyjan09_gto75     geo-0068:sv1-20090120-S-15-1B      54851.985037 09-JAN-20 23:38:27.19      2.200320     3  10.40  15.80  41575.27680  0.0000000   11.8883    28.7536     0.0000   115.4209     7.54      0.00544  0.0000000    0.0049     0.0493     0.0000     0.0483  10.03423426    7.1446325    29.572    10.723
svyjan09_gto75     geo-0016:sv1-20090120-S-26-1A      54852.114515 09-JAN-21 02:44:54.09      1.100160     2  20.00  20.10  52761.77594  0.0000000   20.0354   352.2744     0.0000   151.3023  -135.65      0.00000  0.0000000    0.0000     0.0000     0.0000     0.0000   9.40099999    6.5744096   -16.770     9.469
svyjan09_gto75     geo-0018:sv1-20090120-S-26-1B      54852.111841 09-JAN-21 02:41:03.06      1.100160     2  12.80  12.90  36101.22776  0.0000000   16.1015   101.0701     0.0000    44.7749    77.61      0.00000  0.0000000    0.0000     0.0000     0.0000     0.0000   9.39094147    7.4331929   -16.163    11.264
svyjan09_gto75     geo-0063:sv1-20090120-S-42-1A      54852.269370 09-JAN-21 06:27:53.56      1.100160     2  19.00  19.10  40844.59511  0.0000000   11.1111    79.2624     0.0000    66.1456    16.89      0.00000  0.0000000    0.0000     0.0000     0.0000     0.0000   9.11196887    6.2338821   -72.724    10.151
svyjan09_gto75     geo-0005:sv1-20090122-S-5-1A       54854.155652 09-JAN-23 03:44:08.33      2.200320     2  18.20  18.30  76363.29050  0.0000000   23.2416   337.0881     0.0000   165.6051  -437.74      0.00000  0.0000000    0.0000     0.0000     0.0000     0.0000   9.29348951    3.3736122   -34.830     5.630
svyjan09_gto75     geo-0054:sv1-20090123-S-12-1A      54854.958648 09-JAN-23 23:00:27.18      3.300480     3  19.80  19.90  60560.00784  0.0000000    8.4903     1.5171     0.0000   144.9253  -235.46      0.03907  0.0000000    0.0444     0.2094     0.0000     0.2073  10.05220828    2.0747576    38.220     4.867
svyjan09_gto75     geo-0006:sv1-20090123-S-13-1A      54854.963855 09-JAN-23 23:07:57.07      3.300480     4   9.30  12.60  61034.81196  0.0000000    8.7404     2.2991     0.0000   143.9856  -241.54      0.02018  0.0000000    0.0224     0.1065     0.0000     0.1053  10.04160507    2.2558445    36.204     5.126
svyjan09_gto75     geo-0013:sv1-20090123-S-31-1B      54855.078041 09-JAN-24 01:52:22.74      1.100160     2  13.50  13.60  42156.81350  0.0000000   14.4341   353.1419     0.0000   150.9913     0.10      0.00000  0.0000000    0.0000     0.0000     0.0000     0.0000   9.45443875    3.1708792    -6.712     6.943
svyjan09_gto75     geo-0015:sv1-20090123-S-34-1A      54855.175605 09-JAN-24 04:12:52.27      4.400640     5  11.10  11.20  60259.69203  0.0000000    5.0124    56.3428     0.0000    87.2488  -231.62      0.02600  0.0000000    0.0019     0.4075     0.0000     0.4059   9.23503545    2.2011878   -43.256     5.007
svyjan09_gto75     geo-0026:sv1-20090123-S-34-1A      54855.177897 09-JAN-24 04:16:10.30      1.100160     2  18.00  18.10  39109.07503  0.0000000    6.6374    70.8513     0.0000    74.5686    39.11      0.00000  0.0000000    0.0000     0.0000     0.0000     0.0000   9.24467839    2.1624696   -42.344     6.397
svyjan09_gto75     geo-0023:sv1-20090123-S-34-1A      54855.177897 09-JAN-24 04:16:10.30      1.100160     2  16.40  16.50  39964.54782  0.0000000    6.5448    70.7274     0.0000    74.6051    28.16      0.00000  0.0000000    0.0000     0.0000     0.0000     0.0000   9.24480644    2.1625523   -42.428     6.309
svyjan09_gto75     geo-0032:sv1-20090123-S-39-1A      54855.220350 09-JAN-24 05:17:18.24      2.200320     3  16.40  16.50  46978.20643  0.0000000   17.8849   342.1681     0.0000   161.2030   -61.62      0.00511  0.0000000    0.0089     0.0099     0.0000     0.0093   9.16381097    2.1134127   -58.770     5.679
svyjan09_gto75     geo-0019:sv1-20090123-S-39-1B      54855.219968 09-JAN-24 05:16:45.23      3.300480     4  18.80  18.90  64262.70113  0.0000000    7.3995    98.4857     0.0000    44.6478  -282.86      0.00798  0.0000000    0.0073     0.0563     0.0000     0.0558   9.16505805    2.4026818   -59.958     5.193
svyjan09_gto75     geo-0025:sv1-20090123-S-39-1B      54855.221496 09-JAN-24 05:18:57.25      1.100160     2  13.30  13.40  57083.12562  0.0000000   10.6863   354.6285     0.0000   148.2418  -190.96      0.00000  0.0000000    0.0000     0.0000     0.0000     0.0000   9.16298025    2.4616599   -60.086     5.601
svyjan09_gto75     geo-0042:sv1-20090124-S-13-1A      54856.003186 09-JAN-25 00:04:35.27      1.100160     2  17.50  17.70  41946.83483  0.0000000    9.8052   355.4771     0.0000   149.0330     2.79      0.00000  0.0000000    0.0000     0.0000     0.0000     0.0000   9.59468822    1.0120090    19.299     5.027
svyjan09_gto75     geo-0012:sv1-20090124-S-19-1A      54856.038831 09-JAN-25 00:55:54.99      1.100160     2  16.60  16.70  54924.08740  0.0000000    6.2729   359.3502     0.0000   145.6534  -163.32      0.00000  0.0000000    0.0000     0.0000     0.0000     0.0000   9.50560240    0.2601186     6.715     3.534
svyjan09_gto75     geo-0040:sv1-20090124-S-19-1A      54856.047997 09-JAN-25 01:09:06.94      2.200320     2  17.30  17.40  43090.90244  0.0000000   16.8555   341.2424     0.0000   163.0028   -11.86      0.00000  0.0000000    0.0000     0.0000     0.0000     0.0000   9.51201940    0.5836064     3.178     4.862
svyjan09_gto75     geo-0014:sv1-20090124-S-19-1B      54856.043032 09-JAN-25 01:01:57.96      3.300480     4  15.60  15.80  57071.93458  0.0000000    8.0860   114.1701     0.0000    31.5604  -190.82      0.03992  0.0000000    0.0494     0.2185     0.0000     0.2162   9.51174359    1.1908570     5.510     4.222
svyjan09_gto75     geo-0012:sv1-20090124-S-30-1B      54856.132286 09-JAN-25 03:10:29.51      2.198880     3  10.60  10.70  42334.13062  0.0000000    5.4047    67.0411     0.0000    77.7000    -2.17      0.07529  0.0000000    0.0328     1.5963     0.0000     1.5893   9.32078885    1.2255994   -27.497     5.280
svyjan09_gto75     geo-0010:sv1-20090124-S-32-1A      54856.150029 09-JAN-25 03:36:02.50      1.100160     2  19.80  19.90  91078.49892  0.0000000    5.9487   352.5602     0.0000   150.9513  -626.10      0.00000  0.0000000    0.0000     0.0000     0.0000     0.0000   9.29506681    1.0304219   -34.947     2.884
svyjan09_gto75     geo-0013:sv1-20090124-S-32-1A      54856.150029 09-JAN-25 03:36:02.50      1.100160     2  19.90  20.00  36994.77650  0.0000000    8.2998     4.6350     0.0000   139.9797    66.17      0.00000  0.0000000    0.0000     0.0000     0.0000     0.0000   9.27394356    0.4605220   -33.679     5.326
svyjan09_gto75     geo-0018:sv1-20090124-S-32-1A      54856.151557 09-JAN-25 03:38:14.52      2.198880     3  11.50  11.60  41680.49196  0.0000000    4.9521    71.9134     0.0000    72.8276     6.20      0.03059  0.0000000    0.0187     0.7042     0.0000     0.7016   9.27500864    0.4023959   -34.461     4.731
svyjan09_gto75     geo-0017:sv1-20090124-S-32-1B      54856.153466 09-JAN-25 03:40:59.46      4.399200     5  17.70  17.80  65821.98883  0.0000000    8.3124   352.6369     0.0000   150.7885  -302.82      0.00845  0.0000000    0.0092     0.0351     0.0000     0.0348   9.27361790    1.3253189   -36.149     4.046
svyjan09_gto75     geo-0022:sv1-20090124-S-33-1B      54856.167077 09-JAN-25 04:00:35.45      1.100160     2  15.90  16.00  38224.83757  0.0000000   12.2743   353.0927     0.0000   151.6461    50.43      0.00000  0.0000000    0.0000     0.0000     0.0000     0.0000   9.25581651    1.2828264   -39.455     5.795
svyfeb09_gto105    geo-0020:sv1-20090224-S-20-1B      54887.170635 09-FEB-25 04:05:42.86      1.067040     2  13.60  13.60  41939.79834  0.0000000    9.2660    58.0217     0.0000   119.1375     2.88      0.00000  0.0000000    0.0000     0.0000     0.0000     0.0000  11.36226595    4.3206738   -39.103     8.085
svyfeb09_gto105    geo-0003:sv1-20090224-S-23-1A      54887.193758 09-FEB-25 04:39:00.69      1.065600     2  16.70  16.80  43026.87658  0.0000000   16.6034    23.9181     0.0000   152.2737   -11.04      0.00000  0.0000000    0.0000     0.0000     0.0000     0.0000  11.31102664    4.0459092   -47.746     7.640
svyfeb09_gto105    geo-0014:sv1-20090224-S-23-1B      54887.197832 09-FEB-25 04:44:52.68      1.065600     2  11.30  11.30  42176.42656  0.0000000    9.3872    58.1116     0.0000   118.9398    -0.15      0.00000  0.0000000    0.0000     0.0000     0.0000     0.0000  11.30541151    4.3801441   -49.022     8.206
svyfeb09_gto105    geo-0014:sv1-20090227-S-21-1B      54890.049292 09-FEB-28 01:10:58.82      2.132640     3  16.20  16.30  50756.61688  0.0000000    7.6252    52.6329     0.0000   124.9351  -109.98      0.03915  0.0000000    0.0374     0.4004     0.0000     0.3969  12.00225704    3.1048620     2.070     6.245
svyfeb09_gto105    geo-0014:sv1-20090227-S-22-1B      54890.059963 09-FEB-28 01:26:20.80      2.134080     3  18.30  18.30  45110.45442  0.0000000    7.9000    50.0636     0.0000   127.0690   -37.71      0.01299  0.0000000    0.0149     0.1427     0.0000     0.1414  11.57438346    2.4838202    -2.194     6.296
svyfeb09_gto105    geo-0005:sv1-20090227-S-42-1A      54890.192862 09-FEB-28 04:37:43.27      2.134080     2  19.60  19.60  88326.60998  0.0000000   30.5181     1.9878     0.0000   171.7514  -590.87      0.00000  0.0000000    0.0000     0.0000     0.0000     0.0000  11.30240944    2.2041669   -52.695     4.178
svyfeb09_gto105    geo-0008:sv1-20090228-S-17-1A      54890.955346 09-FEB-28 22:55:41.89      1.067040     2  17.60  17.70  70612.26421  0.0000000    5.9782    34.6542     0.0000   144.9950  -364.13      0.00000  0.0000000    0.0000     0.0000     0.0000     0.0000  12.14363028    1.0143935    36.986     3.425
svyfeb09_gto105    geo-0004:sv1-20090228-S-19-1A      54890.970578 09-FEB-28 23:17:37.93      2.134080     3  11.30  11.40  42136.33763  0.0000000    6.1516    49.2822     0.0000   127.5446     0.36      0.00479  0.0000000    0.0060     0.0719     0.0000     0.0716  12.11565033    0.5112547    28.678     4.874
svyfeb09_gto105    geo-0010:sv1-20090228-S-32-1A      54891.055229 09-MAR-01 01:19:31.78      1.067040     2  18.50  18.50  55699.92196  0.0000000   20.7274     7.3372     0.0000   169.8731  -173.25      0.00000  0.0000000    0.0000     0.0000     0.0000     0.0000  11.58193624    0.3107304    -1.013     3.568
svyfeb09_gto105    geo-0003:sv1-20090228-S-41-1B      54891.126816 09-MAR-01 03:02:36.90      2.132640     3  10.30  10.40  42202.90076  0.0000000    5.4946    66.6872     0.0000   110.2592    -0.49      0.00425  0.0000000    0.0031     0.0853     0.0000     0.0849  11.41221366    1.1317645   -27.676     5.154
svyfeb09_gto105    geo-0017:sv1-20090228-S-43-1A      54891.150566 09-MAR-01 03:36:48.90      2.132640     3  13.40  13.40  40531.27041  0.0000000    9.6360    28.0794     0.0000   149.0024    20.91      0.00784  0.0000000    0.0145     0.0518     0.0000     0.0510  11.37408733    0.4711443   -35.842     4.945
svyfeb09_gto105    geo-0003:sv1-20090228-S-45-1A      54891.167466 09-MAR-01 04:01:09.06      1.062720     2  11.40  11.40  42547.64157  0.0000000    5.1025    72.4190     0.0000   104.6798    -4.90      0.00000  0.0000000    0.0000     0.0000     0.0000     0.0000  11.33433264    0.5938152   -42.228     4.936
svyfeb09_gto105    geo-0003:sv1-20090301-S-18-1A      54892.156304 09-MAR-02 03:45:04.66      1.067040     2  18.70  18.70  54874.49087  0.0000000    5.3450   161.8185     0.0000    14.9263  -162.69      0.00000  0.0000000    0.0000     0.0000     0.0000     0.0000  11.36355761   -1.5707524   -39.656     1.375
svyfeb09_gto105    geo-0007:sv1-20090301-S-19-1B      54892.168087 09-MAR-02 04:02:02.71      3.201120     4  17.40  17.40  46708.52462  0.0000000    4.2556   139.6226     0.0000    37.0731   -58.16      0.02200  0.0000000    0.0318     0.3284     0.0000     0.3276  11.32176695   -1.1555756   -43.972     2.564
svyfeb09_gto105    geo-0008:sv1-20090301-S-21-1B      54892.187021 09-MAR-02 04:29:18.61      3.199680     4  19.70  19.80  54310.09065  0.0000000    3.7815   146.8849     0.0000    29.2428  -155.46      0.01152  0.0000000    0.0154     0.1328     0.0000     0.1326  11.29323777   -1.2707659   -51.352     1.846
svyfeb09_gto105    geo-0034:sv1-20090301-S-23-1A      54892.209289 09-MAR-02 05:01:22.56      1.067040     2  17.20  17.20  44011.26736  0.0000000    2.0523    64.8816     0.0000   112.1837   -23.64      0.00000  0.0000000    0.0000     0.0000     0.0000     0.0000  11.26486782   -2.1322180   -58.387     1.900
svyfeb09_gto105    geo-0042:sv1-20090301-S-24-1A      54892.219173 09-MAR-02 05:15:36.54      1.067040     2  19.30  19.30  51893.29361  0.0000000    6.1070   166.1503     0.0000     9.9611  -124.53      0.00000  0.0000000    0.0000     0.0000     0.0000     0.0000  11.24509335   -2.2636271   -62.978     1.054
svymar09_gto75     geo-0002:sv1-20090319-S-23-1B      54910.137597 09-MAR-20 03:18:08.38      1.100160     2  15.40  15.50  35114.83786  0.0000000   18.4505   359.6169     0.0000   203.7892    90.24      0.00000  0.0000000    0.0000     0.0000     0.0000     0.0000  13.22485668  -14.2123972   -25.017    -7.334
svymar09_gto75     geo-0009:sv1-20090319-S-23-1B      54910.140653 09-MAR-20 03:22:32.41      2.198880     3  17.10  17.20  47132.31932  0.0000000   15.1531   343.9510     0.0000   219.1769   -63.59      0.14316  0.0000000    0.1983     0.6231     0.0000     0.6015  13.23161678  -14.4555377   -26.292    -9.505
svymar09_gto75     geo-0017:sv1-20090321-S-20-1B      54912.017954 09-MAR-22 00:25:51.22      2.200320     3  11.10  11.20  45057.24303  0.0000000    8.1889   332.1135     0.0000   230.7260   -37.03      0.00769  0.0000000    0.0091     0.0790     0.0000     0.0782  13.47425513  -11.1349635    16.442    -6.331
svymar09_gto75     geo-0018:sv1-20090321-S-22-1B      54912.059159 09-MAR-22 01:25:11.33      3.299040     4  19.10  19.20  52455.52300  0.0000000   11.8496   346.8165     0.0000   216.4972  -131.73      0.04682  0.0000000    0.0596     0.2169     0.0000     0.2124  13.39349062  -11.2316169     1.742    -7.015
svymar09_gto75     geo-0012:sv1-20090321-S-23-1A      54912.070860 09-MAR-22 01:42:02.30      3.300480     4  16.50  16.60  53799.56283  0.0000000    8.2167   305.9818     0.0000   256.7506  -148.93      0.00649  0.0000000    0.0023     0.0681     0.0000     0.0674  13.36551513  -12.2226304    -2.608    -7.997
svymar09_gto75     geo-0016:sv1-20090321-S-37-1A      54912.159254 09-MAR-22 03:49:19.54      1.100160     2  15.90  16.00  56906.17281  0.0000000   13.1903   342.2140     0.0000   219.9833  -188.69      0.00000  0.0000000    0.0000     0.0000     0.0000     0.0000  13.17318287  -12.3255314   -35.672    -8.431
svymar09_gto75     geo-0020:sv1-20090322-S-22-1B      54913.047835 09-MAR-23 01:08:52.94      2.200320     3  16.80  16.90  42004.19296  0.0000000    9.2972   231.3878     0.0000   330.3309     2.05      0.01729  0.0000000    0.0309     0.1082     0.0000     0.1066  13.40387079   -9.5122565     4.162    -4.587
svymar09_gto75     geo-0006:sv1-20090322-S-29-1B      54913.101377 09-MAR-23 02:25:58.97      1.100160     2  18.00  18.10  62855.71204  0.0000000    8.7760   334.4254     0.0000   228.4009  -264.85      0.00000  0.0000000    0.0000     0.0000     0.0000     0.0000  13.30428697  -10.0932585   -14.718    -6.551
svymar09_gto75     geo-0023:sv1-20090323-S-11-1B      54913.967781 09-MAR-23 23:13:36.27      4.400640     5  14.90  15.00  61810.65956  0.0000000    7.1025   247.5738     0.0000   316.4337  -251.47      0.02363  0.0000000    0.0232     0.1764     0.0000     0.1749  13.54059608   -8.0543153    34.259    -4.888
svymar09_gto75     geo-0010:sv1-20090323-S-31-1A      54914.083500 09-MAR-24 02:00:14.40      2.200320     3  16.70  16.80  39813.09408  0.0000000    9.1891     0.9009     0.0000   201.3129    30.10      0.03043  0.0000000    0.0617     0.1546     0.0000     0.1529  13.32209457   -8.5111849    -9.777    -3.327
svymar09_gto75     geo-0023:sv1-20090323-S-31-1A      54914.089611 09-MAR-24 02:09:02.39      1.100160     2  16.70  16.70  40833.84190  0.0000000    8.4373   358.5455     0.0000   204.1514    17.03      0.00000  0.0000000    0.0000     0.0000     0.0000     0.0000  13.33082850   -8.4949395   -11.483    -3.442
svymar09_gto75     geo-0006:sv1-20090323-S-34-1B      54914.105826 09-MAR-24 02:32:23.36      2.198880     3  19.50  19.60  59972.28221  0.0000000   10.9417   354.4087     0.0000   207.8871  -227.94      0.01053  0.0000000    0.0127     0.0357     0.0000     0.0350  13.26542497   -8.4524313   -17.938    -5.093
svymar09_gto75     geo-0015:sv1-20090323-S-34-1B      54914.110409 09-MAR-24 02:38:59.33      1.100160     2   9.60   9.60  40679.91279  0.0000000    8.1700   358.7091     0.0000   203.7796    19.00      0.00000  0.0000000    0.0000     0.0000     0.0000     0.0000  13.27267948   -8.4044449   -19.182    -3.285
svymar09_gto75     geo-0018:sv1-20090323-S-40-1B      54914.175013 09-MAR-24 04:12:01.12      2.200320     3  10.20  10.30  51177.11918  0.0000000   11.7020     0.9661     0.0000   201.0911  -115.36      0.03808  0.0000000    0.0582     0.1127     0.0000     0.1102  13.14084112   -8.1942363   -43.120    -4.186
svymar09_gto75     geo-0019:sv1-20090323-S-41-1A      54914.185951 09-MAR-24 04:27:46.16      2.200320     3  16.20  16.20  43528.29662  0.0000000    9.8417   359.3797     0.0000   202.9280   -17.46      0.00550  0.0000000    0.0099     0.0251     0.0000     0.0247  13.11174132   -8.4112080   -46.721    -3.818
svymar09_gto75     geo-0026:sv1-20090323-S-41-1B      54914.188625 09-MAR-24 04:31:37.20      3.300480     4  12.60  12.70  61840.65770  0.0000000    6.3901   254.5432     0.0000   306.3528  -251.85      0.02133  0.0000000    0.0169     0.2044     0.0000     0.2031  13.12155267   -8.3253712   -48.624    -5.143
svymar09_gto75     geo-0008:sv1-20090330-S-24-1A      54921.035374 09-MAR-31 00:50:56.31      4.400640     4  19.20  19.20  59662.09237  0.0000000   11.4693   281.2100     0.0000   281.2258  -223.97      0.02464  0.0000000    0.0069     0.1661     0.0000     0.1628  13.38072046  -15.2341163     1.390   -11.247
svymar09_gto75     geo-0025:sv1-20090330-S-24-1A      54921.039957 09-MAR-31 00:57:32.28      1.100160     2  17.60  17.60  40297.70562  0.0000000   12.2272   337.5040     0.0000   225.3207    23.89      0.00000  0.0000000    0.0000     0.0000     0.0000     0.0000  13.38533500  -14.4534339    -0.755    -8.661
svymar09_gto75     geo-0034:sv1-20090330-S-24-1A      54921.043012 09-MAR-31 01:01:56.23      1.100160     2  19.50  19.60  43613.17091  0.0000000   12.6652   333.2250     0.0000   229.9590   -18.54      0.00000  0.0000000    0.0000     0.0000     0.0000     0.0000  13.38519821  -15.2201902    -1.538    -9.663
svymar09_gto75     geo-0007:sv1-20090330-S-27-1B      54921.066797 09-MAR-31 01:36:11.26      1.100160     2  20.30  20.30  40178.76874  0.0000000   11.9549   338.7272     0.0000   223.8740    25.42      0.00000  0.0000000    0.0000     0.0000     0.0000     0.0000  13.31493311  -14.2425619   -10.638    -8.254
svymar09_gto75     geo-0024:sv1-20090330-S-31-1A      54921.102933 09-MAR-31 02:28:13.41      1.100160     2  19.60  19.70  42462.31021  0.0000000    9.7195   311.2092     0.0000   251.3539    -3.81      0.00000  0.0000000    0.0000     0.0000     0.0000     0.0000  13.25052671  -15.0551820   -23.345    -9.205
svymar09_gto75     geo-0004:sv1-20090330-S-32-1A      54921.108062 09-MAR-31 02:35:36.55      1.100160     2  20.30  20.30  36751.24553  0.0000000   10.7061   330.0853     0.0000   232.5940    69.29      0.00000  0.0000000    0.0000     0.0000     0.0000     0.0000  13.22266297  -15.1845143   -25.315    -8.486
svymar09_gto75     geo-0025:sv1-20090330-S-34-1A      54921.135423 09-MAR-31 03:15:00.54      1.100160     2  12.80  12.90  43786.31834  0.0000000   11.1979   325.1365     0.0000   237.7585   -20.76      0.00000  0.0000000    0.0000     0.0000     0.0000     0.0000  13.18518178  -15.0402733   -34.989    -9.454
svymar09_gto75     geo-0007:sv1-20090330-S-34-1B      54921.128930 09-MAR-31 03:05:39.55      1.100160     2  10.50  10.50  50533.50549  0.0000000   10.6676   322.0693     0.0000   240.3534  -107.12      0.00000  0.0000000    0.0000     0.0000     0.0000     0.0000  13.19464540  -14.0304637   -33.050    -9.258
svyapr09_gto105    geo-0005:sv1-20090418-S-11-1B      54939.981964 09-APR-18 23:34:01.68      3.201120     4  11.30  15.40  47875.46935  0.0000000   16.2116   250.9474     0.0000   341.1510   -73.10      0.03995  0.0000000    0.0673     0.0820     0.0000     0.0781  15.53075799   -9.2520005    32.082    -5.175
svyapr09_gto105    geo-0040:sv1-20090418-S-11-1B      54939.990112 09-APR-18 23:45:45.67      1.067040     2  18.70  18.80  41488.51930  0.0000000    7.5154   270.1901     0.0000   321.8960     8.65      0.00000  0.0000000    0.0000     0.0000     0.0000     0.0000  15.53410036   -9.3554697    28.669    -4.629
svyapr09_gto105    geo-0039:sv1-20090418-S-14-1B      54940.028735 09-APR-19 00:41:22.70      1.067040     2  16.70  16.90  51653.74964  0.0000000   12.7958   258.6045     0.0000   334.1122  -121.46      0.00000  0.0000000    0.0000     0.0000     0.0000     0.0000  15.47503666   -9.4301105    15.679    -5.549
svyapr09_gto105    geo-0010:sv1-20090418-S-21-1B      54940.086524 09-APR-19 02:04:35.67      2.132640     3  10.20  10.30  37637.88231  0.0000000   12.9612   249.2979     0.0000   342.2023    57.94      0.03118  0.0000000    0.0694     0.0995     0.0000     0.0968  15.34442969   -9.5406470    -6.534    -3.931
svyapr09_gto105    geo-0020:sv1-20090418-S-26-1B      54940.134209 09-APR-19 03:13:15.65      2.132640     3  19.10  19.20  48319.62425  0.0000000    6.1385   291.6274     0.0000   300.4060   -78.79      0.01224  0.0000000    0.0109     0.1716     0.0000     0.1706  15.25045030   -9.5716654   -23.497    -5.292
svyapr09_gto105    geo-0008:sv1-20090418-S-30-1A      54940.174858 09-APR-19 04:11:47.73      1.067040     2  15.10  15.20  36327.59494  0.0000000    9.7880    26.0415     0.0000   207.1880    74.71      0.00000  0.0000000    0.0000     0.0000     0.0000     0.0000  15.16459100  -10.3829339   -37.458    -4.455
svyapr09_gto105    geo-0002:sv1-20090419-S-10-1A      54940.987528 09-APR-19 23:42:02.41      3.199680     4  11.50  15.40  56180.69685  0.0000000    7.7561   318.0434     0.0000   275.4341  -179.41      0.00970  0.0000000    0.0016     0.1061     0.0000     0.1051  15.52053265  -11.2917295    29.818    -7.721
svyapr09_gto105    geo-0001:sv1-20090419-S-29-1A      54941.112691 09-APR-20 02:42:16.50      1.067040     2  10.50  10.60  38206.20431  0.0000000    7.8122   359.8712     0.0000   232.6380    50.67      0.00000  0.0000000    0.0000     0.0000     0.0000     0.0000  15.28588312  -12.2617162   -16.640    -6.202
svyapr09_gto105    geo-0002:sv1-20090419-S-29-1A      54941.112691 09-APR-20 02:42:16.50      1.067040     2  18.40  18.50  58729.79246  0.0000000   15.0867    19.1945     0.0000   214.1916  -212.04      0.00000  0.0000000    0.0000     0.0000     0.0000     0.0000  15.29543405  -12.2753854   -16.433    -8.411
svyapr09_gto105    geo-0029:sv1-20090419-S-29-1B      54941.120468 09-APR-20 02:53:28.43      1.067040     2  15.90  16.00  38731.42232  0.0000000    6.0510   308.7380     0.0000   283.8587    43.94      0.00000  0.0000000    0.0000     0.0000     0.0000     0.0000  15.29018419  -11.5748245   -19.028    -5.874
svyapr09_gto105    geo-0010:sv1-20090420-S-23-1A      54942.039303 09-APR-21 00:56:35.77      1.067040     2  14.20  14.30  39058.26749  0.0000000   17.8771   255.9460     0.0000   334.9432    39.76      0.00000  0.0000000    0.0000     0.0000     0.0000     0.0000  15.44063182  -13.2917433     8.574    -7.470
svyapr09_gto105    geo-0006:sv1-20090420-S-24-1B      54942.052567 09-APR-21 01:15:41.78      2.134080     3  16.60  16.70  42762.31708  0.0000000    7.3004   316.1990     0.0000   275.9075    -7.65      0.00292  0.0000000    0.0007     0.0457     0.0000     0.0453  15.40478661  -12.4440800     3.981    -7.261
svyapr09_gto105    geo-0030:sv1-20090420-S-27-1A      54942.082435 09-APR-21 01:58:42.38      1.067040     2  15.70  15.80  39139.43893  0.0000000   14.2144    19.6674     0.0000   213.6223    38.72      0.00000  0.0000000    0.0000     0.0000     0.0000     0.0000  15.36422097  -14.0354455    -6.482    -7.814
svyapr09_gto105    geo-0005:sv1-20090420-S-33-1B      54942.117149 09-APR-21 02:48:41.67      2.134080     3  15.60  15.70  44377.24576  0.0000000    9.3280   285.4605     0.0000   306.4433   -28.32      0.02261  0.0000000    0.0260     0.2145     0.0000     0.2117  15.27327902  -12.5425959   -19.218    -7.492
svyapr09_gto105    geo-0007:sv1-20090420-S-41-1A      54942.179965 09-APR-21 04:19:08.97      3.199680     4  15.50  15.60  45727.21401  0.0000000    8.2339   329.2508     0.0000   262.4655   -45.60      0.00524  0.0000000    0.0013     0.0672     0.0000     0.0664  15.12338634  -13.1612740   -42.524    -8.162
svyapr09_gto105    geo-0010:sv1-20090420-S-41-1A      54942.179965 09-APR-21 04:19:08.97      2.132640     3   8.40  12.30  50562.29410  0.0000000    9.4340   305.0404     0.0000   286.1294  -107.49      0.07393  0.0000000    0.0350     0.7149     0.0000     0.7053  15.12517846  -13.4246906   -42.783    -9.059
svyapr09_gto105    geo-0030:sv1-20090421-S-26-1B      54943.078307 09-APR-22 01:52:45.72      1.065600     2  15.70  15.80  39121.51599  0.0000000   13.6516   270.8766     0.0000   320.6530    38.95      0.00000  0.0000000    0.0000     0.0000     0.0000     0.0000  15.36240151  -14.5746397    -6.118    -8.606
svyapr09_gto105    geo-0019:sv1-20090421-S-28-1A      54943.105901 09-APR-22 02:32:29.84      2.132640     3  12.40  12.50  54704.51152  0.0000000   20.6732    22.4946     0.0000   211.6187  -160.51      0.03013  0.0000000    0.0388     0.0681     0.0000     0.0638  15.30025652  -15.1542680   -15.975   -10.666
svyapr09_gto105    geo-0029:sv1-20090421-S-34-1B      54943.156167 09-APR-22 03:44:52.82      1.067040     2  19.20  19.30  49494.92818  0.0000000    9.9613   344.9549     0.0000   247.5769   -93.83      0.00000  0.0000000    0.0000     0.0000     0.0000     0.0000  15.19526482  -14.0503767   -34.334    -9.201
svyapr09_gto105    geo-0018:sv1-20090421-S-39-1B      54943.194302 09-APR-22 04:39:47.69      2.132640     3  15.20  15.30  45087.09707  0.0000000    9.4723   334.5874     0.0000   257.3981   -37.41      0.00594  0.0000000    0.0025     0.0662     0.0000     0.0653  15.10095046  -14.2535804   -48.506    -9.242
svyapr09_gto105    geo-0007:sv1-20090422-S-24-1A      54944.048671 09-APR-23 01:10:05.17      2.132640     3  15.30  15.40  35318.42891  0.0000000   10.1102   299.2547     0.0000   291.9307    87.63      0.07185  0.0000000    0.0692     0.9416     0.0000     0.9269  15.40256808  -16.2918963     2.759    -9.372
svyapr09_gto105    geo-0015:sv1-20090422-S-26-1A      54944.071219 09-APR-23 01:42:33.32      3.199680     4  18.90  18.90  45348.25471  0.0000000   18.4000    17.6202     0.0000   216.0713   -40.75      0.01537  0.0000000    0.0231     0.0540     0.0000     0.0514  15.35568016  -16.1856033    -4.605   -10.711
svyapr09_gto105    geo-0018:sv1-20090422-S-26-1B      54944.073071 09-APR-23 01:45:13.33      2.132640     3  16.00  16.10  43836.15364  0.0000000   11.0863   295.5757     0.0000   296.4022   -21.40      0.00549  0.0000000    0.0048     0.0495     0.0000     0.0486  15.36263466  -15.3911402    -5.136    -9.918
svyapr09_gto105    geo-0004:sv1-20090422-S-27-1A      54944.081103 09-APR-23 01:56:47.29      1.065600     2  18.60  18.70  41671.18753  0.0000000   14.3743     5.2513     0.0000   227.7941     6.31      0.00000  0.0000000    0.0000     0.0000     0.0000     0.0000  15.33480415  -16.4630170    -8.309   -10.597
svyapr09_gto105    geo-0019:sv1-20090422-S-27-1B      54944.087399 09-APR-23 02:05:51.27      2.134080     3  16.10  16.20  41572.36716  0.0000000   10.0198   333.7142     0.0000   258.8518     7.58      0.00713  0.0000000    0.0029     0.0829     0.0000     0.0817  15.33346564  -15.5634431   -10.321    -9.829
svyapr09_gto105    geo-0012:sv1-20090422-S-33-1B      54944.132925 09-APR-23 03:11:24.72      1.067040     2  19.50  19.50  50259.44271  0.0000000   11.3824   340.6049     0.0000   251.7215  -103.62      0.00000  0.0000000    0.0000     0.0000     0.0000     0.0000  15.22331350  -15.4918503   -27.168   -10.801
svyapr09_gto105    geo-0033:sv1-20090422-S-43-1A      54944.203907 09-APR-23 04:53:37.56      1.067040     2   9.50  19.10  43935.68392  0.0000000   11.3444   302.0417     0.0000   289.9122   -22.67      0.00000  0.0000000    0.0000     0.0000     0.0000     0.0000  15.09466916  -16.0130596   -52.458   -10.658
svyapr09_gto105    geo-0020:sv1-20090423-S-21-1A      54945.013864 09-APR-24 00:19:57.84      3.199680     4  17.10  17.20  53189.69641  0.0000000   13.7349   308.9000     0.0000   283.8618  -141.12      0.01266  0.0000000    0.0049     0.0806     0.0000     0.0783  15.47211628  -17.5730518    15.994   -13.327
svyapr09_gto105    geo-0003:sv1-20090423-S-29-1A      54945.087219 09-APR-24 02:05:35.72      1.067040     2  18.90  19.00  51628.19892  0.0000000   21.9559    17.4667     0.0000   216.7038  -121.14      0.00000  0.0000000    0.0000     0.0000     0.0000     0.0000  15.31039455  -18.0101895   -11.512   -12.913
svyapr09_gto105    geo-0004:sv1-20090423-S-35-1A      54945.129543 09-APR-24 03:06:32.51      1.067040     2  18.50  18.50  48234.46516  0.0000000   13.3457   341.8856     0.0000   250.3633   -77.70      0.00000  0.0000000    0.0000     0.0000     0.0000     0.0000  15.21182502  -17.5912565   -27.171   -12.557
svyapr09_gto105    geo-0014:sv1-20090427-S-16-1B      54949.102451 09-APR-28 02:27:31.76      2.132640     3  16.70  16.70  43360.25591  0.0000000    7.9240   268.4990     0.0000   323.5457   -15.31      0.02561  0.0000000    0.0408     0.2170     0.0000     0.2150  15.26443254   -9.5346800   -20.773    -4.699
svyapr09_gto105    geo-0019:sv1-20090429-S-31-1A      54951.137648 09-APR-30 03:18:12.78      2.134080     3  12.50  12.50  51677.99199  0.0000000    9.1267   303.6968     0.0000   287.6631  -121.77      0.04402  0.0000000    0.0221     0.4255     0.0000     0.4201  15.16516873  -13.1701940   -36.185    -8.693
svymay09_gto75     geo-0014:sv1-20090517-S-13-1A      54968.975814 09-MAY-17 23:25:10.32      2.200320     3  13.70  13.80  42304.94176  0.0000000   13.9646    17.6627     0.0000   230.4563    -1.80      0.06223  0.0000000    0.0794     0.4011     0.0000     0.3896  16.49509882  -16.1801081    20.193   -10.725
svymay09_gto75     geo-0004:sv1-20090518-S-37-1B      54970.185204 09-MAY-19 04:26:41.62      4.400640     4  13.10  17.60  63683.51783  0.0000000   11.7735     1.7337     0.0000   243.8870  -275.44      0.03167  0.0000000    0.0179     0.1802     0.0000     0.1764  16.05497649  -14.0416896   -58.516   -10.557
svymay09_gto75     geo-0005:sv1-20090518-S-37-1B      54970.185204 09-MAY-19 04:26:41.62      1.100160     2  12.70  12.70  42870.73134  0.0000000   14.2123    29.0326     0.0000   218.8706    -9.04      0.00000  0.0000000    0.0000     0.0000     0.0000     0.0000  16.06259913  -14.0649705   -56.616    -8.863
svymay09_gto75     geo-0005:sv1-20090521-S-28-1A      54973.074912 09-MAY-22 01:47:52.39      3.300480     4  15.80  15.80  47733.95087  0.0000000    7.6297   300.6781     0.0000   306.0152   -71.29      0.05536  0.0000000    0.0581     0.5929     0.0000     0.5876  16.25594593  -11.0004894   -19.859    -6.165
svymay09_gto75     geo-0010:sv1-20090521-S-31-1B      54973.102296 09-MAY-22 02:27:18.37      1.100160     2  10.90  10.90  31663.00125  0.0000000    4.2917   287.8149     0.0000   319.9019   134.42      0.00000  0.0000000    0.0000     0.0000     0.0000     0.0000  16.20422358   -9.4958328   -28.884    -2.763
svymay09_gto75     geo-0041:sv1-20090521-S-31-1B      54973.107643 09-MAY-22 02:35:00.35      1.100160     2   9.10  17.90  39066.17692  0.0000000   11.6445    45.3511     0.0000   202.5397    39.66      0.00000  0.0000000    0.0000     0.0000     0.0000     0.0000  16.20145045  -10.1136249   -31.138    -4.437
svymay09_gto75     geo-0038:sv1-20090523-S-28-1A      54975.073394 09-MAY-24 01:45:41.24      2.200320     3  11.20  16.80  45757.63372  0.0000000   11.1554   309.3448     0.0000   297.5864   -45.99      0.02951  0.0000000    0.0256     0.2491     0.0000     0.2444  16.27070836  -15.2230281   -20.836    -9.874
svyjun09_gto105    geo-0013:sv1-20090619-S-10-1B      55001.990808 09-JUN-19 23:46:45.81      2.132640     3  18.60  18.60  41507.46479  0.0000000    8.5988   323.1469     0.0000   283.9879     8.41      0.00794  0.0000000    0.0042     0.1064     0.0000     0.1052  16.28261089  -14.1733567   -17.731    -8.342
svyjun09_gto105    geo-0018:sv1-20090619-S-10-1B      55001.993772 09-JUN-19 23:51:01.90      1.065600     2  15.40  15.50  35599.74400  0.0000000   16.5185    40.4597     0.0000   208.0554    84.03      0.00000  0.0000000    0.0000     0.0000     0.0000     0.0000  16.28368127  -14.4038795   -18.563    -7.685
svyjun09_gto105    geo-0024:sv1-20090619-S-6-1B       55001.937891 09-JUN-19 22:30:33.78      2.132640     3   5.40   7.90  42451.67849  0.0000000   12.0715    23.3733     0.0000   224.4654    -3.68      0.01105  0.0000000    0.0158     0.0749     0.0000     0.0733  16.39349883  -14.0715819     1.282    -8.424
svyjun09_gto105    geo-0010:sv1-20090619-S-9-1B       55001.977961 09-JUN-19 23:28:15.83      2.132640     3  18.10  18.20  41201.15743  0.0000000    8.4730   338.6367     0.0000   268.5418    12.33      0.01162  0.0000000    0.0018     0.1644     0.0000     0.1626  16.30488910  -14.2903740   -13.218    -8.470
svyjun09_gto105    geo-0003:sv1-20090623-S-11-1B      55005.966482 09-JUN-23 23:11:44.04      3.199680     4  13.40  18.20  54105.05613  0.0000000    7.5979   345.1530     0.0000   262.0183  -152.84      0.01904  0.0000000    0.0042     0.2180     0.0000     0.2161  16.30033839  -11.5206007   -13.078    -7.524
svyjun09_gto105    geo-0028:sv1-20090623-S-11-1B      55005.972408 09-JUN-23 23:20:16.05      2.134080     3  14.10  14.30  39423.69810  0.0000000    5.6060   338.6058     0.0000   268.6453    35.08      0.07862  0.0000000    0.0123     1.7712     0.0000     1.7627  16.29598816  -11.3157983   -15.074    -5.604
svyjun09_gto105    geo-0016:sv1-20090623-S-12-1A      55005.982709 09-JUN-23 23:35:06.05      1.067040     2  14.60  14.70  38356.69369  0.0000000    6.8521   316.1326     0.0000   291.0442    48.74      0.00000  0.0000000    0.0000     0.0000     0.0000     0.0000  16.27475893  -12.3730435   -18.723    -6.393
svyjun09_gto105    geo-0015:sv1-20090624-S-14-1B      55006.990775 09-JUN-24 23:46:42.96      2.134080     3  12.70  12.80  41925.54385  0.0000000   11.4619    29.0526     0.0000   218.9461     3.06      0.00621  0.0000000    0.0099     0.0406     0.0000     0.0398  16.26040281  -12.5349423   -22.499    -7.176
svyjun09_gto105    geo-0012:sv1-20090624-S-25-1B      55007.066316 09-JUN-25 01:35:29.70      1.067040     2  12.70  12.80  32327.34818  0.0000000    6.0857   355.2333     0.0000   253.4440   125.92      0.00000  0.0000000    0.0000     0.0000     0.0000     0.0000  16.09308527  -12.5141501   -48.615    -5.832
svyjun09_gto105    geo-0013:sv1-20090624-S-7-1B       55006.936421 09-JUN-24 22:28:26.77      3.199680     4   5.70  11.80  58130.37203  0.0000000    9.0336   325.6173     0.0000   281.9130  -204.36      0.00819  0.0000000    0.0025     0.0719     0.0000     0.0710  16.36409100  -12.5554428    -2.638    -8.838
svyaug09_gto75     069D                               55060.020617 09-AUG-17 00:29:41.30      1.101600     2   0.00   0.00  42089.05056  0.0000000   10.8219    51.3882     0.0000   300.4241     0.97      0.00000  0.0000000    0.0000     0.0000     0.0000     0.0000   0.00000000    0.0000000     0.000     0.000
svyaug09_gto75     102A                               55060.068032 09-AUG-17 01:37:57.96      2.200320     3   0.00   0.00  42210.33638  0.0000000   12.1332    36.3995     0.0000   315.0890    -0.59      0.00987  0.0000000    0.0143     0.0671     0.0000     0.0655   0.00000000    0.0000000     0.000     0.000
svyaug09_gto75     088A                               55060.097465 09-AUG-17 02:20:20.97      1.100160     2   0.00   0.00  41937.86194  0.0000000   10.5684    46.9334     0.0000   304.7618     2.90      0.00000  0.0000000    0.0000     0.0000     0.0000     0.0000   0.00000000    0.0000000     0.000     0.000
svyaug09_gto75     042B                               55060.105104 09-AUG-17 02:31:20.98      2.200320     3   0.00   0.00  44819.49702  0.0000000   20.4995   147.1363     0.0000   206.7787   -33.98      0.07108  0.0000000    0.1203     0.1757     0.0000     0.1650   0.00000000    0.0000000     0.000     0.000
svyaug09_gto75     030A                               55060.163865 09-AUG-17 03:55:57.93      2.198880     3   0.00   0.00  42438.95975  0.0000000    9.2459    59.7721     0.0000   292.0425    -3.51      0.05187  0.0000000    0.0402     0.6012     0.0000     0.5935   0.00000000    0.0000000     0.000     0.000
svyaug09_gto75     geo-0016:sv1-20090816-S-26-1A      55060.179607 09-AUG-17 04:18:38.04      1.098720     2  11.60  11.60  42265.61903  0.0000000   11.5048    45.4138     0.0000   306.2211    -1.29      0.00000  0.0000000    0.0000     0.0000     0.0000     0.0000  23.15492369  -15.0102788   -38.149    -9.259
svyaug09_gto75     geo-0030:sv1-20090816-S-26-1B      55060.182280 09-AUG-17 04:22:28.99      3.300480     4  14.60  19.30  45014.23624  0.0000000   19.9604    18.2403     0.0000   332.2430   -36.48      0.04691  0.0000000    0.0786     0.1194     0.0000     0.1125  23.14599637  -14.2916930   -39.384    -9.148
svyaug09_gto75     geo-0027:sv1-20090816-S-28-1B      55060.204167 09-AUG-17 04:54:00.02      1.098720     2  16.00  16.00  43343.80181  0.0000000   14.5562   134.2337     0.0000   218.8137   -15.10      0.00000  0.0000000    0.0000     0.0000     0.0000     0.0000  23.11229216  -14.2856071   -47.068    -9.064
svyaug09_gto75     geo-0003:sv1-20090816-S-29-1B      55060.210050 09-AUG-17 05:02:28.32      1.100160     2  11.80  11.90  42164.08458  0.0000000    9.7705    56.3266     0.0000   295.5198     0.01      0.00000  0.0000000    0.0000     0.0000     0.0000     0.0000  23.09582047  -14.1925908   -49.156    -8.809
svyaug09_gto75     geo-0010:sv1-20090816-S-29-1B      55060.213869 09-AUG-17 05:07:58.28      2.198880     3  17.00  17.10  42136.68542  0.0000000   11.2426    43.8073     0.0000   307.7403     0.36      0.02033  0.0000000    0.0254     0.1662     0.0000     0.1631  23.08542673  -14.2137942   -50.621    -8.869
svyaug09_gto75     geo-0010:sv1-20090818-S-32-1A      55062.168531 09-AUG-19 04:02:41.07      1.100160     2  19.90  20.00  55715.11869  0.0000000   12.4955    31.9721     0.0000   318.9250  -173.45      0.00000  0.0000000    0.0000     0.0000     0.0000     0.0000  23.17255047  -12.2044128   -36.736    -8.173
svyaug09_gto75     geo-0024:sv1-20090819-S-21-1B      55063.068653 09-AUG-20 01:38:51.61      3.299040     4  11.70  11.80  54889.85111  0.0000000    7.4647    45.3640     0.0000   307.3167  -162.88      0.04334  0.0000000    0.0400     0.3988     0.0000     0.3954  23.39006281   -9.5937350    -0.327    -5.930
svyaug09_gto75     098B                               55064.094595 09-AUG-21 02:16:13.00      2.198880     3   0.00   0.00  42675.55961  0.0000000   14.9605     4.5787     0.0000   347.0347    -6.54      0.01328  0.0000000    0.0261     0.0235     0.0000     0.0227   0.00000000    0.0000000     0.000     0.000
svyaug09_gto75     geo-0014:sv1-20090822-S-10-1B      55065.980024 09-AUG-22 23:31:14.07      2.200320     3  12.10  12.20  45100.48382  0.0000000   23.0458   150.5043     0.0000   203.9250   -37.58      0.02381  0.0000000    0.0409     0.0468     0.0000     0.0434  23.53174062  -14.0010687    28.505    -9.135
svyaug09_gto75     geo-0002:sv1-20090822-S-29-1B      55066.166402 09-AUG-23 03:59:37.13      2.200320     3  15.70  15.80  45990.40425  0.0000000   13.5811   130.5630     0.0000   221.9501   -48.97      0.06033  0.0000000    0.0825     0.3182     0.0000     0.3092  23.14151569  -14.1344521   -39.780    -9.031
svyaug09_gto75     geo-0005:sv1-20090823-S-10-1B      55066.969320 09-AUG-23 23:15:49.24      1.100160     2  12.80  12.90  34200.62011  0.0000000   10.8182    24.7454     0.0000   325.7117   101.94      0.00000  0.0000000    0.0000     0.0000     0.0000     0.0000  23.54266092  -12.1723416    29.605    -6.070
svyaug09_gto75                                        55067.003418 09-AUG-24 00:04:55.31      1.098720     2   0.00   0.00  41984.41066  0.0000000   12.7339    26.4437     0.0000   325.1580     2.31      0.00000  0.0000000    0.0000     0.0000     0.0000     0.0000   0.00000000    0.0000000     0.000     0.000
svyaug09_gto75     geo-0014:sv1-20090823-S-20-1B      55067.064518 09-AUG-24 01:32:54.35      2.198880     3  17.10  17.20  53927.94725  0.0000000   10.0267   111.7991     0.0000   241.2489  -150.57      0.02734  0.0000000    0.0202     0.2117     0.0000     0.2084  23.37021583  -13.1246504    -3.019    -8.780
svyaug09_gto75     geo-0008:sv1-20090823-S-21-1A      55067.077746 09-AUG-24 01:51:57.25      2.200320     3  16.80  16.80  45877.48367  0.0000000   12.3142   127.2730     0.0000   225.5440   -47.53      0.01905  0.0000000    0.0245     0.1181     0.0000     0.1154  23.33169187  -14.0523688    -8.319    -8.756
svyaug09_gto75     geo-0039:sv1-20090823-S-22-1B      55067.097851 09-AUG-24 02:20:54.32      1.100160     2  11.50  11.60  42166.52113  0.0000000    9.3071    43.5852     0.0000   308.5741    -0.03      0.00000  0.0000000    0.0000     0.0000     0.0000     0.0000  23.31005389  -12.5743327   -15.196    -7.264
svyaug09_gto75     geo-0031:sv1-20090824-S-13-1B      55068.021439 09-AUG-25 00:30:52.32      4.399200     4  18.70  18.80  72174.68263  0.0000000   24.6405    12.9135     0.0000   339.4632  -384.13      0.04502  0.0000000    0.0475     0.0423     0.0000     0.0384  23.46002823  -11.3047152    12.981    -8.410
svyaug09_gto75     geo-0012:sv1-20090824-S-35-1A      55068.172236 09-AUG-25 04:08:01.19      1.100160     2  17.40  17.40  52904.64647  0.0000000   10.4155    40.0510     0.0000   311.0379  -137.47      0.00000  0.0000000    0.0000     0.0000     0.0000     0.0000  23.13455644  -12.0830988   -44.003    -7.837
svyaug09_gto75     geo-0007:sv1-20090824-S-9-1A       55067.979482 09-AUG-24 23:30:27.24      4.400640     4  18.30  18.40  88231.30481  0.0000000   14.6598    35.2207     0.0000   319.2036  -589.66      0.04884  0.0000000    0.0338     0.1146     0.0000     0.1108  23.52349942  -11.5620089    29.377    -9.518
svyaug09_gto75     geo-0010:sv1-20090825-S-10-1B      55068.991470 09-AUG-25 23:47:43.00      2.198880     3  15.10  15.20  46378.15222  0.0000000   14.8100   153.7882     0.0000   199.4313   -53.93      0.05084  0.0000000    0.0874     0.1227     0.0000     0.1194  23.49244208   -9.2437513    21.325    -4.878
svyaug09_gto75     geo-0008:sv1-20090825-S-15-1B      55069.041946 09-AUG-26 01:00:24.13      4.400640     5  12.90  13.00  57339.18147  0.0000000    7.0330    51.5331     0.0000   300.9983  -194.24      0.04578  0.0000000    0.0343     0.4589     0.0000     0.4554  23.39200601   -9.5305489     3.206    -6.025
svyaug09_gto75     geo-0015:sv1-20090825-S-26-1A      55069.135860 09-AUG-26 03:15:38.30      1.100160     2   9.80   9.90  39379.25640  0.0000000   12.0696   148.4196     0.0000   204.6291    35.65      0.00000  0.0000000    0.0000     0.0000     0.0000     0.0000  23.20540487  -10.4629783   -30.851    -4.999
svyaug09_gto75     geo-0018:sv1-20090825-S-26-1B      55069.136243 09-AUG-26 03:16:11.39      2.198880     3  19.10  19.20  61510.26918  0.0000000    6.2107    87.2971     0.0000   264.5420  -247.63      0.03236  0.0000000    0.0044     0.3949     0.0000     0.3926  23.21117733   -9.4752756   -31.749    -6.182
svyaug09_gto75     015D                               55069.204145 09-AUG-26 04:53:58.12      2.197440     3   0.00   0.00  42094.99488  0.0000000    5.0326    71.4594     0.0000   280.6565     0.89      0.01374  0.0000000    0.0055     0.3122     0.0000     0.3111   0.00000000    0.0000000     0.000     0.000
svyaug09_gto75     geo-0021:sv2-20090826-S-27-1B      55070.178884 09-AUG-27 04:17:35.57      2.200320     3  18.50  18.50  58881.98641  0.0000000   10.1597   143.6717     0.0000   207.7190  -213.98      0.02399  0.0000000    0.0298     0.0896     0.0000     0.0882  23.11196577   -8.1507676   -48.915    -4.706
svyaug09_gto75     098B                               55070.195551 09-AUG-27 04:41:35.60      1.100160     2   0.00   0.00  42723.21002  0.0000000   14.9281     4.5677     0.0000   347.2077    -7.15      0.00000  0.0000000    0.0000     0.0000     0.0000     0.0000   0.00000000    0.0000000     0.000     0.000
svysep09_gto105    geo-0028:sv1-20090921-S-11-1B      55095.996813 09-SEP-21 23:55:24.64      2.132640     3   9.60  14.50  66938.30400  0.0000000    5.8921    90.4252     0.0000   289.7119  -317.10      0.07419  0.0000000    0.0309     0.8301     0.0000     0.8256   1.33247898   -8.3914657    20.397    -5.546
svysep09_gto105    geo-0031:sv1-20090921-S-11-1B      55095.998295 09-SEP-21 23:57:32.68      2.134080     3  10.30  10.40  41813.62194  0.0000000    4.3332   152.8874     0.0000   225.6040     4.49      0.02432  0.0000000    0.0348     0.4744     0.0000     0.4732   1.33201347   -8.0200730    18.038    -3.095
svysep09_gto105    geo-0015:sv1-20090921-S-34-1A      55096.159179 09-SEP-22 03:49:13.06      2.134080     3  17.00  17.10  43990.77228  0.0000000    7.0332   162.3147     0.0000   216.1916   -23.38      0.05501  0.0000000    0.0861     0.5196     0.0000     0.5155   0.59566687   -9.0333706   -40.148    -4.146
svysep09_gto105    019A                               55096.213841 09-SEP-22 05:07:55.86      2.132640     3   0.00   0.00  42182.39549  0.0000000    3.8965    74.0046     0.0000   304.6256    -0.23      0.00458  0.0000000    0.0053     0.1122     0.0000     0.1120   0.00000000    0.0000000     0.000     0.000
svysep09_gto105    geo-0010:sv1-20090922-S-19-1B      55097.022806 09-SEP-23 00:32:50.43      1.067040     2  11.80  11.90  44162.59671  0.0000000   12.4313   174.1611     0.0000   205.0232   -25.58      0.00000  0.0000000    0.0000     0.0000     0.0000     0.0000   1.28426002  -10.1308112     8.462    -5.224
svysep09_gto105    geo-0010:sv1-20090922-S-20-1B      55097.034960 09-SEP-23 00:50:20.54      4.265280     5  10.40  10.50  58399.50461  0.0000000    7.0138    78.8902     0.0000   300.1378  -207.81      0.02668  0.0000000    0.0191     0.2653     0.0000     0.2633   1.25419808   -9.5019492     4.622    -6.062
svysep09_gto105    geo-0018:sv1-20090922-S-26-1A      55097.152809 09-SEP-23 03:40:02.69      1.067040     2  11.50  11.50  42192.89724  0.0000000   11.5221    44.9877     0.0000   333.3413    -0.36      0.00000  0.0000000    0.0000     0.0000     0.0000     0.0000   1.02145487  -10.2549546   -38.341    -5.142
svysep09_gto105    geo-0022:sv1-20090922-S-26-1A      55097.154291 09-SEP-23 03:42:10.74      1.067040     2  17.90  17.90  55650.68540  0.0000000   12.6075    50.2790     0.0000   327.0073  -172.62      0.00000  0.0000000    0.0000     0.0000     0.0000     0.0000   1.01358237  -10.5136281   -39.748    -6.826
svysep09_gto105    geo-0010:sv1-20090922-S-33-1A      55097.193133 09-SEP-23 04:38:06.69      1.067040     2  17.40  17.50  56762.96732  0.0000000    8.7278    68.4596     0.0000   308.3762  -186.86      0.00000  0.0000000    0.0000     0.0000     0.0000     0.0000   0.53255412  -10.3710269   -54.530    -6.832
svysep09_gto105    geo-0002:sv1-20090922-S-33-1B      55097.192763 09-SEP-23 04:37:34.72      1.067040     2  14.60  14.60  41977.77472  0.0000000    5.9262    68.4269     0.0000   310.1080     2.39      0.00000  0.0000000    0.0000     0.0000     0.0000     0.0000   0.54232934   -9.3431959   -52.871    -4.529
svysep09_gto105    geo-0004:sv1-20090923-S-44-1A      55098.177913 09-SEP-24 04:16:11.68      4.266720     3  18.40  18.50  80195.71064  0.0000000   10.3998    80.3416     0.0000   295.5973  -486.80      0.04071  0.0000000    0.0178     0.2029     0.0000     0.1995   0.55309503  -12.0928989   -50.872    -9.369
svysep09_gto105    geo-0018:sv1-20090923-S-44-1A      55098.183839 09-SEP-24 04:24:43.68      1.065600     2  11.80  11.90  32953.22747  0.0000000   17.6961   183.9301     0.0000   196.7001   117.90      0.00000  0.0000000    0.0000     0.0000     0.0000     0.0000   0.54469902  -11.4523413   -49.441    -5.011
svysep09_gto105    geo-0003:sv1-20090923-S-44-1B      55098.178283 09-SEP-24 04:16:43.65      2.134080     3  11.30  11.40  42186.52519  0.0000000    9.8626    55.5430     0.0000   322.2556    -0.28      0.00678  0.0000000    0.0109     0.0489     0.0000     0.0482   0.54177997  -11.1508957   -49.105    -6.019
svysep09_gto105    geo-0029:sv1-20090923-S-44-1B      55098.187174 09-SEP-24 04:29:31.83      1.064160     2  11.50  11.50  58329.12561  0.0000000   11.2007    56.5107     0.0000   320.1037  -206.91      0.00000  0.0000000    0.0000     0.0000     0.0000     0.0000   0.54121724  -10.5223886   -53.370    -7.157
svysep09_gto105    geo-0015:sv1-20090924-S-37-1B      55099.163932 09-SEP-25 03:56:03.72      1.067040     2  19.70  19.70  49010.45716  0.0000000    8.2106   124.8612     0.0000   253.2084   -87.63      0.00000  0.0000000    0.0000     0.0000     0.0000     0.0000   0.57305569  -12.3119664   -45.216    -7.858
svysep09_gto105    geo-0011:sv1-20090925-S-36-1A      55100.141351 09-SEP-26 03:23:32.72      2.132640     3  16.70  16.70  42824.51928  0.0000000   12.6644    37.5015     0.0000   340.4811    -8.45      0.05511  0.0000000    0.1040     0.1671     0.0000     0.1637   1.01262218   -9.1747400   -37.533    -4.201
svysep09_gto105    geo-0010:sv1-20090925-S-38-1A      55100.162583 09-SEP-26 03:54:07.17      2.132640     3   8.90   8.90  41240.43417  0.0000000   11.7550    38.4079     0.0000   339.8329    11.83      0.00580  0.0000000    0.0114     0.0203     0.0000     0.0200   0.57388651   -9.1407239   -44.989    -4.028
svysep09_gto105    geo-0012:sv1-20090925-S-38-1B      55100.164435 09-SEP-26 03:56:47.18      2.132640     3  12.50  12.50  42156.78318  0.0000000    6.4360    52.4402     0.0000   325.9352     0.10      0.00780  0.0000000    0.0132     0.0789     0.0000     0.0785   0.57202874   -8.3723539   -45.745    -3.600
svysep09_gto105    057A                               55100.176102 09-SEP-26 04:13:35.21      2.132640     3   0.00   0.00  42556.03060  0.0000000    5.1067    71.2237     0.0000   307.2621    -5.01      0.00184  0.0000000    0.0023     0.0330     0.0000     0.0329   0.00000000    0.0000000     0.000     0.000
svysep09_gto105    091C                               55100.176102 09-SEP-26 04:13:35.21      1.065600     2   0.00   0.00  33545.48094  0.0000000    4.0970   156.5407     0.0000   223.4469   110.32      0.00000  0.0000000    0.0000     0.0000     0.0000     0.0000   0.00000000    0.0000000     0.000     0.000
svysep09_gto105    geo-0020:sv1-20090925-S-39-1B      55100.175731 09-SEP-26 04:13:03.15      5.333760     6  17.80  17.80  61518.71190  0.0000000    7.7653    57.7184     0.0000   319.0239  -247.73      0.00868  0.0000000    0.0088     0.0560     0.0000     0.0555   0.55043731   -8.2827874   -51.363    -5.083
svysep09_gto105    geo-0024:sv1-20090925-S-42-1A      55100.203487 09-SEP-26 04:53:01.27      2.134080     3  13.00  19.70  77191.19328  0.0000000    9.5861   153.2695     0.0000   223.2567  -448.34      0.40126  0.0000000    0.3076     1.7452     0.0000     1.7204   0.51512543   -9.1233161   -62.262    -6.553
svysep09_gto105    geo-0034:sv1-20090925-S-42-1B      55100.205339 09-SEP-26 04:55:41.28      1.067040     2  10.00  19.70  61505.97669  0.0000000    9.0045   163.0477     0.0000   214.2013  -247.57      0.00000  0.0000000    0.0000     0.0000     0.0000     0.0000   0.51404048   -8.1954186   -62.135    -5.047
svyoct09_gto75     75097A                             55117.944239 09-OCT-13 22:39:42.24      1.100160     2   0.00   0.00  42173.68728  0.0000000   13.2039   337.5651     0.0000    65.2700    -0.12      0.00000  0.0000000    0.0000     0.0000     0.0000     0.0000   0.00000000    0.0000000     0.000     0.000
svyoct09_gto75     82009A                             55118.965604 09-OCT-14 23:10:28.18      1.100160     2   0.00   0.00  42328.36686  0.0000000   14.6746   358.9044     0.0000    44.3597    -2.10      0.00000  0.0000000    0.0000     0.0000     0.0000     0.0000   0.00000000    0.0000000     0.000     0.000
svyoct09_gto75     geo-0023:sv1-20091017-S-12-1B      55121.935780 09-OCT-17 22:27:31.39      1.100160     2  16.50  16.60  31760.60846  0.0000000    7.8111   308.5284     0.0000    91.4413   133.17      0.00000  0.0000000    0.0000     0.0000     0.0000     0.0000   3.16211799    2.3833251    36.552     7.809
svyoct09_gto75     geo-0024:sv1-20091017-S-12-1B      55121.935780 09-OCT-17 22:27:31.39      1.100160     2  16.50  16.60  32625.38758  0.0000000    7.6745   308.7883     0.0000    91.4366   122.10      0.00000  0.0000000    0.0000     0.0000     0.0000     0.0000   3.16233902    2.3832816    36.806     7.672
svyoct09_gto75     geo-0009:sv1-20091017-S-13-1A      55121.946717 09-OCT-17 22:43:16.34      5.499360     6  18.00  18.10  64416.72621  0.0000000    9.6267    17.9491     0.0000    26.8269  -284.83      0.01597  0.0000000    0.0185     0.0570     0.0000     0.0561   3.14497501    1.4439589    37.070     4.328
svyoct09_gto75     geo-0001:sv1-20091017-S-14-1A      55121.956439 09-OCT-17 22:57:16.32      2.200320     3  16.70  16.80  42764.41530  0.0000000   11.7360   253.5299     0.0000   148.2057    -7.68      4.65452  0.0000000    7.9510    24.0023     0.0000    23.5519   3.13532471    2.1913063    31.386     6.152
svyoct09_gto75     85070A                             55122.154807 09-OCT-18 03:42:55.32      2.200320     3   0.00   0.00  42114.52608  0.0000000   13.7081    14.1281     0.0000    28.9098     0.64      0.06496  0.0000000    0.1163     0.2748     0.0000     0.2675   0.00000000    0.0000000     0.000     0.000
svyoct09_gto75     geo-0009:sv1-20091019-S-10-1A      55124.047731 09-OCT-20 01:08:43.95      1.098720     2  12.20  12.30  37456.29397  0.0000000   15.3431   351.2126     0.0000    51.9350    60.27      0.00000  0.0000000    0.0000     0.0000     0.0000     0.0000   2.57489495    8.4510298    -3.682    12.024
svyoct09_gto75     geo-0005:sv1-20091019-S-10-1B      55124.044294 09-OCT-20 01:03:47.00      1.100160     2  16.90  17.00  51845.55144  0.0000000   11.8466   299.5704     0.0000   102.7938  -123.92      0.00000  0.0000000    0.0000     0.0000     0.0000     0.0000   2.57446905    9.1400836    -1.942    11.548
svyoct09_gto75     geo-0009:sv1-20091019-S-10-1B      55124.046585 09-OCT-20 01:07:04.94      2.200320     3  17.90  17.90  42772.49540  0.0000000   14.2018   345.2224     0.0000    57.9508    -7.78      0.01686  0.0000000    0.0180     0.1186     0.0000     0.1149   2.57485875    9.1144267    -3.034    12.002
svyoct09_gto75     geo-0003:sv1-20091019-S-11-1A      55124.055995 09-OCT-20 01:20:37.96      2.200320     3  17.90  18.00  42782.86875  0.0000000   12.0664   335.7959     0.0000    66.8131    -7.92      0.02297  0.0000000    0.0182     0.2051     0.0000     0.2005   2.54423090    8.0843983    -6.657    11.079
svyoct09_gto75     geo-0010:sv1-20091019-S-31-1A      55124.227746 09-OCT-20 05:27:57.25      2.200320     3  14.70  14.70  39528.34577  0.0000000   12.1326   333.2900     0.0000    69.7290    33.74      0.00620  0.0000000    0.0047     0.0607     0.0000     0.0593   2.21544694    7.4017697   -68.204    11.371
svyoct09_gto75     geo-0011:sv1-20091020-S-11-1A      55124.937500 09-OCT-20 22:30:00.00      3.300480     4  16.50  16.60  52194.56323  0.0000000   10.1473   339.3386     0.0000    64.5990  -128.38      0.00597  0.0000000    0.0041     0.0501     0.0000     0.0493   3.15428992    6.1530798    36.576     9.157
svyoct09_gto75     geo-0003:sv1-20091020-S-12-1B      55124.947630 09-OCT-20 22:44:35.23      2.198880     3  17.30  17.40  46854.05940  0.0000000   14.2073   355.5607     0.0000    48.1534   -60.03      0.02461  0.0000000    0.0300     0.1380     0.0000     0.1336   3.14079157    7.2649759    32.162    10.535
svyoct09_gto75     geo-0004:sv1-20091020-S-36-1A      55125.127051 09-OCT-21 03:02:57.20      1.100160     2  16.60  16.60  42491.57953  0.0000000   14.9479     2.0779     0.0000    41.4675    -4.19      0.00000  0.0000000    0.0000     0.0000     0.0000     0.0000   2.40250433    6.3848353   -32.866     9.835
svyoct09_gto75     geo-0012:sv1-20091020-S-36-1B      55125.127433 09-OCT-21 03:03:30.21      1.100160     2  18.10  18.10  41304.28326  0.0000000   14.8770   359.2279     0.0000    44.3381    11.01      0.00000  0.0000000    0.0000     0.0000     0.0000     0.0000   2.40052175    7.0718968   -32.982    10.337
svyoct09_gto75     geo-0002:sv1-20091020-S-40-1B      55125.167905 09-OCT-21 04:01:46.99      2.198880     3  12.60  12.70  42379.93768  0.0000000   14.8662   357.1444     0.0000    45.8290    -2.76      0.00755  0.0000000    0.0107     0.0432     0.0000     0.0418   2.29451899    7.2307655   -48.184    10.604
svyoct09_gto75     geo-0006:sv1-20091021-S-3-1A       55126.062733 09-OCT-22 01:30:20.13      2.200320     3  17.80  17.80  45217.85845  0.0000000    8.5573   327.3292     0.0000    75.0654   -39.08      0.09361  0.0000000    0.0454     1.1539     0.0000     1.1410   2.52119209    5.0619921   -10.969     8.266
svyoct09_gto75     geo-0012:sv1-20091021-S-3-1A       55126.068081 09-OCT-22 01:38:02.19      1.100160     2  17.70  17.80  55086.43493  0.0000000    8.9016   336.7785     0.0000    65.9955  -165.40      0.00000  0.0000000    0.0000     0.0000     0.0000     0.0000   2.51547788    5.3504557   -12.618     8.126
svyoct09_gto75     geo-0004:sv1-20091021-S-3-1B       55126.062352 09-OCT-22 01:29:47.21      1.098720     2  18.40  18.40  42781.13504  0.0000000   14.2447     2.6304     0.0000    40.3400    -7.89      0.00000  0.0000000    0.0000     0.0000     0.0000     0.0000   2.51503582    5.5618316   -10.975     9.165
svyoct09_gto75     geo-0003:sv1-20091022-S-24-1A      55127.100452 09-OCT-23 02:24:39.05      1.100160     2  20.00  20.00  48085.30781  0.0000000    7.4166   327.4431     0.0000    74.8247   -75.79      0.00000  0.0000000    0.0000     0.0000     0.0000     0.0000   2.43479880    4.0306612   -25.658     7.157
svyoct09_gto75     geo-0001:sv1-20091022-S-29-1A      55127.151751 09-OCT-23 03:38:31.28      1.100160     2  17.10  17.10  45304.79537  0.0000000    7.0270   315.4340     0.0000    86.5539   -40.20      0.00000  0.0000000    0.0000     0.0000     0.0000     0.0000   2.32532522    3.3631204   -44.360     7.014
svyoct09_gto75     geo-0012:sv1-20091022-S-29-1A      55127.159390 09-OCT-23 03:49:31.29      1.100160     2  18.70  18.70  50202.82935  0.0000000   10.4147     0.2051     0.0000    42.2690  -102.89      0.00000  0.0000000    0.0000     0.0000     0.0000     0.0000   2.33310020    3.5558306   -47.079     6.984
svyoct09_gto75     geo-0013:sv1-20091022-S-29-1A      55127.160918 09-OCT-23 03:51:43.31      2.200320     2  15.60  15.60  45214.05700  0.0000000    7.2572   293.1175     0.0000   108.8390   -39.03      0.00000  0.0000000    0.0000     0.0000     0.0000     0.0000   2.31548219    3.2510439   -47.534     6.866
svyoct09_gto75     geo-0002:sv1-20091022-S-29-1B      55127.152897 09-OCT-23 03:40:10.30      3.300480     4  17.30  17.30  49519.49282  0.0000000    7.8118   329.4978     0.0000    72.1103   -94.14      0.00886  0.0000000    0.0046     0.1062     0.0000     0.1052   2.31506933    4.2337676   -45.284     7.432
svyoct09_gto75     geo-0006:sv1-20091022-S-29-1B      55127.154424 09-OCT-23 03:42:22.23      1.100160     2  16.40  16.40  39187.56674  0.0000000   11.9570   358.7449     0.0000    44.4544    38.10      0.00000  0.0000000    0.0000     0.0000     0.0000     0.0000   2.32236706    4.3109361   -44.716     8.343
svyoct09_gto75     geo-0015:sv1-20091023-S-18-1B      55127.961808 09-OCT-23 23:05:00.21      2.200320     3  17.00  17.10  44779.60271  0.0000000   16.9357    20.7554     0.0000    22.8798   -33.47      0.04702  0.0000000    0.0835     0.1240     0.0000     0.1180   3.11462178    2.5559737    23.998     6.503
svyoct09_gto75     geo-0009:sv1-20091023-S-21-1A      55127.998834 09-OCT-23 23:58:19.25      2.200320     3  14.50  14.60  45177.83561  0.0000000    6.1361   302.4968     0.0000   100.0346   -38.57      0.00910  0.0000000    0.0032     0.1586     0.0000     0.1577   3.05032233    2.3034502    10.481     6.042
svyoct09_gto75     geo-0020:sv1-20091024-S-21-1A      55128.946927 09-OCT-24 22:43:34.49      2.200320     3  18.00  18.00  44920.49032  0.0000000    7.3396   256.9452     0.0000   145.6601   -35.28      0.06917  0.0000000    0.1089     0.5775     0.0000     0.5733   3.13353113    0.1944224    28.469     4.133
svyoct09_gto75     geo-0006:sv1-20091024-S-26-1B      55128.981868 09-OCT-24 23:33:53.39      6.599520     7  17.90  18.00   1954.88562  0.0000000   16.6507    34.2148     0.0000    11.0459   514.68      0.14928  0.0000000    0.1137     0.0801     0.0000     0.0764   3.06441636    1.3146144    17.840     3.147
svyoct09_gto75     geo-0011:sv1-20091024-S-26-1B      55128.982632 09-OCT-24 23:34:59.40      3.300480     4  14.90  15.00  55580.39700  0.0000000    4.6027   328.6867     0.0000    74.7590  -171.72      0.00959  0.0000000    0.0037     0.1735     0.0000     0.1729   3.07212106    1.2805583    16.155     4.441
svynov09_gto105    geo-0004:sv1-20091113-S-24-1A      55148.944268 09-NOV-13 22:39:44.75      2.132640     3  10.90  11.00  44705.51944  0.0000000    8.6774     7.2011     0.0000    53.0325   -32.53      0.01857  0.0000000    0.0214     0.1899     0.0000     0.1876   4.21359040    3.2228573    26.808     6.923
svynov09_gto105    geo-0006:sv1-20091113-S-30-1B      55149.000250 09-NOV-14 00:00:21.60      2.134080     3  18.90  18.90  45328.02799  0.0000000   11.1281   284.6651     0.0000   134.9405   -40.49      0.00000  0.0000000    0.0000     0.0000     0.0000     0.0000   4.13305828    4.3452324     6.833     7.852
svynov09_gto105    geo-0009:sv1-20091113-S-30-1B      55149.000990 09-NOV-14 00:01:25.53      1.067040     2  19.30  19.40  54494.38999  0.0000000   13.3255    28.3782     0.0000    33.0391  -157.82      0.00000  0.0000000    0.0000     0.0000     0.0000     0.0000   4.13265341    4.2923057     7.123     7.219
svynov09_gto105    geo-0012:sv1-20091113-S-39-1B      55149.090518 09-NOV-14 02:10:20.75      1.067040     2  18.70  18.70  42557.47830  0.0000000   13.1201    22.3279     0.0000    38.2524    -5.03      0.00000  0.0000000    0.0000     0.0000     0.0000     0.0000   3.53381094    4.3853698   -26.056     8.079
svynov09_gto105    geo-0004:sv1-20091118-S-42-1A      55154.184742 09-NOV-19 04:26:01.70      1.067040     2  14.40  14.50  40802.55092  0.0000000    7.9109    12.2721     0.0000    48.0897    17.43      0.00000  0.0000000    0.0000     0.0000     0.0000     0.0000   3.34262496    1.4830167   -64.755     5.879
svynov09_gto105    geo-0008:sv1-20091118-S-42-1A      55154.187705 09-NOV-19 04:30:17.71      1.067040     2  18.90  18.90  47503.51020  0.0000000   11.8679    29.9786     0.0000    29.7875   -68.34      0.00000  0.0000000    0.0000     0.0000     0.0000     0.0000   3.34237098    2.2429391   -66.678     5.864
svynov09_gto105    geo-0017:sv1-20091118-S-42-1A      55154.189927 09-NOV-19 04:33:29.69      2.134080     3  18.20  18.20  60244.42758  0.0000000   19.1160    43.6555     0.0000    14.8984  -231.42      0.02105  0.0000000    0.0283     0.0232     0.0000     0.0221   3.33054849    2.0454007   -68.950     4.830
svynov09_gto105    geo-0012:sv1-20091118-S-42-1B      55154.189557 09-NOV-19 04:32:57.72      1.065600     2  17.30  17.40  48991.65447  0.0000000   14.5598    33.3384     0.0000    26.2562   -87.39      0.00000  0.0000000    0.0000     0.0000     0.0000     0.0000   3.33190366    3.0440643   -67.722     6.385
svynov09_gto105    geo-0002:sv1-20091119-S-25-1B      55154.992320 09-NOV-19 23:48:56.44      3.199680     4  18.00  18.00  52473.92574  0.0000000    6.6207   284.4084     0.0000   135.5414  -131.96      0.01404  0.0000000    0.0161     0.1356     0.0000     0.1347   4.10075137    1.3008228     3.773     4.632
svynov09_gto105    geo-0007:sv1-20091119-S-25-1B      55154.996024 09-NOV-19 23:54:16.47      2.132640     3  16.90  16.90  45657.58381  0.0000000    5.2869   328.5533     0.0000    91.2762   -44.71      0.04240  0.0000000    0.0039     0.8607     0.0000     0.8570   4.09403177    1.4253819     2.130     5.286
svynov09_gto105    geo-0004:sv1-20091119-S-30-1A      55155.061120 09-NOV-20 01:28:00.76      1.067040     2  20.30  20.40  48223.57733  0.0000000    8.0982    30.0789     0.0000    30.1802   -77.56      0.00000  0.0000000    0.0000     0.0000     0.0000     0.0000   3.57386444    0.3311323   -21.194     4.061
svynov09_gto105    geo-0009:sv1-20091119-S-38-1A      55155.179117 09-NOV-20 04:17:55.70      1.067040     2   6.10  12.30  36899.02731  0.0000000    5.2518   314.7491     0.0000   105.7768    67.40      0.00000  0.0000000    0.0000     0.0000     0.0000     0.0000   3.34038666    0.2503312   -63.210     5.053
svynov09_gto105    geo-0005:sv1-20091119-S-38-1B      55155.181710 09-NOV-20 04:21:39.74      1.065600     2  16.40  16.40  36041.27454  0.0000000    7.6095   295.4735     0.0000   124.9918    78.38      0.00000  0.0000000    0.0000     0.0000     0.0000     0.0000   3.33226311    1.3555508   -64.031     6.228
svynov09_gto105    geo-0001:sv2-20091120-S-25-1A      55156.085540 09-NOV-21 02:03:10.65      1.067040     2  12.30  12.40  42281.26828  0.0000000   12.7299    25.6244     0.0000    34.6657    -1.49      0.00000  0.0000000    0.0000     0.0000     0.0000     0.0000   3.49325233    3.3531462   -31.379     7.200
svynov09_gto105    geo-0009:sv2-20091120-S-28-1A      55156.127046 09-NOV-21 03:02:56.77      2.134080     3  14.70  14.70  42086.20684  0.0000000   13.2693    27.0894     0.0000    33.2338     1.00      0.00325  0.0000000    0.0056     0.0160     0.0000     0.0156   3.41107120    3.3223035   -46.371     7.227
svynov09_gto105    geo-0003:sv1-20091121-S-17-1B      55156.969303 09-NOV-21 23:15:47.77      2.132640     3  17.40  17.40  44008.28499  0.0000000    7.7439   300.0933     0.0000   119.6134   -23.60      0.01072  0.0000000    0.0104     0.1346     0.0000     0.1334   4.14365907    3.1045329     9.902     6.727
