Campaign           Name                              Osc_epoch     Date      Time        arcl [min]    # obs mag_c   mag_u  a(km)        e          i(dg)     raan(dg)   w(dg)      s(dg)      dn(dg/d) da(km)       de         di(dg)    draan(dg)  dw(dg)     ds(dg)     R.A.(h)      Decl.(dg)    lon(dg)   lat(dg)  
svyjan16_gto75     geo-0001:sv1-20160110-S-12-1A      57397.981230 16-JAN-10 23:32:58.27      1.599840     3  11.00  11.10  36621.36879  0.0000000   19.4933    92.3642     0.0000    38.0256    70.95      0.03948  0.0000000    0.0751     0.1789     0.0000     0.1680   9.02187947    8.0352750    25.589    11.862
followjan16        geo-0001:sv1-20160110-U-15-1       57398.002108 16-JAN-11 00:03:02.13      0.732960     3  12.50  12.70  37524.36073  0.0000000   19.9216   134.0960     0.0000     1.7643    59.39      0.03953  0.0000000    0.0927     0.0236     0.0000     0.0179   9.28407149   -4.2722835    25.046     0.601
followjan16        geo-0002:sv1-20160110-U-15-1       57398.002108 16-JAN-11 00:03:02.13      1.100160     3  13.70  13.90  42142.69552  0.0000000    2.6372   319.1384     0.0000   177.3423     0.28      0.04758  0.0000000    0.0967     0.1395     0.0000     0.1446   9.28468363   -4.2208544    25.775     0.122
followjan16        geo-0001:sv1-20160110-U-16-1       57398.005696 16-JAN-11 00:08:12.13      2.933280     9  17.90  18.10  46375.06612  0.0000000   11.5527    51.7854     0.0000    84.2458   -53.90      0.00254  0.0000000    0.0005     0.0233     0.0000     0.0229   9.23592220    8.3423307    23.909    11.494
followjan16        geo-0001:sv1-20160110-U-19-1       57398.036785 16-JAN-11 00:52:58.22      4.033440    11  18.80  18.90  70815.66928  0.0000000   13.6996     1.3791     0.0000   133.5668  -366.73      0.01340  0.0000000    0.0106     0.0469     0.0000     0.0456   9.12482364    8.0057239    12.546     9.881
followjan16        geo-0001:sv1-20160110-U-31-1       57398.160118 16-JAN-11 03:50:34.19      1.467360     5  16.10  16.20  46718.18436  0.0000000   15.4197    81.7207     0.0000    56.2470   -58.29      0.00733  0.0000000    0.0074     0.0420     0.0000     0.0405   9.00113655   10.1936690   -30.757    12.772
followjan16        geo-0001:sv1-20160110-U-32-1       57398.164214 16-JAN-11 03:56:28.08      3.666240    11  18.20  18.30  60029.25945  0.0000000   14.8131    84.4402     0.0000    47.8208  -228.67      0.01996  0.0000000    0.0183     0.0800     0.0000     0.0774   8.36313619    8.5024579   -37.930    10.921
followjan16        geo-0001:sv1-20160110-U-7-1        57397.925848 16-JAN-10 22:13:13.26      2.566080     8  17.60  17.80  40891.33598  0.0000000   12.9423   333.3950     0.0000   108.1087    16.30      0.00231  0.0000000    0.0016     0.0209     0.0000     0.0203   5.37453646    9.2155407    -1.236    12.291
followjan16        geo-0001:sv1-20160110-U-8-1        57397.929691 16-JAN-10 22:18:45.30      2.200320     7  19.20  19.30  41957.14969  0.0000000   13.3457   325.5357     0.0000   115.5843     2.65      0.00300  0.0000000    0.0027     0.0242     0.0000     0.0236   5.35395811    9.0841153    -2.831    12.017
follow_aiub2       geo-0002:sv1-20160111-U-11-1       57398.983857 16-JAN-11 23:36:45.24      0.732960     3   0.00   0.00  41692.88551  0.0000000   15.1957   352.4662     0.0000    48.4218     6.04      0.00743  0.0000000    0.0102     0.0438     0.0000     0.0423   0.00000000    0.0000000     0.000     0.000
followjan16        geo-0001:sv1-20160111-U-14-1       57399.014156 16-JAN-12 00:20:23.07      1.467360     5  16.40  16.60  39161.61145  0.0000000   11.7288    70.5051     0.0000    65.8719    38.44      0.00583  0.0000000    0.0053     0.0586     0.0000     0.0573   9.26150395    7.0628473    19.879    10.691
followjan16        geo-0001:sv1-20160111-U-6-1        57398.946796 16-JAN-11 22:43:23.17      2.566080     8  18.30  18.50  40905.81376  0.0000000   14.4978     3.7341     0.0000    72.5518    16.11      0.00212  0.0000000    0.0013     0.0173     0.0000     0.0167   5.03305548   11.1313327   -15.979    13.817
followjan16        geo-0002:sv1-20160111-U-6-1        57398.947560 16-JAN-11 22:44:29.18      2.200320     6  17.40  17.60  43230.29897  0.0000000   13.9011   337.7572     0.0000    97.8592   -13.64      0.00216  0.0000000    0.0006     0.0178     0.0000     0.0173   5.03466191   11.1932849   -16.153    13.768
followjan16        geo-0001:sv1-20160111-U-7-1        57398.954713 16-JAN-11 22:54:47.20      0.732960     3  18.80  19.00  42306.54977  0.0000000   12.8090   327.4394     0.0000   109.1477    -1.82      0.02859  0.0000000    0.0194     0.2499     0.0000     0.2437   5.07396392    9.1809777   -17.546    12.089
followjan16        geo-0001:sv1-20160111-U-9-1        57398.962931 16-JAN-11 23:06:37.23      2.933280     8  17.30  17.40  43381.49931  0.0000000   13.8936   337.7286     0.0000   103.2193   -15.58      0.00193  0.0000000    0.0009     0.0155     0.0000     0.0151   5.25395791   11.0238056   -16.220    13.518
followjan16        geo-0001:sv1-20160112-U-20-1       57400.094342 16-JAN-13 02:15:51.14      3.300480     9  18.80  18.90  59785.97499  0.0000000   11.8991   355.7933     0.0000   137.8189  -225.55      0.00530  0.0000000    0.0054     0.0237     0.0000     0.0232   8.59011443    5.3630033   -11.744     7.958
followjan16b       geo-0003:sv1-20160122-U-32-1       57410.122699 16-JAN-23 02:56:41.19      2.566080     6  13.40  13.50  39255.72110  0.0000000    0.3008    97.8858     0.0000    43.9374    37.23      0.00236  0.0000000    0.0037     0.6980     0.0000     0.6980   9.22178960   -4.5216813     0.000     0.000
followjan16b                                          57410.124482 16-JAN-23 02:59:15.24      0.732960     3   0.00   0.00  42120.78391  0.0000000    0.1855   120.7833     0.0000   381.2101     0.56      0.00769  0.0000000    0.0147     1.7857     0.0000     1.7857   0.00000000    0.0000000     0.000     0.000
followjan16b       geo-0001:sv1-20160122-U-33-1       57410.126796 16-JAN-23 03:02:35.17      2.566080     8  17.30  17.40  39661.54798  0.0000000    0.3250   162.5597     0.0000   339.9049    32.04      0.00210  0.0000000    0.0043     0.2782     0.0000     0.2782   9.24228748   -5.1045273     0.000     0.000
followjan16b       geo-0001:sv1-20160122-U-37-1       57410.146287 16-JAN-23 03:30:39.19      2.566080     7  13.20  13.40  39265.60441  0.0000000    0.3312   103.5050     0.0000    47.7970    37.11      0.00304  0.0000000    0.0045     0.8716     0.0000     0.8716  10.00508528   -4.4949376     0.000     0.000
followjan16b       geo-0001:sv1-20160122-U-38-1       57410.150639 16-JAN-23 03:36:55.20      2.200320     7  17.30  17.50  39653.57026  0.0000000    0.3523   160.8233     0.0000   351.0795    32.14      0.00356  0.0000000    0.0077     0.2044     0.0000     0.2044  10.02401807   -5.0702993     0.000     0.000
followjan16b       geo-0001:sv1-20160122-U-44-1       57410.176740 16-JAN-23 04:14:30.33      3.300480    10  16.80  17.10  43685.27519  0.0000000    9.5756   335.7158     0.0000   184.8159   -19.47      0.00286  0.0000000    0.0056     0.0036     0.0000     0.0035  10.36560745   -5.2553556     0.000     0.000
followjan16b       geo-0001:sv1-20160122-U-49-1       57410.202850 16-JAN-23 04:52:06.24      3.300480     9  16.90  17.30  43159.52736  0.0000000    9.6265   336.1302     0.0000   193.4215   -12.74      0.00412  0.0000000    0.0080     0.0120     0.0000     0.0118  11.12101585   -7.0650332     0.000     0.000
followjan16b       geo-0002:sv1-20160122-U-49-1       57410.202850 16-JAN-23 04:52:06.24      0.732960     3  11.10  11.50  32672.21857  0.0000000    7.5930   342.7937     0.0000   187.2517   121.50      0.02966  0.0000000    0.0813     0.0914     0.0000     0.0904  11.13044839   -7.2846655     0.000     0.000
followjan16b       geo-0003:sv1-20160122-U-49-1       57410.202850 16-JAN-23 04:52:06.24      1.100160     4  17.00  17.30  40740.00459  0.0000000    3.5339   322.2125     0.0000   207.6363    18.23      0.02028  0.0000000    0.0382     0.3278     0.0000     0.3272  11.13490801   -6.4638945     0.000     0.000
followjan16b       geo-0001:sv1-20160123-U-14-1       57410.882572 16-JAN-23 21:10:54.22      2.933280     9  11.10  11.60  49346.06612  0.0000000    1.2070   130.7541     0.0000   296.0720   -91.92      0.00982  0.0000000    0.0075     0.7126     0.0000     0.7125   4.28587856   -5.0842723     0.000     0.000
followjan16b       geo-0002:sv1-20160123-U-14-1       57410.883081 16-JAN-23 21:11:38.19      2.933280     9  12.00  12.60  42909.91450  0.0000000    2.7654    76.0037     0.0000   350.6411    -9.54      0.00186  0.0000000    0.0037     0.0128     0.0000     0.0127   4.28207381   -5.0703881     0.000     0.000
followjan16b                                          57410.888776 16-JAN-23 21:19:50.24      1.467360     5   0.00   0.00  42150.23546  0.0000000    0.1268    82.6860     0.0000   347.7397     0.18      0.00473  0.0000000    0.0095     0.9437     0.0000     0.9437   0.00000000    0.0000000     0.000     0.000
followjan16b       geo-0002:sv1-20160123-U-16-1       57410.892873 16-JAN-23 21:25:44.22      0.732960     3  12.40  13.00  42952.13893  0.0000000    2.7666    76.0925     0.0000   353.9917   -10.08      0.00500  0.0000000    0.0100     0.0241     0.0000     0.0240   4.42016014   -4.5549650     0.000     0.000
followjan16b       geo-0003:sv1-20160123-U-16-1       57410.893127 16-JAN-23 21:26:06.17      1.833120     5  12.60  13.10  48122.04954  0.0000000    0.9952   173.3009     0.0000   256.5785   -76.26      0.02466  0.0000000    0.0101     2.4258     0.0000     2.4254   4.40485353   -5.0755514     0.000     0.000
followjan16b       geo-0001:sv1-20160123-U-17-1       57410.899343 16-JAN-23 21:35:03.23      2.933280     6  11.60  12.10  47097.38221  0.0000000    1.1075   198.3431     0.0000   233.3956   -63.14      0.01780  0.0000000    0.0190     1.3357     0.0000     1.3355   4.48034193   -5.0845656     0.000     0.000
followjan16b                                          57410.900616 16-JAN-23 21:36:53.22      2.200320     7   0.00   0.00  42158.19339  0.0000000   -0.1069   272.8132     0.0000   878.8906     0.08      0.00000  0.0000000    0.0000     0.0000     0.0000     0.0000   0.00000000    0.0000000     0.000     0.000
followjan16b       geo-0004:sv1-20160123-U-17-1       57410.901380 16-JAN-23 21:37:59.23      1.100160     3  10.70  11.20  40357.28776  0.0000000    0.1703   132.6007     0.0000   299.0990    23.13      0.00510  0.0000000    0.0054     3.2216     0.0000     3.2216   4.47384380   -5.0652844     0.000     0.000
followjan16b       geo-0001:sv1-20160123-U-18-1       57410.903949 16-JAN-23 21:41:41.19      2.933280     9  12.60  13.00  43051.70202  0.0000000    2.7986    76.2592     0.0000   357.7072   -11.36      0.00102  0.0000000    0.0020     0.0027     0.0000     0.0026   4.57277757   -4.4258498     0.000     0.000
followjan16b                                          57410.959806 16-JAN-23 23:02:07.23      1.100160     3   0.00   0.00  42172.62293  0.0000000   -0.0895   275.5056     0.0000   882.5583    -0.10      0.00000  0.0000000    0.0000     0.0000     0.0000     0.0000   0.00000000    0.0000000     0.000     0.000
followjan16d       geo-0001:sv3-20160123-U-10-1       57411.064736 16-JAN-24 01:33:13.19      0.732960     3  12.70  12.90  39263.86279  0.0000000    0.2823    95.1602     0.0000    41.1589    37.13      0.01308  0.0000000    0.0219     3.9005     0.0000     3.9004   9.09536328   -4.5341293     0.000     0.000
followjan16d       geo-0001:sv3-20160123-U-11-1       57411.068833 16-JAN-24 01:39:07.17      2.566080     8  17.20  17.30  39654.01473  0.0000000    0.3242   162.3724     0.0000   334.6821    32.13      0.00264  0.0000000    0.0053     0.4355     0.0000     0.4355   9.12179548   -5.1247242     0.000     0.000
followjan16d       geo-0001:sv3-20160123-U-16-1       57411.097896 16-JAN-24 02:20:58.21      2.566080     7  12.80  12.90  39261.84566  0.0000000    0.3384   104.4731     0.0000    45.1764    37.15      0.00351  0.0000000    0.0055     0.9446     0.0000     0.9446  10.04063644   -4.4953358     0.000     0.000
followjan16d       geo-0001:sv3-20160123-U-17-1       57411.101484 16-JAN-24 02:26:08.21      0.732960     3  13.80  14.10  26737.33142  0.0000000   12.5472   351.7147     0.0000   168.5614   197.47      0.02407  0.0000000    0.0823     0.0796     0.0000     0.0798  11.00386541   -4.5753247     0.000     0.000
followjan16d       geo-0002:sv3-20160123-U-17-1       57411.101484 16-JAN-24 02:26:08.21      4.033440    12  13.30  14.90  63356.85975  0.0000000    3.7061   309.9021     0.0000   213.3788  -271.26      0.01209  0.0000000    0.0130     0.1336     0.0000     0.1334  11.00417155   -5.1051722     0.000     0.000
followjan16d       geo-0001:sv3-20160123-U-18-1       57411.105836 16-JAN-24 02:32:24.23      2.933280     9  16.40  16.60  41514.40781  0.0000000    3.5463   320.7627     0.0000   189.6746     8.32      0.00290  0.0000000    0.0059     0.0178     0.0000     0.0178  10.05326538   -5.2839551     0.000     0.000
followjan16d       geo-0001:sv3-20160123-U-20-1       57411.117502 16-JAN-24 02:49:12.17      2.933280     9  15.10  15.40  41684.20122  0.0000000    1.0090   314.0319     0.0000   204.9733     6.15      0.00316  0.0000000    0.0059     0.1601     0.0000     0.1601  10.42320028   -5.1502640     0.000     0.000
followjan16d       geo-0001:sv3-20160123-U-21-1       57411.122618 16-JAN-24 02:56:34.19      1.465920     5  14.90  15.30  31306.53427  0.0000000    2.1046     8.0393     0.0000   158.8383   138.98      0.00175  0.0000000    0.0047     0.0498     0.0000     0.0498  11.21443675   -5.4259032     0.000     0.000
followjan16d       geo-0001:sv3-20160123-U-22-1       57411.129100 16-JAN-24 03:05:54.24      2.200320     5  12.80  13.10  39339.33378  0.0000000    0.3528   109.7740     0.0000    52.3986    36.16      0.00363  0.0000000    0.0049     1.0411     0.0000     1.0411  10.55001627   -4.4621227     0.000     0.000
followjan16d       geo-0001:sv3-20160123-U-23-1       57411.132433 16-JAN-24 03:10:42.21      2.200320     7  13.80  14.20  58440.85609  0.0000000    4.9175   323.1771     0.0000   206.3673  -208.34      0.01616  0.0000000    0.0204     0.1189     0.0000     0.1185  11.24231536   -5.3842507     0.000     0.000
followjan16d       geo-0001:sv3-20160123-U-24-1       57411.136785 16-JAN-24 03:16:58.22      2.566080     7  17.30  17.60  41048.95557  0.0000000    3.5560   321.7523     0.0000   200.2004    14.28      0.00344  0.0000000    0.0068     0.0413     0.0000     0.0413  10.51471671   -6.1559179     0.000     0.000
followjan16d       geo-0001:sv3-20160123-U-25-1       57411.142352 16-JAN-24 03:24:59.21      2.933280     9  14.10  14.50  41321.30224  0.0000000    1.0316   317.3673     0.0000   210.7995    10.79      0.00300  0.0000000    0.0054     0.1812     0.0000     0.1812  11.19213545   -5.2500300     0.000     0.000
followjan16d       geo-0001:sv3-20160123-U-32-1       57411.180708 16-JAN-24 04:20:13.17      4.033440    11  11.70  12.30  64555.51225  0.0000000    1.5745   270.7462     0.0000   271.1637  -286.60      0.00000  0.0000000    0.0000     0.0000     0.0000     0.0000  12.11400708   -4.3821302     0.000     0.000
followjan16d       geo-0001:sv3-20160123-U-34-1       57411.195454 16-JAN-24 04:41:27.22      3.666240    11  12.70  13.40  70876.37151  0.0000000   15.8062   356.5971     0.0000   191.5463  -367.51      0.00783  0.0000000    0.0087     0.0067     0.0000     0.0065  12.34404534   -6.0102422     0.000     0.000
followjan16d       geo-0001:sv3-20160123-U-36-1       57411.206391 16-JAN-24 04:57:12.18      4.033440    12  12.50  13.10  63550.78240  0.0000000    1.8448   309.1188     0.0000   237.7250  -273.74      0.00874  0.0000000    0.0059     0.2946     0.0000     0.2944  12.29451047   -4.4055378     0.000     0.000
followjan16d                                          57411.207410 16-JAN-24 04:58:40.22      2.566080     7   0.00   0.00  42177.77809  0.0000000   -0.0873   621.0018     0.0000   -74.5670    -0.17      0.00369  0.0000000    0.0021     4.7566     0.0000     4.7566   0.00000000    0.0000000     0.000     0.000
followjan16d       geo-0001:sv3-20160123-U-38-1       57411.217537 16-JAN-24 05:13:15.19      4.033440    12  14.50  15.30  72409.26577  0.0000000   16.6795   357.1345     0.0000   194.6615  -387.13      0.00492  0.0000000    0.0053     0.0049     0.0000     0.0047  12.47026766   -7.0444944     0.000     0.000
followjan16d       geo-0001:sv3-20160123-U-39-1       57411.221634 16-JAN-24 05:19:09.17      4.033440    12  12.60  13.30  62231.64470  0.0000000    2.2217   325.3464     0.0000   224.5051  -256.86      0.01095  0.0000000    0.0102     0.2607     0.0000     0.2605  12.40489976   -4.4512576     0.000     0.000
followjan16d                                          57411.221634 16-JAN-24 05:19:09.17      0.367200     2   0.00   0.00  42144.90448  0.0000000    0.1868    57.4621     0.0000   132.5320     0.25      0.00000  0.0000000    0.0000     0.0000     0.0000     0.0000   0.00000000    0.0000000     0.000     0.000
followjan16d                                          57411.245014 16-JAN-24 05:52:49.20      2.566080     8   0.00   0.00  42170.51327  0.0000000   -0.0872   -90.6144     0.0000  1370.6202    -0.08      0.00162  0.0000000    0.0012     2.0308     0.0000     2.0308   0.00000000    0.0000000     0.000     0.000
followjan16d       geo-0001:sv3-20160123-U-43-1       57411.248857 16-JAN-24 05:58:21.24      2.566080     8  12.30  13.10  58628.24690  0.0000000    3.1372   345.5429     0.0000   210.0026  -210.74      0.01682  0.0000000    0.0204     0.2170     0.0000     0.2167  13.01522354   -4.5858440     0.000     0.000
followjan16d                                          57411.249111 16-JAN-24 05:58:43.19      2.566080     7   0.00   0.00  40744.11795  0.0000000    0.2805    52.5303     0.0000   142.6870    18.18      0.01063  0.0000000    0.0181     2.7867     0.0000     2.7866   0.00000000    0.0000000     0.000     0.000
followjan16d       geo-0001:sv3-20160123-U-6-1        57411.043926 16-JAN-24 01:03:15.20      2.200320     5  13.10  13.20  39291.04816  0.0000000    0.2699    94.5281     0.0000    33.4325    36.78      0.00482  0.0000000    0.0089     1.2668     0.0000     1.2667   8.35540371   -4.5601058     0.000     0.000
followjan16d       geo-0001:sv3-20160123-U-7-1        57411.048023 16-JAN-24 01:09:09.18      2.566080     8  17.70  17.80  39696.93020  0.0000000    0.3079   165.3562     0.0000   323.4698    31.58      0.00198  0.0000000    0.0035     0.4778     0.0000     0.4778   8.38548570   -5.1529334     0.000     0.000
followfeb16        geo-0001:sv1-20160209-U-14-1       57428.034549 16-FEB-10 00:49:45.03      2.933280     9  17.60  17.80  46263.01323  0.0000000    8.4248    51.5676     0.0000   114.8451   -52.46      0.00282  0.0000000    0.0022     0.0322     0.0000     0.0318  11.22552166    4.2131465     0.000     0.000
follow_aiub2                                          57428.054192 16-FEB-10 01:18:02.18      1.833120     6   0.00   0.00  42212.02262  0.0000000    0.1545    73.8705     0.0000   105.4477    -0.61      0.00239  0.0000000    0.0013     1.7364     0.0000     1.7364   0.00000000    0.0000000     0.000     0.000
followfeb16        geo-0001:sv1-20160209-U-19-1       57428.084794 16-FEB-10 02:02:06.20      2.933280     9  17.20  17.30  42502.58901  0.0000000   14.9104     9.9534     0.0000   154.2436    -4.33      0.00221  0.0000000    0.0041     0.0075     0.0000     0.0073  11.06512015    2.4224161     0.000     0.000
followfeb16        geo-0001:sv1-20160209-U-31-1       57428.205941 16-FEB-10 04:56:33.30      1.100160     4  17.20  17.30  45708.48624  0.0000000    7.2505    57.2052     0.0000   107.0907   -45.36      0.00783  0.0000000    0.0044     0.1110     0.0000     0.1101  10.40364213    3.3027584     0.000     0.000
followfeb16        geo-0001:sv1-20160210-U-16-1       57429.020119 16-FEB-11 00:28:58.28      2.933280     8  18.20  18.30  43253.97445  0.0000000    6.3018    74.0980     0.0000    87.9357   -13.95      0.00415  0.0000000    0.0004     0.0751     0.0000     0.0747  11.05256806    2.3523706     0.000     0.000
followfeb16        geo-0001:sv1-20160210-U-21-1       57429.069539 16-FEB-11 01:40:08.16      3.300480    10  16.00  16.10  59353.74112  0.0000000    6.4611   106.9446     0.0000    59.1896  -220.02      0.01166  0.0000000    0.0083     0.1241     0.0000     0.1233  11.10565876    2.5359095     0.000     0.000
followfeb16        geo-0002:sv1-20160210-U-21-1       57429.070558 16-FEB-11 01:41:36.21      2.200320     6  17.80  17.90  49354.46177  0.0000000    8.0343    30.9679     0.0000   134.1807   -92.03      0.00765  0.0000000    0.0092     0.0670     0.0000     0.0664  11.09562285    2.3146878     0.000     0.000
followfeb16        geo-0001:sv1-20160210-U-23-1       57429.085789 16-FEB-11 02:03:32.16      1.100160     4  18.90  19.00  46250.90451  0.0000000    6.3781    40.6905     0.0000   123.8559   -52.31      0.01741  0.0000000    0.0180     0.2396     0.0000     0.2382  11.04208578    1.4608285     0.000     0.000
followfeb16        geo-0001:sv1-20160210-U-24-1       57429.089885 16-FEB-11 02:09:26.06      3.666240    11  17.50  17.60  50733.66632  0.0000000   21.8260   350.9092     0.0000   167.9926  -109.69      0.00162  0.0000000    0.0027     0.0015     0.0000     0.0014  10.40432149    1.0928623     0.000     0.000
followfeb16        geo-0001:sv1-20160210-U-29-1       57429.126356 16-FEB-11 03:01:57.15      2.933280     8  18.40  18.40  48946.43602  0.0000000    5.7960    83.9622     0.0000    79.1131   -86.81      0.01023  0.0000000    0.0033     0.1720     0.0000     0.1712  10.48462636    2.2627013     0.000     0.000
followfeb16        geo-0002:sv1-20160210-U-29-1       57429.127630 16-FEB-11 03:03:47.23      1.833120     6  17.20  17.30  44308.22452  0.0000000    5.8603    67.6766     0.0000    95.3295   -27.44      0.00967  0.0000000    0.0020     0.1826     0.0000     0.1817  10.48099463    2.1250401     0.000     0.000
followfeb16                                           57429.135986 16-FEB-11 03:15:49.19      2.933280     8   0.00   0.00  42506.05590  0.0000000   14.6941     3.1283     0.0000   165.3412    -4.37      0.00323  0.0000000    0.0064     0.0066     0.0000     0.0064   0.00000000    0.0000000     0.000     0.000
followfeb16        geo-0001:sv1-20160210-U-32-1       57429.143672 16-FEB-11 03:26:53.26      2.933280     9  16.00  16.10  43579.87390  0.0000000    5.9403    67.1369     0.0000   101.3313   -18.12      0.00565  0.0000000    0.0023     0.1056     0.0000     0.1050  11.09533446    2.0753455     0.000     0.000
followfeb16        geo-0002:sv1-20160210-U-32-1       57429.144435 16-FEB-11 03:27:59.18      2.566080     8  15.60  15.70  38369.56485  0.0000000    8.0037    38.1633     0.0000   130.2717    48.58      0.01911  0.0000000    0.0286     0.2393     0.0000     0.2369  11.09535007    1.5148597     0.000     0.000
follow_aiub2       geo-0001:sv1-20160210-U-33-1       57429.149441 16-FEB-11 03:35:11.70      0.732960     3  17.30  17.50  38373.47785  0.0000000    6.3117    50.4911     0.0000    70.7518    48.53      0.01941  0.0000000    0.0145     0.3751     0.0000     0.3729   7.34043959    1.3355466     0.000     0.000
followfeb16        geo-0001:sv1-20160210-U-35-1       57429.172329 16-FEB-11 04:08:09.22      1.467360     3  10.50  10.60  59812.54347  0.0000000    5.6306     4.2611     0.0000   124.2456  -225.89      0.04665  0.0000000    0.0371     0.5533     0.0000     0.5505   8.15255299    1.5104265     0.000     0.000
followfeb16        geo-0003:sv1-20160210-U-35-1       57429.173602 16-FEB-11 04:09:59.21      1.100160     3  16.90  17.00  38426.06253  0.0000000    6.3263    51.0068     0.0000    80.2585    47.85      0.01131  0.0000000    0.0044     0.2276     0.0000     0.2262   8.14463244    1.5239894     0.000     0.000
followfeb16        geo-0001:sv1-20160210-U-37-1       57429.188580 16-FEB-11 04:31:33.31      2.200320     7  17.40  17.50  65073.22997  0.0000000    4.7303    66.9218     0.0000    93.6744  -293.23      0.02086  0.0000000    0.0019     0.3183     0.0000     0.3172  10.31190350    2.1342470     0.000     0.000
followfeb16        geo-0001:sv1-20160210-U-38-1       57429.192677 16-FEB-11 04:37:27.29      2.200320     7  17.70  17.80  37183.10983  0.0000000   17.8932     0.0827     0.0000   165.7929    63.76      0.00792  0.0000000    0.0183     0.0154     0.0000     0.0145  10.48042519   -0.2237648     0.000     0.000
followfeb16        geo-0002:sv1-20160210-U-38-1       57429.192932 16-FEB-11 04:37:49.32      1.833120     6  17.20  17.30  47268.72201  0.0000000   17.6626   355.2358     0.0000   169.8254   -65.33      0.00492  0.0000000    0.0088     0.0054     0.0000     0.0050  10.47524650   -0.3909279     0.000     0.000
followfeb16        geo-0001:sv1-20160210-U-41-1       57429.206993 16-FEB-11 04:58:04.19      2.200320     6  17.40  17.50  36782.03355  0.0000000   17.9616     0.2585     0.0000   171.9385    68.90      0.00365  0.0000000    0.0087     0.0044     0.0000     0.0040  11.12364893   -2.3357317     0.000     0.000
followfeb16        geo-0001:sv1-20160210-U-4-1        57428.903649 16-FEB-10 21:41:15.27      2.566080     8  16.70  16.80  53458.80440  0.0000000   24.9977   336.3790     0.0000   151.3951  -144.57      0.00000  0.0000000    0.0000     0.0000     0.0000     0.0000   8.57533417    9.1129305     0.000     0.000
followfeb16        geo-0002:sv1-20160210-U-6-1        57428.931519 16-FEB-10 22:21:23.24      1.833120     5  17.80  17.80  49151.07997  0.0000000   17.5092   355.1613     0.0000   136.1791   -89.43      0.00382  0.0000000    0.0048     0.0151     0.0000     0.0144   9.07131519    9.2609571     0.000     0.000
followfeb16        geo-0001:sv1-20160211-U-13-1       57429.959039 16-FEB-11 23:01:00.96      3.666240    11  17.60  17.70  51933.70243  0.0000000    6.0060    29.9557     0.0000   133.4883  -125.05      0.00294  0.0000000    0.0033     0.0330     0.0000     0.0328  11.15454342    1.0551111     0.000     0.000
followfeb16        geo-0001:sv1-20160211-U-21-1       57430.134365 16-FEB-12 03:13:29.13      3.300480    10  18.20  18.30  43163.00458  0.0000000   14.6849   356.3816     0.0000   167.4606   -12.78      0.00299  0.0000000    0.0058     0.0051     0.0000     0.0050  10.51346009   -0.5835223     0.000     0.000
followfeb16        geo-0002:sv1-20160211-U-21-1       57430.134619 16-FEB-12 03:13:51.08      2.933280     8  18.10  18.20  60573.31900  0.0000000    3.4029   125.9664     0.0000    37.9944  -235.63      0.01095  0.0000000    0.0117     0.1545     0.0000     0.1543  10.51481397   -0.5009834     0.000     0.000
followfeb16        geo-0001:sv1-20160211-U-23-1       57430.151544 16-FEB-12 03:38:13.40      3.666240    11  17.10  17.20  60931.75668  0.0000000    3.4318   126.6100     0.0000    40.8798  -240.22      0.00328  0.0000000    0.0033     0.0485     0.0000     0.0484  11.04544614   -0.3900781     0.000     0.000
followfeb16        geo-0001:sv1-20160211-U-27-1       57430.192919 16-FEB-12 04:37:48.20      3.666240    11  19.30  19.40  48149.80827  0.0000000    4.0681    77.9011     0.0000    84.1452   -76.61      0.00521  0.0000000    0.0009     0.1289     0.0000     0.1285  10.32130705    0.3017834     0.000     0.000
followfeb16        geo-0001:sv1-20160211-U-31-1       57430.239609 16-FEB-12 05:45:02.21      1.100160     4  18.30  18.40  30917.42290  0.0000000    6.6913    81.6421     0.0000    83.2836   143.96      0.01968  0.0000000    0.0073     0.4807     0.0000     0.4773  10.25017730    1.1119498     0.000     0.000
followfeb16        geo-0001:sv1-20160211-U-32-1       57430.241669 16-FEB-12 05:48:00.20      3.666240    11  17.10  17.20  50830.66909  0.0000000   21.7936   350.7548     0.0000   171.2047  -110.93      0.00535  0.0000000    0.0089     0.0039     0.0000     0.0035  10.29358217   -0.0922181     0.000     0.000
followfeb16        geo-0002:sv1-20160211-U-32-1       57430.241669 16-FEB-12 05:48:00.20      2.567520     8  17.30  17.40  51341.86780  0.0000000   12.4678   357.3613     0.0000   165.0805  -117.47      0.01620  0.0000000    0.0260     0.0322     0.0000     0.0312  10.30402928   -0.1134240     0.000     0.000
followfeb16        geo-0001:sv1-20160211-U-33-1       57430.245769 16-FEB-12 05:53:54.44      0.732960     3  18.80  18.80  50803.10461  0.0000000   21.4817   350.8777     0.0000   172.2153  -110.57      0.03510  0.0000000    0.0586     0.0240     0.0000     0.0214  10.33401475   -0.3554328     0.000     0.000
followfeb16        geo-0002:sv1-20160211-U-33-1       57430.245769 16-FEB-12 05:53:54.44      1.833120     6  18.30  18.30  50580.98733  0.0000000   12.7884   357.3078     0.0000   166.3105  -107.73      0.01472  0.0000000    0.0241     0.0269     0.0000     0.0260  10.34555853   -0.2638544     0.000     0.000
followfeb16        geo-0003:sv1-20160211-U-33-1       57430.247806 16-FEB-12 05:56:50.43      0.732960     3  13.30  13.30  43031.31835  0.0000000   15.7472   358.0464     0.0000   166.0855   -11.10      0.01133  0.0000000    0.0221     0.0209     0.0000     0.0198  10.33407113   -0.1754265     0.000     0.000
followfeb16        geo-0001:sv1-20160211-U-34-1       57430.250374 16-FEB-12 06:00:32.31      1.467360     5  17.00  17.10  29107.85105  0.0000000    7.0410    80.5122     0.0000    91.3545   167.13      0.01590  0.0000000    0.0034     0.3991     0.0000     0.3960  10.52108697    1.1541774     0.000     0.000
followfeb16        geo-0002:sv1-20160211-U-34-1       57430.250628 16-FEB-12 06:00:54.25      2.566080     5  20.30  20.40  39621.73456  0.0000000    6.2371    51.7719     0.0000   117.5425    32.55      0.02495  0.0000000    0.0256     0.4448     0.0000     0.4420  10.51558904    1.1710263     0.000     0.000
followfeb16        geo-0001:sv1-20160211-U-35-1       57430.253961 16-FEB-12 06:05:42.23      3.666240    10  17.40  17.50  50761.85983  0.0000000   21.7754   350.7848     0.0000   174.5457  -110.05      0.00594  0.0000000    0.0100     0.0029     0.0000     0.0025  10.41474008   -1.2848484     0.000     0.000
followfeb16        geo-0003:sv1-20160211-U-36-1       57430.258565 16-FEB-12 06:12:20.01      2.200320     5  14.50  18.20  39780.30033  0.0000000    6.1857    52.3864     0.0000   120.0413    30.52      0.00476  0.0000000    0.0053     0.0831     0.0000     0.0826  11.04373958    1.0641935     0.000     0.000
follow_aiub2       geo-0001:sv1-20160211-U-3-1        57429.876762 16-FEB-11 21:02:32.23      1.833120     5  12.10  12.80  40269.13675  0.0000000   63.6443   309.6881     0.0000   110.6819    24.26      0.01757  0.0000000    0.0139     0.0401     0.0000     0.0178   5.20012598   62.0143296     0.000     0.000
follow_aiub2       geo-0001:sv1-20160211-U-6-1        57429.906148 16-FEB-11 21:44:51.18      2.200320     6  17.50  18.10  42370.25128  0.0000000    6.5046   316.4102     0.0000   123.7230    -2.63      0.00174  0.0000000    0.0020     0.0260     0.0000     0.0258   5.14472482    1.3219039     0.000     0.000
followfeb16        geo-0001:sv1-20160211-U-9-1        57429.916911 16-FEB-11 22:00:21.11      2.566080     8  17.30  17.90  42383.05648  0.0000000    6.5059   316.3786     0.0000   127.6105    -2.80      0.00182  0.0000000    0.0023     0.0258     0.0000     0.0256   5.30141549    1.1435838     0.000     0.000
followfeb16        geo-0001:sv1-20160216-U-10-1       57435.033556 16-FEB-17 00:48:19.23      2.933280     9  16.00  16.10  48566.88074  0.0000000    9.3246   337.1025     0.0000   190.3118   -81.95      0.01451  0.0000000    0.0248     0.0293     0.0000     0.0292  11.21514429   -5.4758417     0.000     0.000
followfeb16        geo-0002:sv1-20160216-U-10-1       57435.033810 16-FEB-17 00:48:41.18      2.200320     6  15.60  15.80  44634.49849  0.0000000    1.3520   267.4297     0.0000   259.5211   -31.62      0.00181  0.0000000    0.0006     0.1441     0.0000     0.1441  11.21345936   -5.5017406     0.000     0.000
followfeb16        geo-0003:sv1-20160216-U-10-1       57435.035847 16-FEB-17 00:51:37.18      0.732960     3  11.00  11.10  59831.80169  0.0000000    3.9852   208.5051     0.0000   319.3045  -226.14      0.03129  0.0000000    0.0327     0.4038     0.0000     0.4027  11.21332659   -5.5815114     0.000     0.000
followfeb16        geo-0001:sv1-20160216-U-12-1       57435.042257 16-FEB-17 01:00:51.00      2.566080     8  16.40  16.60  41065.68662  0.0000000    3.3834   321.5587     0.0000   213.5489    14.06      0.00420  0.0000000    0.0073     0.0834     0.0000     0.0833  11.58044639   -6.5024367     0.000     0.000
followfeb16        geo-0001:sv1-20160216-U-13-1       57435.046608 16-FEB-17 01:07:06.93      2.200320     5  16.50  16.60  44736.46706  0.0000000    1.3652   268.3003     0.0000   262.8929   -32.92      0.00000  0.0000000    0.0000     0.0000     0.0000     0.0000  11.38195108   -5.5128883     0.000     0.000
followfeb16        geo-0001:sv1-20160216-U-16-1       57435.097805 16-FEB-17 02:20:50.35      1.833120     6  15.60  16.10  46879.68298  0.0000000    7.1258    24.3985     0.0000   180.1284   -60.35      0.00553  0.0000000    0.0100     0.0033     0.0000     0.0039  13.57190802   -4.0326424     0.000     0.000
followfeb16        geo-0001:sv1-20160216-U-18-1       57435.123894 16-FEB-17 02:58:24.44      2.933280     9  15.40  16.10  45188.92712  0.0000000    8.8390    26.0899     0.0000   186.4449   -38.71      0.00980  0.0000000    0.0183     0.0150     0.0000     0.0153  14.29152076   -5.1803572     0.000     0.000
followfeb16        geo-0001:sv1-20160216-U-25-1       57435.255607 16-FEB-17 06:08:04.44      2.200320     7  14.80  16.90  35558.83035  0.0000000    5.9987    74.5811     0.0000   182.9253    84.55      0.00226  0.0000000    0.0055     0.0043     0.0000     0.0046  17.33599698   -5.5213383     0.000     0.000
followfeb16        geo-0001:sv1-20160216-U-8-1        57435.025870 16-FEB-17 00:37:15.16      1.100160     3  18.50  18.70  41014.28093  0.0000000    8.9211   343.3503     0.0000   186.6305    14.72      0.01616  0.0000000    0.0337     0.0277     0.0000     0.0282  11.37502016   -5.5341608     0.000     0.000
followfeb16        geo-0002:sv1-20160216-U-8-1        57435.027144 16-FEB-17 00:39:05.24      1.467360     4  18.70  18.90  44847.85522  0.0000000    2.9828   317.8785     0.0000   212.4394   -34.35      0.00266  0.0000000    0.0043     0.0524     0.0000     0.0524  11.37354163   -6.0414438     0.000     0.000
followfeb16        geo-0001:sv1-20160216-U-9-1        57435.029713 16-FEB-17 00:42:47.20      2.566080     8  17.20  17.40  41190.33826  0.0000000    3.4267   321.7448     0.0000   208.6769    12.47      0.00619  0.0000000    0.0113     0.1054     0.0000     0.1053  11.39121336   -6.3419222     0.000     0.000
followfeb16        geo-0002:sv1-20160216-U-9-1        57435.031750 16-FEB-17 00:45:43.20      0.732960     3  15.40  15.60  39233.97575  0.0000000   16.3743   344.5053     0.0000   185.9944    37.51      0.01216  0.0000000    0.0267     0.0108     0.0000     0.0112  11.39156901   -6.5422850     0.000     0.000
followfeb16                                           57435.962063 16-FEB-17 23:05:22.24      2.200320     7   0.00   0.00  37729.56710  0.0000000    2.0603   234.4452     0.0000   205.8289    56.77      0.00171  0.0000000    0.0035     0.0486     0.0000     0.0486   0.00000000    0.0000000     0.000     0.000
followfeb16        geo-0001:sv1-20160217-U-13-1       57435.973208 16-FEB-17 23:21:25.17      2.566080     8  16.40  17.50  40503.02375  0.0000000    0.6807   323.4415     0.0000   110.4715    21.27      0.00357  0.0000000    0.0027     0.5967     0.0000     0.5966   4.30032148   -3.5810798     0.000     0.000
followfeb16        geo-0001:sv1-20160217-U-14-1       57435.977306 16-FEB-17 23:27:19.23      2.200320     7  12.00  13.10  42175.33259  0.0000000    1.0023   244.3182     0.0000   186.6778    -0.14      0.00332  0.0000000    0.0067     0.0508     0.0000     0.0507   4.18025407   -4.3300628     0.000     0.000
followfeb16        geo-0002:sv1-20160217-U-15-1       57435.981912 16-FEB-17 23:33:57.19      2.200320     7  16.70  17.60  40603.11937  0.0000000    0.6681   323.6107     0.0000   113.6193    19.99      0.00291  0.0000000    0.0025     0.4845     0.0000     0.4845   4.43272778   -3.5914328     0.000     0.000
followfeb16        geo-0002:sv1-20160217-U-16-1       57435.985500 16-FEB-17 23:39:07.20      2.566080     8  11.20  12.30  42170.34620  0.0000000    0.9919   244.3629     0.0000   189.5916    -0.07      0.00381  0.0000000    0.0076     0.0803     0.0000     0.0801   4.29523280   -4.3613508     0.000     0.000
followfeb16        geo-0001:sv1-20160217-U-6-1        57435.944066 16-FEB-17 22:39:27.30      2.566080     8  13.50  14.60  37578.30739  0.0000000    2.0808   235.2118     0.0000   197.3836    58.70      0.00167  0.0000000    0.0037     0.0331     0.0000     0.0330   4.26338494   -5.5125297     0.000     0.000
followfeb16        geo-0001:sv1-20160217-U-8-1        57435.953868 16-FEB-17 22:53:34.19      2.566080     8  14.70  16.00  40228.16756  0.0000000    0.7103   323.7307     0.0000   102.7681    24.79      0.00125  0.0000000    0.0006     0.2099     0.0000     0.2098   4.00026307   -3.5619516     0.000     0.000
followfeb16        geo-0002:sv1-20160217-U-9-1        57435.957711 16-FEB-17 22:59:06.23      2.566080     8  12.10  13.40  42169.77088  0.0000000    1.0053   244.0872     0.0000   179.8363    -0.07      0.00190  0.0000000    0.0039     0.0118     0.0000     0.0115   3.49451110   -4.2515349     0.000     0.000
followmar16        geo-0001:sv1-20160309-U-18-1       57457.049727 16-MAR-10 01:11:36.41      3.666240     9  18.30  18.40  52482.54437  0.0000000   18.9067   349.5606     0.0000   203.9639  -132.07      0.00679  0.0000000    0.0098     0.0137     0.0000     0.0130  13.00128628  -11.5638857     6.316    -7.563
followmar16        geo-0001:sv1-20160309-U-22-1       57457.094527 16-MAR-10 02:16:07.13      0.367200     2  10.60  10.80  24863.46628  0.0000000    9.4738    13.1103     0.0000   182.7392   221.45      0.00000  0.0000000    0.0000     0.0000     0.0000     0.0000  13.15086317   -9.2502862    -6.411    -0.451
followmar16        geo-0001:sv1-20160309-U-24-1       57457.114345 16-MAR-10 02:44:39.40      2.200320     7  17.20  17.30  42423.35379  0.0000000    6.7484   318.4739     0.0000   231.3437    -3.31      0.00813  0.0000000    0.0102     0.1098     0.0000     0.1090  12.36374320  -10.4044596   -19.754    -5.265
followmar16        geo-0002:sv1-20160309-U-24-1       57457.115363 16-MAR-10 02:46:07.36      1.100160     4  15.60  15.70  47898.60713  0.0000000   26.0940   202.4925     0.0000   345.7806   -73.40      0.01175  0.0000000    0.0202     0.0117     0.0000     0.0106  12.36532282  -11.0156633   -20.073    -6.202
followmar16        geo-0001:sv1-20160309-U-26-1       57457.131219 16-MAR-10 03:08:57.32      2.200320     7  14.50  14.60  34883.29413  0.0000000   17.5964     3.5562     0.0000   192.3236    93.20      0.02717  0.0000000    0.0677     0.0526     0.0000     0.0506  12.58379232  -10.1319593   -20.149    -3.699
followmar16        geo-0002:sv1-20160309-U-26-1       57457.131219 16-MAR-10 03:08:57.32      3.300480    10  17.30  17.40  46913.46111  0.0000000    7.1192   323.4784     0.0000   231.8895   -60.79      0.00441  0.0000000    0.0049     0.0507     0.0000     0.0503  12.58379834  -10.2801296   -20.317    -5.596
followmar16        geo-0003:sv1-20160309-U-26-1       57457.132492 16-MAR-10 03:10:47.30      1.833120     4  18.80  18.90  43389.43107  0.0000000   30.7534     6.9992     0.0000   189.8047   -15.68      0.04625  0.0000000    0.0909     0.0324     0.0000     0.0286  12.59317753  -10.1408053   -20.482    -4.995
followmar16        geo-0001:sv1-20160309-U-28-1       57457.150060 16-MAR-10 03:36:05.18      3.666240    11  16.70  16.80  42919.19959  0.0000000   30.7768     7.1253     0.0000   195.7862    -9.66      0.00361  0.0000000    0.0070     0.0040     0.0000     0.0035  13.20116450  -13.4122270   -21.492    -8.002
followmar16        geo-0001:sv1-20160309-U-9-1        57456.969169 16-MAR-09 23:15:36.20      0.732960     3  19.30  19.40  50514.81827  0.0000000   11.5338    43.4144     0.0000   133.2101  -106.88      0.01626  0.0000000    0.0186     0.0990     0.0000     0.0971  12.05497865    5.2641628    20.237     8.380
followmar16        geo-0001:sv1-20160310-U-13-1       57458.022157 16-MAR-11 00:31:54.36      1.833120     4  16.70  16.90  42202.37986  0.0000000   32.1469     4.0574     0.0000   193.5089    -0.48      0.01180  0.0000000    0.0233     0.0107     0.0000     0.0094  13.22045649  -12.2649010    18.470    -7.140
followmar16        geo-0002:sv1-20160310-U-13-1       57458.022157 16-MAR-11 00:31:54.36      2.933280     9  16.80  17.00  46307.33925  0.0000000    7.9469   303.9226     0.0000   252.0723   -53.03      0.00260  0.0000000    0.0014     0.0327     0.0000     0.0324  13.21223065  -12.2319123    18.748    -7.559
followmar16        geo-0001:sv1-20160310-U-14-1       57458.025743 16-MAR-11 00:37:04.19      4.033440    12  18.00  18.10  53273.99444  0.0000000   20.1597   348.0268     0.0000   207.8575  -142.20      0.00273  0.0000000    0.0038     0.0059     0.0000     0.0055  13.12119983  -13.3535163    16.036    -9.267
followmar16        geo-0001:sv1-20160310-U-17-1       57458.058324 16-MAR-11 01:23:59.19      2.933280     7  17.00  17.40  42613.26942  0.0000000   32.0115     3.9429     0.0000   206.6107    -5.74      0.00380  0.0000000    0.0068     0.0065     0.0000     0.0056  14.07099886  -19.3711171    16.819   -13.736
followmar16        geo-0001:sv1-20160310-U-34-1       57458.257583 16-MAR-11 06:10:55.17      3.300480    10  18.00  18.10  46935.41885  0.0000000   17.6991   346.0588     0.0000   210.3762   -61.07      0.00272  0.0000000    0.0042     0.0083     0.0000     0.0079  12.37544269  -13.2246253   -66.833    -8.843
followmar16        geo-0001:sv1-20160310-U-9-1        57457.974274 16-MAR-10 23:22:57.27      3.300480     9  18.90  18.90  45865.61937  0.0000000   12.6646    38.2899     0.0000   140.1546   -47.37      0.00286  0.0000000    0.0041     0.0155     0.0000     0.0151  12.15037487    4.4647784    19.337     8.075
followmar16        geo-0001:sv1-20160311-U-16-1       57459.078395 16-MAR-12 01:52:53.32      2.933280     9  17.00  17.10  40819.79097  0.0000000    7.9661   301.2235     0.0000   254.6614    17.21      0.00145  0.0000000    0.0008     0.0212     0.0000     0.0210  13.11549726  -13.3540132    -2.629    -7.681
followmar16        geo-0003:sv1-20160311-U-16-1       57459.079668 16-MAR-12 01:54:43.31      1.100160     4  15.90  16.00  58175.28700  0.0000000   11.6370   251.7531     0.0000   304.1545  -204.94      0.01111  0.0000000    0.0088     0.0641     0.0000     0.0628  13.11595583  -13.4607442    -2.368    -9.609
followmar16        geo-0004:sv1-20160311-U-16-1       57459.079668 16-MAR-12 01:54:43.31      1.100160     4  18.10  18.20  49227.71126  0.0000000   24.6016   357.2817     0.0000   200.6236   -90.41      0.00000  0.0000000    0.0000     0.0000     0.0000     0.0000  13.11548882  -13.1827120    -2.659    -8.432
followmar16        geo-0001:sv1-20160311-U-19-1       57459.100188 16-MAR-12 02:24:16.24      4.033440    11  16.60  16.80  49156.91893  0.0000000   24.4623   357.1895     0.0000   206.5840   -89.50      0.00179  0.0000000    0.0027     0.0034     0.0000     0.0031  13.33023898  -15.4823055    -4.560   -10.679
followmar16        geo-0001:sv1-20160311-U-26-1       57459.136750 16-MAR-12 03:16:55.20      4.033440    12  19.00  19.00  64097.34059  0.0000000   10.8656   305.9522     0.0000   245.4646  -280.74      0.01175  0.0000000    0.0061     0.0717     0.0000     0.0704  12.39334386  -13.3916153   -28.414    -9.874
followmar16        geo-0001:sv1-20160311-U-27-1       57459.141356 16-MAR-12 03:23:33.15      2.566080     8  16.60  16.70  41317.98787  0.0000000    9.5594   311.2438     0.0000   244.2683    10.84      0.00121  0.0000000    0.0011     0.0137     0.0000     0.0135  12.54573803  -14.3540570   -25.902    -8.604
follow_aiub2       geo-0003:sv1-20160311-U-28-1       57459.145454 16-MAR-12 03:29:27.22      1.467360     5  15.80  16.90  34596.08321  0.0000000    4.4754   237.6184     0.0000    12.1516    96.88      0.01710  0.0000000    0.0423     0.1258     0.0000     0.1243  17.07591126   -4.3238452   -26.556    -8.882
followmar16        geo-0002:sv1-20160311-U-32-1       57459.192110 16-MAR-12 04:36:38.30      0.367200     2  17.90  18.00  44079.58447  0.0000000    9.6826   314.5978     0.0000   240.3305   -24.51      0.00000  0.0000000    0.0000     0.0000     0.0000     0.0000  12.42355746  -13.4253319   -44.848    -8.403
followmar16        geo-0001:sv1-20160311-U-33-1       57459.196207 16-MAR-12 04:42:32.28      3.666240    11  18.70  18.80  65729.96573  0.0000000   29.2512   347.7271     0.0000   206.1845  -301.64      0.00000  0.0000000    0.0000     0.0000     0.0000     0.0000  12.31554847  -16.0537993   -49.952   -12.452
followmar16        geo-0002:sv1-20160311-U-33-1       57459.197990 16-MAR-12 04:45:06.33      1.100160     4  16.70  16.80  49319.64725  0.0000000   19.4265   338.7728     0.0000   214.9983   -91.59      0.01058  0.0000000    0.0148     0.0312     0.0000     0.0294  12.32575405  -15.5014121   -49.334   -10.997
followmar16        geo-0001:sv1-20160311-U-34-1       57459.200559 16-MAR-12 04:48:48.29      0.732960     3  11.30  17.10  40237.58249  0.0000000   10.9214   316.8064     0.0000   243.6871    24.66      0.00271  0.0000000    0.0026     0.0274     0.0000     0.0269  13.04104367  -15.5109238   -42.396    -9.778
followmar16        geo-0002:sv1-20160311-U-34-1       57459.201323 16-MAR-12 04:49:54.30      0.732960     3  12.10  18.00  41827.18903  0.0000000   13.5211   334.1921     0.0000   226.2296     4.32      0.00511  0.0000000    0.0073     0.0324     0.0000     0.0315  13.02387601  -15.3108737   -43.130    -9.720
followmar16        geo-0001:sv1-20160311-U-36-1       57459.219124 16-MAR-12 05:15:32.31      2.200320     5  16.30  16.50  40138.57846  0.0000000   10.8758   316.5047     0.0000   251.1931    25.93      0.00397  0.0000000    0.0028     0.0427     0.0000     0.0419  13.33390983  -16.2651228   -41.794   -10.289
followmar16        geo-0003:sv1-20160311-U-36-1       57459.219378 16-MAR-12 05:15:54.25      0.367200     2  18.60  18.80  45298.95452  0.0000000   12.3879   321.4574     0.0000   246.1390   -40.12      0.00000  0.0000000    0.0000     0.0000     0.0000     0.0000  13.34180942  -16.4750374   -42.171   -11.314
followmar16        geo-0003:sv1-20160311-U-38-1       57459.239597 16-MAR-12 05:45:01.18      1.833120     4  18.30  18.50  41566.59629  0.0000000   12.7107   332.9587     0.0000   241.5068     7.65      0.01061  0.0000000    0.0104     0.0873     0.0000     0.0852  13.59403118  -17.0841426   -42.698   -11.150
followjun16        geo-0001:sv1-20160605-U-13-1       57545.000306 16-JUN-06 00:00:26.43      4.033440    10  18.70  18.70  70653.47050  0.0000000    9.6542   312.8533     0.0000   295.5524  -364.66      0.00599  0.0000000    0.0030     0.0364     0.0000     0.0359  16.38320162  -12.0131298    -6.223    -8.702
followjun16        geo-0002:sv1-20160605-U-13-1       57545.001070 16-JUN-06 00:01:32.44      1.833120     3  20.30  20.30  79953.25466  0.0000000   11.0797    14.4656     0.0000   235.2446  -483.70      0.07564  0.0000000    0.0426     0.3195     0.0000     0.3135  16.40034132  -12.0110759    -6.020    -9.084
followjun16        geo-0001:sv1-20160605-U-20-1       57545.080453 16-JUN-06 01:55:51.13      3.300480     9  17.70  17.70  44587.60295  0.0000000    6.7276   324.0681     0.0000   286.6122   -31.02      0.00068  0.0000000    0.0004     0.0106     0.0000     0.0105  16.33480672  -11.3734097     0.000     0.000
followjun16        geo-0001:sv1-20160605-U-21-1       57545.085938 16-JUN-06 02:03:45.04      3.300480     9  17.30  17.30  49439.27832  0.0000000   59.0774    60.2039     0.0000   193.3085   -93.12      0.00561  0.0000000    0.0096     0.0027     0.0000     0.0015  16.17216877  -16.2544975   -38.725   -11.389
followjun16        geo-0001:sv1-20160605-U-25-1       57545.132537 16-JUN-06 03:10:51.19      2.566080     8  20.00  20.00  42130.29722  0.0000000   25.6198   257.5017     0.0000   352.7645     0.44      0.00620  0.0000000    0.0125     0.0036     0.0000     0.0035  16.24109569   -8.0117205   -51.710    -3.122
followjun16        geo-0001:sv1-20160605-U-26-1       57545.136123 16-JUN-06 03:16:01.02      2.933280     9  17.90  17.90  46812.91385  0.0000000    6.8159   336.4746     0.0000   270.1139   -59.50      0.00498  0.0000000    0.0005     0.0757     0.0000     0.0752  16.06296240  -11.2510990   -57.387    -6.816
followjun16        geo-0002:sv1-20160605-U-29-1       57545.167965 16-JUN-06 04:01:52.17      2.933280     9  17.40  17.50  46791.70406  0.0000000   15.2486    42.1937     0.0000   208.3420   -59.23      0.00395  0.0000000    0.0063     0.0131     0.0000     0.0126  16.16012489  -11.3807971   -65.784    -7.173
followjun16        geo-0003:sv1-20160605-U-31-1       57545.206229 16-JUN-06 04:56:58.18      2.566080     7  19.10  19.40  42461.37993  0.0000000   14.5517     9.3463     0.0000   294.4177    -3.80      0.00361  0.0000000    0.0031     0.0261     0.0000     0.0253  20.12482923  -19.3358639   -26.256    -8.857
followjun16        geo-0001:sv1-20160605-U-7-1        57544.949357 16-JUN-05 22:47:04.44      3.300480    10  17.60  17.70  44611.28806  0.0000000    7.5480   304.9616     0.0000   305.8766   -31.32      0.00380  0.0000000    0.0043     0.0445     0.0000     0.0440  17.01082673  -11.0426359    14.519    -6.110
followjun16        geo-0001:sv1-20160606-U-13-1       57545.986777 16-JUN-06 23:40:57.53      3.300480    10  18.20  18.20  52520.46334  0.0000000   13.9690    29.7388     0.0000   224.5577  -132.56      0.00644  0.0000000    0.0072     0.0298     0.0000     0.0289  17.02479343  -14.2202624     2.387    -9.751
followjun16        geo-0001:sv1-20160606-U-19-1       57546.057131 16-JUN-07 01:22:16.11      1.100160     3  18.00  18.00  41667.80089  0.0000000    8.9197   341.6017     0.0000   269.2487     6.36      0.02800  0.0000000    0.0041     0.3713     0.0000     0.3668  16.37448455  -14.5308647   -25.606    -8.919
followjun16        geo-0001:sv1-20160606-U-21-1       57546.065832 16-JUN-07 01:34:47.88      2.933280     9  16.20  16.20  47729.27925  0.0000000   12.7697   311.2475     0.0000   303.5337   -71.23      0.01636  0.0000000    0.0161     0.1082     0.0000     0.1055  16.57436856  -15.5554706   -24.143   -10.617
followjun16        geo-0002:sv1-20160606-U-22-1       57546.070186 16-JUN-07 01:41:04.07      2.566080     8  18.60  18.60  42357.06406  0.0000000    9.0155   341.8371     0.0000   273.7412    -2.46      0.00933  0.0000000    0.0019     0.1198     0.0000     0.1183  16.57016197  -14.5145800   -25.535    -8.996
followjun16        geo-0001:sv1-20160606-U-25-1       57546.101297 16-JUN-07 02:25:52.06      3.666240    11  18.90  18.90  53101.11638  0.0000000    9.0506   342.4296     0.0000   266.8330  -139.99      0.00340  0.0000000    0.0004     0.0337     0.0000     0.0333  16.24464960  -13.2628605   -43.168    -9.037
followjun16        geo-0001:sv1-20160606-U-28-1       57546.144481 16-JUN-07 03:28:03.15      3.300480     9  19.20  19.20  62453.19600  0.0000000    9.3574   324.6614     0.0000   285.9277  -259.70      0.00395  0.0000000    0.0015     0.0307     0.0000     0.0303  16.28362992  -12.3052172   -57.186    -8.995
followjun16        geo-0001:sv1-20160606-U-30-1       57546.162428 16-JUN-07 03:53:53.77      3.300480     9  18.00  18.00  49927.74555  0.0000000   23.3667    45.9140     0.0000   206.7611   -99.37      0.00202  0.0000000    0.0030     0.0039     0.0000     0.0036  16.22150389  -14.4109815   -63.703   -10.287
followjun16        geo-0002:sv1-20160606-U-30-1       57546.163956 16-JUN-07 03:56:05.79      1.100160     4  17.10  17.20  59155.77970  0.0000000   62.3362    64.7236     0.0000   192.1910  -217.49      0.02380  0.0000000    0.0335     0.0085     0.0000     0.0041  16.24146964  -14.2819843   -64.558   -10.780
followjun16        geo-0001:sv1-20160606-U-7-1        57545.936336 16-JUN-06 22:28:19.43      3.666240    11  17.60  17.60  60248.21512  0.0000000   29.4094    49.0814     0.0000   202.9128  -231.47      0.00774  0.0000000    0.0098     0.0086     0.0000     0.0075  16.50060580  -14.5531052    16.454   -11.022
followjun16        geo-0002:sv1-20160607-U-16-1       57547.045560 16-JUN-08 01:05:36.38      0.367200     2  20.20  20.20  75727.28435  0.0000000   27.7890    49.7818     0.0000   203.5996  -429.60      0.00000  0.0000000    0.0000     0.0000     0.0000     0.0000  16.41480879  -13.5926255   -22.343   -10.757
followjun16        geo-0001:sv1-20160607-U-16-1       57547.046070 16-JUN-08 01:06:20.44      2.933280     9  17.60  17.60  49233.50424  0.0000000    9.3560   334.1220     0.0000   276.3425   -90.48      0.00439  0.0000000    0.0010     0.0456     0.0000     0.0450  16.38570744  -14.1812033   -22.890    -9.298
followjun16        geo-0001:sv1-20160607-U-19-1       57547.056566 16-JUN-08 01:21:27.30      2.566080     7  17.60  17.60  42600.31001  0.0000000   12.8567   286.8834     0.0000   322.1440    -5.58      0.00000  0.0000000    0.0000     0.0000     0.0000     0.0000  16.32193376  -13.3126552   -27.499    -7.848
followjun16        geo-0001:sv1-20160607-U-20-1       57547.060153 16-JUN-08 01:26:37.21      1.100160     3  13.70  20.70  47631.00554  0.0000000   10.6566   325.9929     0.0000   287.2122   -69.97      0.03314  0.0000000    0.0177     0.3016     0.0000     0.2964  16.49252633  -15.2656691   -25.034   -10.174
followjun16        geo-0001:sv1-20160607-U-22-1       57547.080153 16-JUN-08 01:55:25.21      2.933280     7  18.40  18.40  49230.31616  0.0000000   10.8779   325.2251     0.0000   293.8203   -90.44      0.00658  0.0000000    0.0046     0.0541     0.0000     0.0531  17.12420590  -14.5940437   -26.311    -9.941
followjun16        geo-0002:sv1-20160607-U-29-1       57547.171935 16-JUN-08 04:07:35.18      0.367200     2  20.00  20.00  69670.96703  0.0000000   26.9619    51.2906     0.0000   199.2275  -352.08      0.00000  0.0000000    0.0000     0.0000     0.0000     0.0000  16.18255635  -11.3147733   -70.316    -8.587
followjun16        geo-0001:sv1-20160607-U-29-1       57547.173718 16-JUN-08 04:10:09.23      1.100160     3  19.80  19.90  70414.85017  0.0000000   18.5198   276.7296     0.0000   329.8981  -361.60      0.00000  0.0000000    0.0000     0.0000     0.0000     0.0000  16.15503064  -12.0449066   -71.587    -9.167
follow_aiub2       geo-0002:sv1-20160607-U-2-1        57546.892201 16-JUN-07 21:24:46.16      1.833120     6  11.60  11.60  42222.14129  0.0000000    4.1291   323.7026     0.0000   274.5876    -0.74      0.00406  0.0000000    0.0008     0.1138     0.0000     0.1135  16.13475449   -9.0525622    20.407    -4.116
follow_aiub2       geo-0002:sv1-20160607-U-4-1        57546.898107 16-JUN-07 21:33:16.44      0.367200     2  12.40  13.10  48761.35281  0.0000000   33.0581     8.7749     0.0000   180.9721   -84.44      0.00000  0.0000000    0.0000     0.0000     0.0000     0.0000  12.31179780   -4.3428590   -30.437    -0.530
followjun16        geo-0001:sv1-20160607-U-5-1        57546.901682 16-JUN-07 21:38:25.32      2.566080     7  11.50  11.50  42205.10870  0.0000000    4.1308   322.7599     0.0000   278.9469    -0.52      0.00626  0.0000000    0.0022     0.1738     0.0000     0.1734  16.27307112   -9.0312157    20.412    -4.080
followsep16        geo-0001:sv1-20160903-U-20-1       57635.122482 16-SEP-04 02:56:22.44      2.200320     4  19.60  19.70  55289.20114  0.0000000    6.9290    86.4701     0.0000   276.1694  -168.00      0.00287  0.0000000    0.0005     0.0352     0.0000     0.0350   0.06566252  -11.0244633   -25.075    -6.889
follow_aiub2       geo-0002:sv1-20160904-U-17-1       57636.046067 16-SEP-05 01:06:20.18      1.833120     6  11.00  11.70  38859.15335  0.0000000   12.5349   318.2875     0.0000    81.0322    42.31      0.00221  0.0000000    0.0008     0.0226     0.0000     0.0220   3.06332262    8.3943091    37.943    12.379
followoct16        geo-0001:sv1-20161031-U-15-1       57693.107294 16-NOV-01 02:34:30.20      3.300480     9  14.20  18.30  60006.04842  0.0000000   11.4367     7.8848     0.0000    47.0964  -228.37      0.01037  0.0000000    0.0096     0.0528     0.0000     0.0517   3.34110568    6.0335899   -25.037     8.351
followoct16        geo-0001:sv1-20161031-U-23-1       57693.178057 16-NOV-01 04:16:24.12      3.300480    10  18.30  18.40  47200.25274  0.0000000    9.8591   341.6252     0.0000    73.8455   -64.46      0.00234  0.0000000    0.0011     0.0237     0.0000     0.0234   3.24140404    6.2804269   -49.748     9.466
followoct16        geo-0001:sv1-20161031-U-7-1        57693.043917 16-NOV-01 01:03:14.42      2.200320     7  17.30  17.40  41336.78521  0.0000000    8.7831   305.0134     0.0000   112.8203    10.59      0.00431  0.0000000    0.0036     0.0545     0.0000     0.0539   4.03391409    4.3121010     1.510     8.091
followoct16        geo-0001:sv1-20161031-U-8-1        57693.047505 16-NOV-01 01:08:24.43      2.566080     7  18.20  18.30  50881.77969  0.0000000    8.7343   338.5073     0.0000    77.2597  -111.58      0.00564  0.0000000    0.0020     0.0600     0.0000     0.0593   3.49413796    5.4609356    -2.239     8.518
followoct16        geo-0001:sv1-20161101-U-10-1       57693.948199 16-NOV-01 22:45:24.39      2.933280     5  18.10  18.20  44302.80954  0.0000000    7.6695   301.5401     0.0000   114.1300   -27.37      0.00493  0.0000000    0.0040     0.0649     0.0000     0.0643   4.07426343    3.2303073    32.863     6.996
followoct16        geo-0001:sv1-20161101-U-11-1       57693.952039 16-NOV-01 22:50:56.16      0.732960     3  18.70  18.70  56055.87077  0.0000000    7.4115   290.5127     0.0000   123.6139  -177.81      0.02193  0.0000000    0.0182     0.2119     0.0000     0.2102   3.55268365    3.1933346    29.963     6.167
followoct16        geo-0001:sv1-20161101-U-16-1       57694.006579 16-NOV-02 00:09:28.42      2.566080     8  17.70  17.80  48723.45320  0.0000000   25.8967    35.7962     0.0000    23.2384   -83.95      0.00833  0.0000000    0.0135     0.0136     0.0000     0.0122   4.02250965    7.0721763    12.843     9.923
followoct16        geo-0001:sv1-20161103-U-10-1       57696.148602 16-NOV-04 03:33:59.21      2.933280     8  18.50  18.60  44972.19747  0.0000000    4.5505   324.9210     0.0000    91.0086   -35.94      0.00173  0.0000000    0.0002     0.0414     0.0000     0.0412   3.30141603    0.4832817   -41.381     4.550
followoct16        geo-0001:sv1-20161103-U-13-1       57696.177007 16-NOV-04 04:14:53.40      2.933280     8  16.40  18.80  41885.26190  0.0000000    5.6815   313.9346     0.0000   102.0048     3.57      0.00512  0.0000000    0.0023     0.1041     0.0000     0.1036   3.24122220    1.3651216   -51.570     5.557
followoct16        geo-0001:sv1-20161103-U-15-1       57696.184435 16-NOV-04 04:25:35.18      1.833120     6  17.80  17.90  49212.65507  0.0000000    9.6077   252.1596     0.0000   161.6692   -90.22      0.01780  0.0000000    0.0292     0.0582     0.0000     0.0572   3.18034528   -0.3228772   -56.180     3.009
followoct16        geo-0001:sv1-20161103-U-16-1       57696.188024 16-NOV-04 04:30:45.27      4.032000    11  18.00  18.00  68541.30550  0.0000000    4.2691     3.5323     0.0000    47.5276  -337.62      0.01039  0.0000000    0.0084     0.1242     0.0000     0.1239   3.10054035    0.4016380   -60.564     3.148
follownov16        geo-0001:sv1-20161130-U-13-1       57722.961219 16-NOV-30 23:04:09.32      1.467360     5  12.60  12.70  42025.28602  0.0000000   10.3074   312.3942     0.0000   113.0267     1.78      0.00342  0.0000000    0.0028     0.0361     0.0000     0.0355   4.38398372    6.0756429     9.475     9.478
follownov16        geo-0002:sv1-20161130-U-13-1       57722.961728 16-NOV-30 23:04:53.29      2.933280     8  16.80  16.80  52657.53621  0.0000000   10.7051    13.6190     0.0000    53.1489  -134.31      0.00472  0.0000000    0.0045     0.0326     0.0000     0.0321   4.37231334    5.5101583     9.817     8.548
follownov16        geo-0001:sv1-20161130-U-17-1       57723.003961 16-DEC-01 00:05:42.23      3.666240    10  17.30  17.40  59853.44688  0.0000000   33.0739    50.3464     0.0000    15.8124  -226.42      0.01242  0.0000000    0.0168     0.0090     0.0000     0.0075   4.18266712    6.1633050    -8.016     8.552
follow_aiub2       geo-0001:sv1-20161130-U-26-1       57723.113613 16-DEC-01 02:43:36.16      1.833120     6  16.00  16.10  45476.07412  0.0000000    3.2616   317.2933     0.0000   121.0162   -42.39      0.00112  0.0000000    0.0011     0.0316     0.0000     0.0316   5.04264965   -1.0749893   -32.945     2.795
follownov16        geo-0001:sv1-20161130-U-28-1       57723.128844 16-DEC-01 03:05:32.12      3.300480    10  16.40  16.50  45531.47713  0.0000000    3.2813   316.6225     0.0000   126.5859   -43.10      0.00162  0.0000000    0.0018     0.0424     0.0000     0.0423   5.23450992   -1.1827166   -52.993     9.883
follownov16        geo-0001:sv1-20161202-U-21-1       57725.006889 16-DEC-03 00:09:55.20      4.033440    12  18.00  18.00  61143.43263  0.0000000   11.5851    10.9463     0.0000    52.2885  -242.93      0.00744  0.0000000    0.0061     0.0395     0.0000     0.0387   4.12344176    6.5914066   -12.078     9.141
follownov16        geo-0002:sv1-20161202-U-21-1       57725.008671 16-DEC-03 00:12:29.17      0.732960     3  17.80  17.80  44258.63768  0.0000000   10.8027   307.5422     0.0000   114.7312   -26.80      0.00625  0.0000000    0.0051     0.0589     0.0000     0.0579   4.13032577    6.4802626   -12.720     9.802
follownov16        geo-0001:sv1-20161202-U-23-1       57725.025166 16-DEC-03 00:36:14.34      2.566080     7  17.00  17.00  44237.59418  0.0000000   10.9317   306.3329     0.0000   121.4770   -26.54      0.00378  0.0000000    0.0039     0.0330     0.0000     0.0324   4.35185490    6.1339979   -13.060     9.307
follownov16        geo-0001:sv1-20161202-U-8-1        57724.897965 16-DEC-02 21:33:04.17      2.933280     7  18.10  18.10  49096.25334  0.0000000    9.8683   307.4965     0.0000   119.6971   -88.73      0.00628  0.0000000    0.0054     0.0550     0.0000     0.0542   4.51507815    5.2758341    32.141     8.562
follownov16        geo-0001:sv1-20161203-U-10-1       57726.226899 16-DEC-04 05:26:44.07      2.933280     8  16.30  16.80  42061.32627  0.0000000   15.7463    17.1284     0.0000   113.5482     1.32      0.00348  0.0000000    0.0029     0.0243     0.0000     0.0233   8.41336392   11.5738990   -23.658    14.405
follownov16        geo-0001:sv1-20161203-U-13-1       57726.277957 16-DEC-04 06:40:15.48      1.100160     4  18.00  18.60  37419.30882  0.0000000   29.9253   334.4617     0.0000   159.4549    60.74      0.00000  0.0000000    0.0000     0.0000     0.0000     0.0000   8.51418153    6.2238954   -44.449    16.800
follownov16        geo-0002:sv1-20161203-U-8-1        57726.220234 16-DEC-04 05:17:08.21      1.467360     5  11.40  13.60  42592.45903  0.0000000    1.4427    73.5790     0.0000   107.1466    -5.48      0.00296  0.0000000    0.0018     0.2257     0.0000     0.2256  12.26199165   -2.5606808    27.990     1.379
follownov16        geo-0001:sv1-20161203-U-9-1        57726.222548 16-DEC-04 05:20:28.14      3.300480     8  17.00  17.50  49448.40422  0.0000000   33.1893   327.8655     0.0000   160.5860   -93.23      0.00000  0.0000000    0.0000     0.0000     0.0000     0.0000   8.42554401    7.5458551   -22.144    10.484
