Campaign           Name                              Osc_epoch     Date      Time        arcl [min]    # obs mag_c   mag_u  a(km)        e          i(dg)     raan(dg)   w(dg)      s(dg)      dn(dg/d) da(km)       de         di(dg)    draan(dg)  dw(dg)     ds(dg)     R.A.(h)      Decl.(dg)    lon(dg)   lat(dg)  
svyjan16_gto75     geo-0001:sv1-20160110-S-12-1A      57397.981230 16-JAN-10 23:32:58.27      1.599840     3  11.00  11.10  36621.36879  0.0000000   19.4933    92.3642     0.0000    38.0256    70.95      0.03948  0.0000000    0.0751     0.1789     0.0000     0.1680   9.02187947    8.0352750    25.589    11.862
svyjan16           geo-0001:sv1-20160110-S-3-1A       57397.834632 16-JAN-10 20:01:52.20      2.200320     4  13.10  13.30  41914.10994  0.0000000   13.7358     5.4312     0.0000    61.8909     3.20      0.00535  0.0000000    0.0052     0.0413     0.0000     0.0401   4.45525472    9.0112470   -72.269    11.048
svyjan16           geo-0002:sv1-20160110-S-3-1A       57397.849401 16-JAN-10 20:23:08.24      2.933280     5  17.30  17.50  44126.43618  0.0000000   12.1644   332.1133     0.0000    95.0767   -25.11      0.00421  0.0000000    0.0008     0.0388     0.0000     0.0380   4.45171663    9.1712410   -72.269    11.048
svyjan16           geo-0001:sv1-20160110-S-43-1A      57398.290257 16-JAN-11 06:57:58.20      2.200320     4  14.40  14.50  41883.96962  0.0000000   14.6771     8.9784     0.0000   129.6288     3.59      0.00265  0.0000000    0.0035     0.0167     0.0000     0.0161   8.49328500    7.3832458   -75.182    11.253
svyjan16           geo-0003:sv1-20160110-S-43-1B      57398.289493 16-JAN-11 06:56:52.19      2.933280     5  13.50  13.60  42048.69722  0.0000000   15.1192    11.5182     0.0000   126.9504     1.48      0.00612  0.0000000    0.0077     0.0387     0.0000     0.0373   8.49132714    8.2958230   -75.008    12.031
svyjan16           geo-0001:sv1-20160110-S-4-1B       57397.858069 16-JAN-10 20:35:37.16      2.933280     5  15.00  15.30  42402.38062  0.0000000   13.1784   328.2092     0.0000    98.1062    -3.04      0.00238  0.0000000    0.0007     0.0211     0.0000     0.0206   4.40549281   10.1604205   -72.334    13.937
svyjan16           geo-0002:sv1-20160110-S-4-1B       57397.862144 16-JAN-10 20:41:29.24      2.200320     4  17.30  17.60  48150.28669  0.0000000   12.9513   326.2488     0.0000   100.6763   -76.62      0.00726  0.0000000    0.0024     0.0562     0.0000     0.0548   4.41118517   10.1726623   -72.334    13.937
svyjan16           geo-0001:sv1-20160110-S-5-1B       57397.886472 16-JAN-10 21:16:31.18      2.200320     4  17.30  17.60  41161.74181  0.0000000   12.9249   333.3679     0.0000    93.3435    12.84      0.00429  0.0000000    0.0006     0.0405     0.0000     0.0394   4.36328540   10.0640608    -2.168    12.903
svyjan16           geo-0002:sv1-20160110-S-5-1B       57397.889528 16-JAN-10 21:20:55.21      1.467360     3  18.70  19.00  42963.62366  0.0000000   13.2813   325.5888     0.0000   101.2534   -10.23      0.01209  0.0000000    0.0049     0.1039     0.0000     0.1011   4.37020250   10.2326682    -2.925    13.021
svyjan16           geo-0001:sv1-20160111-S-1-1B       57398.857259 16-JAN-11 20:34:27.17      2.200320     4  17.20  17.50  41856.88269  0.0000000   13.0541   334.8271     0.0000    91.7261     3.94      0.00354  0.0000000    0.0003     0.0324     0.0000     0.0316   4.41034051   10.1417029    -8.758    12.909
svyjan16           geo-0002:sv1-20160111-S-1-1B       57398.858278 16-JAN-11 20:35:55.21      2.933280     5  16.80  17.10  48136.31404  0.0000000   12.9466   326.2983     0.0000   100.5130   -76.44      0.00578  0.0000000    0.0019     0.0448     0.0000     0.0436   4.40522078   10.1722320    -8.758    12.909
svyjan16           geo-0003:sv1-20160111-S-1-1B       57398.859296 16-JAN-11 20:37:23.17      2.200320     4  17.80  18.10  41169.75127  0.0000000   12.9231   333.3250     0.0000    93.1284    12.73      0.01046  0.0000000    0.0015     0.0987     0.0000     0.0962   4.40367459   10.0135052    -8.758    12.909
svyjan16           geo-0001:sv1-20160111-S-3-1A       57398.902572 16-JAN-11 21:39:42.22      1.467360     3  18.60  18.90  39543.88396  0.0000000   13.8662     6.5052     0.0000    61.2176    33.54      0.03935  0.0000000    0.0419     0.3207     0.0000     0.3113   4.33253923    9.0608396    -8.761    12.125
svyjan16           geo-0001:sv1-20160111-S-4-1B       57398.917502 16-JAN-11 22:01:12.17      2.933280     5  16.30  16.60  44760.56457  0.0000000   12.8740   333.0899     0.0000    93.4318   -33.23      0.00261  0.0000000    0.0003     0.0224     0.0000     0.0219   4.27449585   10.2142598   -14.543    12.851
svyjan16           geo-0002:sv1-20160111-S-4-1B       57398.924123 16-JAN-11 22:10:44.22      2.200320     4  18.40  18.70  40900.71336  0.0000000   14.4993     3.7395     0.0000    63.9799    16.18      0.00560  0.0000000    0.0052     0.0430     0.0000     0.0417   4.28032143   10.1553205   -16.561    13.002
svyjan16           geo-0003:sv1-20160111-S-4-1B       57398.927687 16-JAN-11 22:15:52.15      2.200320     4  19.10  19.40  42234.67478  0.0000000   12.8086   327.4870     0.0000    99.3824    -0.90      0.00717  0.0000000    0.0025     0.0655     0.0000     0.0639   4.27483893    9.5608334   -17.725    12.634
svyjan16           geo-0001:sv1-20160112-S-1-1B       57399.836623 16-JAN-12 20:04:44.22      2.200320     4  18.20  18.50  41841.84843  0.0000000   13.0532   334.7917     0.0000    91.9649     4.13      0.00347  0.0000000    0.0004     0.0319     0.0000     0.0310   4.45283662   10.0824215     0.000     0.000
svyjan16           geo-0002:sv1-20160112-S-1-1B       57399.841715 16-JAN-12 20:12:04.17      2.200320     4  17.60  17.80  42271.89922  0.0000000   13.0454   327.9462     0.0000    98.8693    -1.37      0.00167  0.0000000    0.0006     0.0149     0.0000     0.0146   4.45230862   10.0100269     0.000     0.000
svyjan16                                              57399.847827 16-JAN-12 20:20:52.25      2.200320     4   0.00   0.00  42399.53570  0.0000000   13.1729   328.2096     0.0000    98.8065    -3.01      0.00266  0.0000000    0.0009     0.0235     0.0000     0.0229   0.00000000    0.0000000     0.000     0.000
svyjan16           geo-0001:sv1-20160112-S-4-1B       57399.886634 16-JAN-12 21:16:45.17      2.933280     5  17.00  17.30  44833.16166  0.0000000   12.8633   333.1528     0.0000    93.5910   -34.16      0.00393  0.0000000    0.0006     0.0337     0.0000     0.0329   4.34416530   10.1850205   -44.750   -12.536
svyjan16           geo-0001:sv1-20160112-S-7-1B       57399.915975 16-JAN-12 21:59:00.24      2.200320     4  18.70  19.00  42236.34672  0.0000000   12.8058   327.4782     0.0000    98.8267    -0.92      0.00470  0.0000000    0.0015     0.0431     0.0000     0.0420   4.27106643    9.5722209   -15.060    12.652
svyjan16           geo-0002:sv1-20160112-S-7-1B       57399.921576 16-JAN-12 22:07:04.16      2.200320     4  17.60  17.90  40906.99329  0.0000000   14.4945     3.6971     0.0000    63.8137    16.10      0.00156  0.0000000    0.0015     0.0120     0.0000     0.0116   4.27015301   10.1417767   -16.839    12.979
svyfeb16           geo-0004:sv1-20160209-S-1-1A       57427.835512 16-FEB-09 20:03:08.23      0.732960     2   8.70  17.80  27723.94580  0.0000000   62.2949   304.5283     0.0000   160.8151   184.84      0.00000  0.0000000    0.0000     0.0000     0.0000     0.0000   8.24511531   12.1006658    35.200    16.914
svyfeb16           geo-0005:sv1-20160209-S-1-1A       57427.835512 16-FEB-09 20:03:08.23      0.732960     2   7.60  16.60  25515.71252  0.0000000   69.0534   107.7049     0.0000    18.1824   213.10      0.00000  0.0000000    0.0000     0.0000     0.0000     0.0000   8.24560726   11.4432878    34.263    16.943
svyfeb16           geo-0006:sv1-20160209-S-1-1A       57427.835512 16-FEB-09 20:03:08.23      0.732960     2   8.10  16.50  28168.56887  0.0000000   60.8814   105.9801     0.0000    19.1711   179.15      0.00000  0.0000000    0.0000     0.0000     0.0000     0.0000   8.25059382   11.5806865    35.444    16.672
svyfeb16           geo-0007:sv1-20160209-S-1-1A       57427.835512 16-FEB-09 20:03:08.23      0.732960     2   8.00  17.00  27011.77140  0.0000000   32.3047    87.0140     0.0000    32.3017   193.95      0.00000  0.0000000    0.0000     0.0000     0.0000     0.0000   8.25082098   11.3920627    34.993    16.594
svyfeb16           geo-0008:sv1-20160209-S-1-1A       57427.835512 16-FEB-09 20:03:08.23      0.732960     2   8.20  17.20  28389.66285  0.0000000   66.7743   108.4518     0.0000    18.0663   176.32      0.00000  0.0000000    0.0000     0.0000     0.0000     0.0000   8.25348286   11.5226243    35.643    16.558
svyfeb16           geo-0009:sv1-20160209-S-1-1A       57427.835512 16-FEB-09 20:03:08.23      0.732960     2   8.00  16.00  24278.25944  0.0000000   43.8722    95.0128     0.0000    25.4035   228.94      0.00000  0.0000000    0.0000     0.0000     0.0000     0.0000   8.25356379   11.5115319    33.773    17.296
svyfeb16           geo-0001:sv1-20160209-S-1-1A       57427.835512 16-FEB-09 20:03:08.23      2.200320     3   5.50  16.90  43083.95688  0.0000000   62.0292   307.7898     0.0000   162.7158   -11.77      0.00000  0.0000000    0.0000     0.0000     0.0000     0.0000   8.25387988   12.0608644    39.348    15.213
svyfeb16           geo-0010:sv1-20160209-S-1-1A       57427.835512 16-FEB-09 20:03:08.23      0.732960     2   8.40  15.80  56491.65493  0.0000000   36.4284   100.4173     0.0000    25.2600  -183.39      0.00000  0.0000000    0.0000     0.0000     0.0000     0.0000   8.25532373   12.1805725    41.067    14.679
svyfeb16           geo-0011:sv1-20160209-S-1-1A       57427.835512 16-FEB-09 20:03:08.23      0.732960     2   8.50  16.40  23591.19092  0.0000000   25.1406   335.6233     0.0000   135.1659   237.74      0.00000  0.0000000    0.0000     0.0000     0.0000     0.0000   8.26034248   11.4946292    33.496    17.430
svyfeb16           geo-0012:sv1-20160209-S-1-1A       57427.835512 16-FEB-09 20:03:08.23      0.732960     2   8.20  16.70  28603.49818  0.0000000   58.4868   306.6817     0.0000   160.2295   173.58      0.00000  0.0000000    0.0000     0.0000     0.0000     0.0000   8.26252050   12.0813641    35.902    16.760
svyfeb16           geo-0013:sv1-20160209-S-1-1A       57427.835512 16-FEB-09 20:03:08.23      0.732960     2   0.60  17.60  64105.81043  0.0000000   51.3112   314.0392     0.0000   161.5093  -280.85      0.00000  0.0000000    0.0000     0.0000     0.0000     0.0000   8.27312498   12.1322143    42.093    14.333
svyfeb16           geo-0014:sv1-20160209-S-1-1A       57427.835512 16-FEB-09 20:03:08.23      0.732960     2   0.00  16.60  35494.91568  0.0000000   26.9200    83.8035     0.0000    37.5113    85.37      0.00000  0.0000000    0.0000     0.0000     0.0000     0.0000   8.26384023   12.1524385    38.055    16.003
svyfeb16           geo-0015:sv1-20160209-S-1-1A       57427.835512 16-FEB-09 20:03:08.23      0.732960     2   0.00  17.60  32393.47837  0.0000000   67.2362   110.4270     0.0000    17.4975   125.07      0.00000  0.0000000    0.0000     0.0000     0.0000     0.0000   8.26410847   11.5821563    37.243    16.096
svyfeb16           geo-0016:sv1-20160209-S-1-1A       57427.835512 16-FEB-09 20:03:08.23      0.732960     2   0.00  17.20  37699.02372  0.0000000   34.8794    94.8413     0.0000    28.3722    57.16      0.00000  0.0000000    0.0000     0.0000     0.0000     0.0000   8.26476589   12.1349375    38.598    15.768
svyfeb16           geo-0017:sv1-20160209-S-1-1A       57427.835512 16-FEB-09 20:03:08.23      0.732960     2  15.00  15.10  27181.32362  0.0000000   61.7746   305.0794     0.0000   160.5891   191.78      0.00000  0.0000000    0.0000     0.0000     0.0000     0.0000   8.27058223   12.1016858    35.479    17.027
svyfeb16           geo-0018:sv1-20160209-S-1-1A       57427.836021 16-FEB-09 20:03:52.21      0.732960     2  17.30  17.30  25144.11806  0.0000000   53.1193   307.7792     0.0000   158.0625   217.86      0.00000  0.0000000    0.0000     0.0000     0.0000     0.0000   8.24493856   12.1117181    33.868    17.388
svyfeb16           geo-0019:sv1-20160209-S-1-1A       57427.836021 16-FEB-09 20:03:52.21      0.732960     2  17.60  17.70  27602.28455  0.0000000   61.4340   304.8398     0.0000   160.6392   186.40      0.00000  0.0000000    0.0000     0.0000     0.0000     0.0000   8.24494146   12.1004637    34.979    16.927
svyfeb16           geo-0020:sv1-20160209-S-1-1A       57427.836021 16-FEB-09 20:03:52.21      0.732960     2   8.10  15.60  27402.68369  0.0000000   19.2040   357.5392     0.0000   116.3714   188.95      0.00000  0.0000000    0.0000     0.0000     0.0000     0.0000   8.24572507   12.2222806    34.916    17.140
svyfeb16           geo-0002:sv1-20160209-S-1-1A       57427.836021 16-FEB-09 20:03:52.21      1.467360     3   5.60  16.00  27166.82400  0.0000000   36.3547   319.6596     0.0000   150.5184   191.97      0.00000  0.0000000    0.0000     0.0000     0.0000     0.0000   8.25043634   12.0713102    34.856    16.962
svyfeb16           geo-0021:sv1-20160209-S-1-1A       57427.836021 16-FEB-09 20:03:52.21      0.732960     2   8.30  16.40  37335.20793  0.0000000   38.8171    97.8063     0.0000    25.6100    61.81      0.00000  0.0000000    0.0000     0.0000     0.0000     0.0000   8.25072336   12.0931275    37.963    15.721
svyfeb16           geo-0022:sv1-20160209-S-1-1A       57427.836021 16-FEB-09 20:03:52.21      0.732960     2   8.00  16.50  23811.30033  0.0000000   28.7727   328.9622     0.0000   140.9624   234.92      0.00000  0.0000000    0.0000     0.0000     0.0000     0.0000   8.25083498   12.0953561    33.236    17.647
svyfeb16           geo-0023:sv1-20160209-S-1-1A       57427.836021 16-FEB-09 20:03:52.21      0.732960     2   0.00  17.60  25720.84947  0.0000000   21.1306    62.8371     0.0000    53.7102   210.48      0.00000  0.0000000    0.0000     0.0000     0.0000     0.0000   8.25243980   11.4357006    34.303    16.892
svyfeb16           geo-0024:sv1-20160209-S-1-1A       57427.836021 16-FEB-09 20:03:52.21      0.732960     2   0.00  16.60  34013.09210  0.0000000   19.6987   348.9240     0.0000   127.0012   104.34      0.00000  0.0000000    0.0000     0.0000     0.0000     0.0000   8.25321044   11.3953053    37.276    15.616
svyfeb16           geo-0025:sv1-20160209-S-1-1A       57427.836021 16-FEB-09 20:03:52.21      0.732960     2   0.20  17.40  27881.08666  0.0000000   52.5139   309.0661     0.0000   158.5444   182.83      0.00000  0.0000000    0.0000     0.0000     0.0000     0.0000   8.25424870   12.0855575    35.292    16.873
svyfeb16           geo-0026:sv1-20160209-S-1-1A       57427.836021 16-FEB-09 20:03:52.21      0.732960     2   0.00  17.70  24539.22113  0.0000000   64.4309   302.8170     0.0000   160.4910   225.60      0.00000  0.0000000    0.0000     0.0000     0.0000     0.0000   8.25552061   12.1211562    33.800    17.533
svyfeb16           geo-0027:sv1-20160209-S-1-1A       57427.836021 16-FEB-09 20:03:52.21      0.732960     2   8.40  16.80  30194.80547  0.0000000   18.3533    56.5502     0.0000    61.4177   153.21      0.00000  0.0000000    0.0000     0.0000     0.0000     0.0000   8.26348416   11.3611429    36.371    16.052
svyfeb16           geo-0028:sv1-20160209-S-1-1A       57427.836530 16-FEB-09 20:04:36.19      0.732960     2  16.90  16.90  26846.13590  0.0000000   24.5496   336.2470     0.0000   136.0819   196.08      0.00000  0.0000000    0.0000     0.0000     0.0000     0.0000   8.24525519   11.4911964    34.526    16.750
svyfeb16           geo-0029:sv1-20160209-S-1-1A       57427.836530 16-FEB-09 20:04:36.19      0.732960     2  16.50  16.50  34568.32682  0.0000000   43.5032   100.1007     0.0000    23.5369    97.23      0.00000  0.0000000    0.0000     0.0000     0.0000     0.0000   8.25043586   12.0713743    37.128    15.956
svyfeb16           geo-0030:sv1-20160209-S-1-1A       57427.836530 16-FEB-09 20:04:36.19      0.732960     2  16.00  16.10  23933.36527  0.0000000   17.7600    31.2360     0.0000    82.7702   233.36      0.00000  0.0000000    0.0000     0.0000     0.0000     0.0000   8.25083747   12.0953872    33.142    17.614
svyfeb16           geo-0031:sv1-20160209-S-1-1A       57427.836530 16-FEB-09 20:04:36.19      0.732960     2   8.50  16.90  25728.47372  0.0000000   21.1352    62.9137     0.0000    53.6590   210.38      0.00000  0.0000000    0.0000     0.0000     0.0000     0.0000   8.25243774   11.4357345    34.143    16.884
svyfeb16           geo-0032:sv1-20160209-S-1-1A       57427.836530 16-FEB-09 20:04:36.19      0.732960     2  -0.10  17.50  25510.34280  0.0000000   26.7229    76.3213     0.0000    41.4956   213.17      0.00000  0.0000000    0.0000     0.0000     0.0000     0.0000   8.25551979   12.1212667    34.127    17.334
svyfeb16           geo-0033:sv1-20160209-S-1-1A       57427.836530 16-FEB-09 20:04:36.19      0.732960     2  -0.10  17.30  38875.64119  0.0000000   31.1732    92.3370     0.0000    30.3283    42.10      0.00000  0.0000000    0.0000     0.0000     0.0000     0.0000   8.26216578   11.4051168    38.420    15.152
svyfeb16           geo-0034:sv1-20160209-S-1-1A       57427.836530 16-FEB-09 20:04:36.19      0.732960     2  16.90  17.00  27227.64765  0.0000000   61.5177   305.2247     0.0000   160.5647   191.19      0.00000  0.0000000    0.0000     0.0000     0.0000     0.0000   8.27053048   12.1014694    35.166    17.006
svyfeb16           geo-0035:sv1-20160209-S-1-1A       57427.837039 16-FEB-09 20:05:20.16      0.732960     2  16.90  16.90  23655.56462  0.0000000   34.2721   321.2389     0.0000   147.7584   236.91      0.00000  0.0000000    0.0000     0.0000     0.0000     0.0000   8.25574097   11.5609929    33.018    17.483
svyfeb16           geo-0036:sv1-20160209-S-1-1A       57427.837549 16-FEB-09 20:06:04.23      0.732960     2  17.70  17.80  27198.47945  0.0000000   61.4618   305.2682     0.0000   160.5629   191.57      0.00000  0.0000000    0.0000     0.0000     0.0000     0.0000   8.27053609   12.1015043    34.824    16.998
svyfeb16           geo-0037:sv1-20160209-S-1-1A       57427.838058 16-FEB-09 20:06:48.21      0.732960     2  17.10  17.20  24009.66118  0.0000000   18.3195     7.4607     0.0000   105.6557   232.38      0.00000  0.0000000    0.0000     0.0000     0.0000     0.0000   8.25503439   12.1218288    32.850    17.617
svyfeb16           geo-0038:sv1-20160209-S-1-1A       57427.839076 16-FEB-09 20:08:16.16      0.732960     2  17.90  17.90  35455.99028  0.0000000   65.4617   305.3015     0.0000   162.6926    85.87      0.00000  0.0000000    0.0000     0.0000     0.0000     0.0000   8.25026926   11.5808915    36.502    15.702
svyfeb16           geo-0039:sv1-20160209-S-1-1A       57427.839076 16-FEB-09 20:08:16.16      0.732960     2  17.90  17.90  47989.95449  0.0000000   23.9690   335.6218     0.0000   142.0745   -74.57      0.00000  0.0000000    0.0000     0.0000     0.0000     0.0000   8.25078965   11.3918073    38.745    14.459
svyfeb16           geo-0040:sv1-20160209-S-1-1A       57427.839076 16-FEB-09 20:08:16.16      0.732960     2  16.30  16.30  27652.13341  0.0000000   33.2312    89.0682     0.0000    31.0673   185.76      0.00000  0.0000000    0.0000     0.0000     0.0000     0.0000   8.26232329   11.3737097    34.388    16.428
svyfeb16           geo-0041:sv1-20160209-S-1-1A       57427.839586 16-FEB-09 20:09:00.23      0.732960     2  17.80  17.80  23668.33438  0.0000000   23.5487   341.0558     0.0000   130.2637   236.75      0.00000  0.0000000    0.0000     0.0000     0.0000     0.0000   8.25531384   12.1803420    32.182    17.750
svyfeb16           geo-0042:sv1-20160209-S-1-1A       57427.841113 16-FEB-09 20:11:12.16      0.732960     2  17.60  17.60  28335.12556  0.0000000   58.7803   306.7892     0.0000   160.3149   177.02      0.00000  0.0000000    0.0000     0.0000     0.0000     0.0000   8.27036891   12.0821027    34.123    16.742
svyfeb16           geo-0043:sv1-20160209-S-1-1A       57427.842641 16-FEB-09 20:13:24.18      0.732960     2  16.80  16.80  25755.77219  0.0000000   22.2625    66.7173     0.0000    50.2463   210.03      0.00000  0.0000000    0.0000     0.0000     0.0000     0.0000   8.24473204   11.5331459    32.055    16.933
svyfeb16           geo-0044:sv1-20160209-S-1-1A       57427.844678 16-FEB-09 20:16:20.17      0.732960     2  17.90  18.00  28313.87603  0.0000000   17.5919     3.0076     0.0000   112.0251   177.29      0.00000  0.0000000    0.0000     0.0000     0.0000     0.0000   8.25078765   11.3918005    32.555    16.271
svyfeb16           geo-0045:sv1-20160209-S-1-1A       57427.845188 16-FEB-09 20:17:04.24      0.732960     2  17.90  18.00  47983.31755  0.0000000   23.9257   335.7138     0.0000   142.1254   -74.48      0.00000  0.0000000    0.0000     0.0000     0.0000     0.0000   8.25078806   11.3918380    36.672    14.417
svyfeb16           geo-0001:sv1-20160209-S-37-1A      57428.276021 16-FEB-10 06:37:28.21      2.200320     4  14.90  14.90  44861.84220  0.0000000   13.9352    32.7743     0.0000   130.3552   -34.53      0.00222  0.0000000    0.0028     0.0135     0.0000     0.0131  10.29209881    7.1042851     0.000     0.000
svyfeb16           geo-0001:sv1-20160210-S-2-1A       57428.863857 16-FEB-10 20:43:57.24      1.467360     3  15.80  15.80  31429.91162  0.0000000   33.2834    91.5437     0.0000    29.8572   137.40      0.01695  0.0000000    0.0431     0.0464     0.0000     0.0383   8.21539936   11.5706089     0.000     0.000
svyfeb16           geo-0001:sv1-20160210-S-2-1B       57428.865639 16-FEB-10 20:46:31.20      4.400640     7  17.00  17.00  51665.08572  0.0000000   24.9939   336.4335     0.0000   141.2979  -121.61      0.00000  0.0000000    0.0000     0.0000     0.0000     0.0000   8.21406463   13.0106722     0.000     0.000
svyfeb16           geo-0001:sv1-20160210-S-3-1A       57428.888972 16-FEB-10 21:20:07.18      2.933280     5  18.20  18.20  47619.40854  0.0000000   17.5185   355.3773     0.0000   123.3213   -69.82      0.00641  0.0000000    0.0063     0.0317     0.0000     0.0302   8.18091251   12.0840526     0.000     0.000
svyfeb16           geo-0002:sv1-20160210-S-3-1A       57428.893046 16-FEB-10 21:25:59.17      2.933280     5  12.80  12.90  41967.47702  0.0000000   17.8893   355.0437     0.0000   123.0973     2.52      0.00349  0.0000000    0.0040     0.0195     0.0000     0.0186   8.17593839   12.1155484     0.000     0.000
svyfeb16           geo-0001:sv1-20160210-S-47-1A      57429.277468 16-FEB-11 06:39:33.23      2.933280     5  14.80  14.90  44891.65666  0.0000000   13.9990    32.4437     0.0000   130.6599   -34.91      0.00999  0.0000000    0.0126     0.0602     0.0000     0.0583  10.28579223    7.0926594     0.000     0.000
svyfeb16           geo-0001:sv1-20160210-S-5-1A       57428.917861 16-FEB-10 22:01:43.19      2.933280     5  16.80  16.90  42814.07596  0.0000000   15.3160    15.5654     0.0000   103.4298    -8.31      0.00322  0.0000000    0.0016     0.0239     0.0000     0.0231   8.13045704   12.2326808     0.000     0.000
svyfeb16           geo-0005:sv1-20160211-S-2-1A       57429.866160 16-FEB-11 20:47:16.22      0.732960     2  16.90  16.90  31203.89582  0.0000000   33.0872    90.8638     0.0000    30.8023   140.30      0.00000  0.0000000    0.0000     0.0000     0.0000     0.0000   8.22165065   12.2445918     0.000     0.000
svyfeb16           geo-0001:sv1-20160211-S-2-1B       57429.854702 16-FEB-11 20:30:46.25      4.399200     7  11.50  11.60  58977.32648  0.0000000   18.6577    67.6269     0.0000    54.7942  -215.20      0.01119  0.0000000    0.0092     0.0413     0.0000     0.0391   8.21573733   13.0523288     0.000     0.000
svyfeb16           geo-0001:sv1-20160211-S-37-1A      57430.279146 16-FEB-12 06:41:58.21      2.933280     5  11.60  11.60  44946.69520  0.0000000   14.0001    32.3962     0.0000   130.7423   -35.61      0.00342  0.0000000    0.0043     0.0205     0.0000     0.0199  10.28493253    7.0728935     0.000     0.000
svymar16           geo-0001:sv1-20160309-S-39-1A      57457.262291 16-MAR-10 06:17:41.94      3.666240     5  17.10  17.10  52159.64848  0.0000000   10.5166    37.1761     0.0000   147.9432  -127.94      0.01286  0.0000000    0.0179     0.0608     0.0000     0.0597  11.59281575    2.2203196   -77.230     5.559
svymar16           geo-0001:sv1-20160309-S-6-1A       57456.901600 16-MAR-09 21:38:18.24      1.467360     3  18.30  18.40  49058.95328  0.0000000   11.4813    44.5892     0.0000   112.9486   -88.25      0.00943  0.0000000    0.0064     0.0754     0.0000     0.0739  10.51233994    7.4210911    25.377    10.562
svymar16           geo-0001:sv1-20160310-S-33-1B      57458.247873 16-MAR-11 05:56:56.22      1.467360     3  19.60  19.60  43507.93738  0.0000000    7.1165    86.8457     0.0000    99.9167   -17.20      0.02438  0.0000000    0.0087     0.3827     0.0000     0.3797  12.01029183    3.1611453   -71.727     7.010
svymar16           geo-0001:sv1-20160310-S-4-1B       57457.886912 16-MAR-10 21:17:09.19      1.467360     3  10.50  10.50  33170.90067  0.0000000   16.1375    28.7693     0.0000   125.6098   115.12      0.03658  0.0000000    0.0570     0.2833     0.0000     0.2725  10.53205391    8.5557177    27.213    13.060
svymar16           geo-0001:sv1-20160310-S-5-1A       57457.905893 16-MAR-10 21:44:29.15      2.933280     5  18.50  18.50  46371.25096  0.0000000   12.5415    38.8201     0.0000   118.1783   -53.85      0.00858  0.0000000    0.0076     0.0640     0.0000     0.0624  10.50030023    8.0446648    22.463    11.035
svymar16                                              57458.846056 16-MAR-11 20:18:19.23      1.465920     3   0.00   0.00  42585.76681  0.0000000   13.9520    96.5937     0.0000    61.0648    -5.39      0.01014  0.0000000    0.0099     0.0751     0.0000     0.0728   0.00000000    0.0000000     0.000     0.000
svymar16           geo-0001:sv1-20160311-S-2-1A       57458.863463 16-MAR-11 20:43:23.20      2.200320     3  19.60  19.70  44610.25053  0.0000000   15.1694    23.0107     0.0000   133.1984   -31.31      0.02150  0.0000000    0.0284     0.1144     0.0000     0.1105  10.54184461    7.4205746    36.440    10.997
svyjun16           geo-0001:sv1-20160605-S-30-1A      57545.192931 16-JUN-06 04:37:49.23      1.467360     3  20.10  20.30  42514.78223  0.0000000   14.5474     9.4919     0.0000   289.5297    -4.48      0.00533  0.0000000    0.0037     0.0400     0.0000     0.0387  19.53200405  -20.0440855   -24.866   -13.694
svyjun16           geo-0002:sv1-20160605-S-30-1B      57545.192167 16-JUN-06 04:36:43.22      2.200320     4  16.40  16.70  40887.49356  0.0000000   16.4936   347.1883     0.0000   311.2507    16.35      0.00833  0.0000000    0.0116     0.0461     0.0000     0.0442  19.53236171  -18.5011997   -24.572   -12.325
svyjun16           geo-0001:sv1-20160607-S-28-1B      57547.161844 16-JUN-08 03:53:03.32      2.200320     4  13.50  13.80  42164.58141  0.0000000   12.8011    18.7601     0.0000   280.5747    -0.00      0.00229  0.0000000    0.0009     0.0205     0.0000     0.0200  19.59030995  -18.5555181     0.000     0.000
svyjun16           geo-0001:sv1-20160607-S-31-1A      57547.201137 16-JUN-08 04:49:38.23      2.933280     4  20.40  20.60  40627.11583  0.0000000   18.4625   342.5750     0.0000   315.0685    19.68      0.00865  0.0000000    0.0131     0.0404     0.0000     0.0384  19.47457322  -19.2922006   -30.260   -12.924
svysep16           geo-0001:sv1-20160903-S-1-1B       57634.869100 16-SEP-03 20:51:30.24      2.933280     5  13.90  14.00  42775.31603  0.0000000   16.6412     2.6768     0.0000   314.4286    -7.82      0.00264  0.0000000    0.0037     0.0131     0.0000     0.0125  21.34456729  -17.2016758   -26.325    -1.989
svysep16           geo-0001:sv1-20160903-S-3-1A       57634.905326 16-SEP-03 21:43:40.16      2.200320     4  12.80  12.90  42166.84560  0.0000000   12.5792    32.8778     0.0000   284.6580    -0.03      0.01349  0.0000000    0.0073     0.1209     0.0000     0.1180  21.26407412  -18.1032468     8.510   -12.163
svysep16           geo-0001:sv1-20160903-S-3-1B       57634.905072 16-SEP-03 21:43:18.22      2.933280     4  12.60  12.70  42167.52952  0.0000000   12.5727    32.9866     0.0000   284.4598    -0.04      0.00288  0.0000000    0.0015     0.0258     0.0000     0.0252  21.26181627  -18.1050542     8.508   -12.168
svysep16           geo-0003:sv1-20160903-S-3-1B       57634.919331 16-SEP-03 22:03:50.19      2.200320     4  12.80  12.90  42594.96504  0.0000000   14.6926    10.5713     0.0000   307.0775    -5.51      0.00393  0.0000000    0.0048     0.0247     0.0000     0.0239  21.26498826  -17.3925155     4.144   -11.675
svysep16           geo-0001:sv1-20160904-S-34-1A      57636.239251 16-SEP-05 05:44:31.28      2.933280     5  18.40  18.40  53759.99122  0.0000000    9.8098    67.2834     0.0000   297.9377  -148.42      0.00799  0.0000000    0.0059     0.0643     0.0000     0.0634   0.02467503  -12.3623593   -65.326    -8.657
svysep16           geo-0001:sv1-20160904-S-5-1A       57635.902907 16-SEP-04 21:40:11.16      2.933280     5  12.40  12.50  42180.65649  0.0000000   12.5652    33.1584     0.0000   284.4609    -0.21      0.00332  0.0000000    0.0018     0.0297     0.0000     0.0290  21.26581676  -18.1016849     8.476   -12.161
svysep16           geo-0001:sv1-20160904-S-5-1B       57635.903671 16-SEP-04 21:41:17.17      1.465920     3  13.00  13.10  42164.83749  0.0000000   12.5715    33.0038     0.0000   284.8858    -0.00      0.00072  0.0000000    0.0004     0.0064     0.0000     0.0063  21.28057665  -18.0914189     4.281   -14.344
svysep16           geo-0003:sv1-20160904-S-5-1B       57635.912329 16-SEP-04 21:53:45.22      1.467360     3  14.30  14.40  42783.24330  0.0000000   16.6105     2.7787     0.0000   314.6195    -7.92      0.00281  0.0000000    0.0040     0.0139     0.0000     0.0133  21.27514113  -17.4015573     4.281   -14.344
svysep16           geo-0003:sv1-20160904-S-6-1B       57635.930292 16-SEP-04 22:19:37.22      2.933280     5  12.80  12.80  42586.97259  0.0000000   14.6748    10.6445     0.0000   306.6684    -5.41      0.00423  0.0000000    0.0051     0.0267     0.0000     0.0258  21.22253543  -17.4748506    -1.141   -11.724
svyoct16b          geo-0001:sv1-20161101-S-1-1B       57693.807676 16-NOV-01 19:23:03.20      2.200320     4  16.40  16.70  38200.03183  0.0000000    8.0634   103.4779     0.0000   255.3526    50.75      0.03234  0.0000000    0.0186     0.5024     0.0000     0.4976   0.20459375  -13.3304289    -8.033     7.905
svyoct16b          geo-0002:sv1-20161101-S-1-1B       57693.817352 16-NOV-01 19:36:59.21      2.200320     4  16.30  16.60  38457.87424  0.0000000   13.3657    32.3149     0.0000   326.0947    47.44      0.01048  0.0000000    0.0197     0.0568     0.0000     0.0551   0.20581954  -13.0959226    -8.033     7.905
svynov16           geo-0001:sv1-20161130-S-1-1A       57722.815951 16-NOV-30 19:34:58.16      2.200320     3  18.20  18.60  46568.27382  0.0000000    6.2885    81.5912     0.0000   298.3276   -56.37      0.00141  0.0000000    0.0012     0.0206     0.0000     0.0205   1.37038793  -10.1013313   -21.034    10.506
svynov16                                              57722.817988 16-NOV-30 19:37:54.16      2.200320     4   0.00   0.00  42772.47617  0.0000000   12.9419    41.5350     0.0000   337.5509    -7.78      0.02154  0.0000000    0.0401     0.0737     0.0000     0.0716   0.00000000    0.0000000     0.000     0.000
svynov16                                              57722.819262 16-NOV-30 19:39:44.23      0.732960     2   0.00   0.00  42794.63212  0.0000000   13.0231    41.4041     0.0000   338.1299    -8.07      0.00000  0.0000000    0.0000     0.0000     0.0000     0.0000   0.00000000    0.0000000     0.000     0.000
svynov16           geo-0001:sv1-20161130-S-34-1A      57723.196623 16-DEC-01 04:43:08.22      2.200320     3  17.20  17.70  43929.89302  0.0000000   15.7715    52.7271     0.0000    72.0099   -22.60      0.00499  0.0000000    0.0030     0.0344     0.0000     0.0331   8.16042833   12.4609941   -17.180    14.982
svynov16           geo-0001:sv1-20161130-S-3-1A       57722.834979 16-NOV-30 20:02:22.18      3.666240     6  16.40  16.80  49262.98659  0.0000000    8.1094    65.7753     0.0000   313.6685   -90.86      0.01135  0.0000000    0.0135     0.0988     0.0000     0.0978   1.31396298  -10.2005535     9.019    -5.857
svynov16           geo-0001:sv1-20161203-S-11-1B      57726.248857 16-DEC-04 05:58:21.24      1.465920     3  18.00  18.30  38116.03783  0.0000000   29.8319   334.4179     0.0000   147.0453    51.82      0.02920  0.0000000    0.0578     0.0752     0.0000     0.0651   8.05266805   13.0217204   -38.008    15.700
svynov16           geo-0005:sv1-20161203-S-6-1A       57726.194192 16-DEC-04 04:39:38.18      0.732960     2  18.40  18.80  49821.95197  0.0000000   33.8736   327.1763     0.0000   153.1576   -98.02      0.00000  0.0000000    0.0000     0.0000     0.0000     0.0000   8.16232669   12.3614849   -18.955    14.576
svynov16           geo-0003:sv1-20161203-S-6-1A       57726.208961 16-DEC-04 05:00:54.23      2.200320     4  16.90  17.30  42527.94517  0.0000000   15.7190    17.1045     0.0000   107.1223    -4.65      0.00609  0.0000000    0.0037     0.0439     0.0000     0.0422   8.14568553   12.4136084   -23.821    15.006
