Campaign           Name                              Osc_epoch     Date      Time        arcl [min]    # obs mag_c   mag_u  a(km)        e          i(dg)     raan(dg)   w(dg)      s(dg)      dn(dg/d) da(km)       de         di(dg)    draan(dg)  dw(dg)     ds(dg)     R.A.(h)      Decl.(dg)    lon(dg)   lat(dg)  
svyjan16_gto75     geo-0001:sv1-20160110-S-12-1A      57397.981230 16-JAN-10 23:32:58.27      1.599840     3  11.00  11.10  36621.36879  0.0000000   19.4933    92.3642     0.0000    38.0256    70.95      0.03948  0.0000000    0.0751     0.1789     0.0000     0.1680   9.02187947    8.0352750    25.589    11.862
svyjan16_gto75     geo-0003:sv1-20160110-S-13-1A      57397.985189 16-JAN-10 23:38:40.32      0.800640     2  19.20  19.30  26103.67797  0.0000000   55.6396   315.2426     0.0000   163.6122   205.58      0.00000  0.0000000    0.0000     0.0000     0.0000     0.0000   9.00466729    8.1400968    21.218    13.468
svyjan16_gto75     geo-0001:sv1-20160110-S-13-1A      57397.986855 16-JAN-10 23:41:04.27      2.400480     3  19.90  20.00  45825.65465  0.0000000   11.6090    52.2844     0.0000    77.7662   -46.86      0.02021  0.0000000    0.0080     0.1839     0.0000     0.1801   9.00040896    8.2123957    24.601    11.342
svyjan16_gto75     geo-0001:sv1-20160110-S-17-1A      57398.011102 16-JAN-11 00:15:59.21      1.599840     3  19.40  19.50  73461.52870  0.0000000   13.5162     1.9405     0.0000   128.9934  -400.60      0.05343  0.0000000    0.0373     0.1964     0.0000     0.1910   8.57411001    8.4058054    17.768    10.466
svyjan16_gto75     geo-0001:sv1-20160110-S-18-1A      57398.033949 16-JAN-11 00:48:53.19      1.599840     3  18.40  18.50  81072.56996  0.0000000   34.0378   327.0318     0.0000   161.6859  -498.02      0.08913  0.0000000    0.0848     0.0500     0.0000     0.0417   8.54235288    8.3308659     9.491    10.130
svyjan16_gto75     geo-0001:sv1-20160110-S-18-1B      57398.033116 16-JAN-11 00:47:41.22      2.400480     4  11.10  11.20  42156.98246  0.0000000   12.3209    35.7559     0.0000    93.7662     0.10      0.00690  0.0000000    0.0011     0.0663     0.0000     0.0648   8.53127497    9.2222412     7.709    12.294
svyjan16_gto75     geo-0001:sv1-20160110-S-24-1A      57398.086264 16-JAN-11 02:04:13.20      2.400480     4  11.80  11.90  42333.40237  0.0000000   15.6706   357.1337     0.0000   131.1145    -2.16      0.00029  0.0000000    0.0004     0.0016     0.0000     0.0016   8.40257187    8.5254717   -11.762    11.742
svyjan16_gto75     geo-0001:sv1-20160110-S-25-1B      57398.096611 16-JAN-11 02:19:07.19      2.400480     4  11.30  11.40  42170.14049  0.0000000   12.7026    20.2874     0.0000   108.5407    -0.07      0.00142  0.0000000    0.0009     0.0126     0.0000     0.0123   8.37475065    9.1250509   -15.562    12.033
svyjan16_gto75     geo-0003:sv1-20160110-S-29-1B      57398.134597 16-JAN-11 03:13:49.18      0.800640     2  17.10  17.10  50238.20555  0.0000000   15.2927    82.0604     0.0000    48.2955  -103.34      0.00000  0.0000000    0.0000     0.0000     0.0000     0.0000   8.30578356    8.5540520   -29.207    11.356
svyjan16_gto75     geo-0001:sv1-20160110-S-30-1A      57398.150616 16-JAN-11 03:36:53.22      4.000320     5  18.30  18.40  62553.74840  0.0000000   14.8469    84.9792     0.0000    44.4192  -260.98      0.03387  0.0000000    0.0316     0.1221     0.0000     0.1181   8.26118427    8.1745636   -35.891    10.331
svyjan16_gto75     geo-0001:sv1-20160110-S-37-1A      57398.230882 16-JAN-11 05:32:28.20      1.599840     3  19.80  19.90  32719.27057  0.0000000   29.0293   335.1835     0.0000   153.1481   120.90      0.02546  0.0000000    0.0634     0.0668     0.0000     0.0577   8.12444725    8.2204891   -61.987    12.661
svyjan16_gto75     geo-0002:sv1-20160110-S-37-1A      57398.230882 16-JAN-11 05:32:28.20      1.599840     3  20.00  20.00  32992.25024  0.0000000   28.8350   335.2443     0.0000   153.0526   117.40      0.03192  0.0000000    0.0786     0.0836     0.0000     0.0724   8.12451402    8.2156276   -62.054    12.624
svyjan16_gto75     geo-0002:sv1-20160110-S-41-1B      57398.265002 16-JAN-11 06:21:36.17      1.599840     3  14.00  14.10  42726.73053  0.0000000   12.3100    37.1391     0.0000    92.3975    -7.20      0.05573  0.0000000    0.0067     0.5272     0.0000     0.5149   8.10024657    8.4946328   -76.016    12.299
svyjan16_gto75     geo-0001:sv1-20160111-S-12-1A      57398.996032 16-JAN-11 23:54:17.16      2.400480     3  18.00  18.10  42424.33949  0.0000000   11.4692    71.4471     0.0000    58.4845    -3.33      0.01002  0.0000000    0.0106     0.0881     0.0000     0.0863   8.58138751    6.2226766    19.913     9.759
svyjan16_gto75     geo-0001:sv1-20160111-S-15-1A      57399.023821 16-JAN-12 00:34:18.13      2.400480     4  13.40  13.50  42509.49020  0.0000000   10.2767    43.2163     0.0000    86.3075    -4.42      0.00145  0.0000000    0.0002     0.0165     0.0000     0.0162   8.53330897    7.0238904     9.932    10.255
svyjan16_gto75     geo-0001:sv1-20160111-S-16-1A      57399.031762 16-JAN-12 00:45:44.23      1.599840     3  20.10  20.20  66810.75958  0.0000000   12.0239    84.1003     0.0000    47.1720  -315.47      0.04822  0.0000000    0.0401     0.2087     0.0000     0.2040   8.51289493    6.4355565     8.240     8.788
svyjan16_gto75     geo-0001:sv1-20160111-S-20-1A      57399.086553 16-JAN-12 02:04:38.17      1.599840     3  11.00  11.10  42269.49410  0.0000000   10.3913    32.0625     0.0000    97.5636    -1.34      0.04725  0.0000000    0.0135     0.5326     0.0000     0.5239   8.41422006    7.1155903   -12.427    10.300
svyjan16_gto75     geo-0001:sv1-20160112-S-18-1B      57400.074157 16-JAN-13 01:46:47.16      4.799520     7  18.20  18.30  59960.54551  0.0000000   11.8042   356.2017     0.0000   133.1187  -227.79      0.00439  0.0000000    0.0041     0.0214     0.0000     0.0209   8.43037262    6.1837885    -8.757     8.588
svyjan16_gto75     geo-0001:sv1-20160112-S-23-1A      57400.122387 16-JAN-13 02:56:14.23      4.000320     5  18.70  18.80  51503.38866  0.0000000    9.5429    68.8026     0.0000    60.5859  -119.54      0.05360  0.0000000    0.0425     0.4615     0.0000     0.4551   8.31069583    5.3335818   -27.053     8.303
svyjan16_gto75     geo-0005:sv1-20160112-S-23-1B      57400.129331 16-JAN-13 03:06:14.19      0.800640     2  20.40  20.50  73456.83277  0.0000000    7.8853    47.0347     0.0000    81.9878  -400.54      0.00000  0.0000000    0.0000     0.0000     0.0000     0.0000   8.31307090    5.5428159   -29.658     7.808
svyfeb16_gto105    geo-0002:sv1-20160209-S-10-1B      57428.000147 16-FEB-10 00:00:12.70      2.299680     4  13.40  13.50  44055.32614  0.0000000   16.6629     4.8399     0.0000   151.4439   -24.20      0.00139  0.0000000    0.0024     0.0045     0.0000     0.0043  10.47521002    4.2520150     0.000     0.000
svyfeb16_gto105    geo-0001:sv1-20160209-S-11-1A      57428.006177 16-FEB-10 00:08:53.69      4.599360     6  19.80  19.90  55839.01902  0.0000000    6.9239    52.7418     0.0000   105.0179  -175.03      0.02019  0.0000000    0.0081     0.2415     0.0000     0.2398  10.45130043    3.5536791     0.000     0.000
svyfeb16_gto105    geo-0002:sv1-20160209-S-11-1B      57428.005911 16-FEB-10 00:08:30.71      0.766080     2  17.80  17.80  45758.33251  0.0000000    8.4044    52.7474     0.0000   104.5669   -46.00      0.00000  0.0000000    0.0000     0.0000     0.0000     0.0000  10.46553006    4.5147951     0.000     0.000
svyfeb16_gto105    geo-0001:sv1-20160209-S-17-1B      57428.062334 16-FEB-10 01:29:45.65      2.299680     4  18.20  18.20  42492.68694  0.0000000   14.8449    10.0857     0.0000   146.0974    -4.20      0.00817  0.0000000    0.0138     0.0360     0.0000     0.0349  10.35306554    4.4647160     0.000     0.000
svyfeb16_gto105    geo-0001:sv1-20160209-S-18-1B      57428.072936 16-FEB-10 01:45:01.67      1.533600     3  15.60  15.70  45159.88214  0.0000000   21.7939   358.1502     0.0000   157.4462   -38.34      0.00245  0.0000000    0.0043     0.0048     0.0000     0.0045  10.32480636    4.5916542     0.000     0.000
svyfeb16_gto105    geo-0001:sv1-20160209-S-25-1B      57428.133793 16-FEB-10 03:12:39.71      0.766080     2  15.70  15.70  37444.03212  0.0000000   22.3685   135.2545     0.0000    23.6363    60.42      0.00000  0.0000000    0.0000     0.0000     0.0000     0.0000  10.19254066    4.5255193     0.000     0.000
svyfeb16_gto105    geo-0001:sv1-20160209-S-26-1B      57428.151177 16-FEB-10 03:37:41.69      3.067200     5  16.90  17.00  42201.79620  0.0000000   14.5116    10.4375     0.0000   145.4246    -0.48      0.00631  0.0000000    0.0107     0.0293     0.0000     0.0283  10.14288170    4.4000569     0.000     0.000
svyfeb16_gto105    geo-0002:sv1-20160209-S-29-1A      57428.181154 16-FEB-10 04:20:51.70      2.299680     3  18.40  18.40  45896.14303  0.0000000    7.2223    57.5266     0.0000    98.8532   -47.77      0.00346  0.0000000    0.0010     0.0507     0.0000     0.0503  10.09123128    3.4533817     0.000     0.000
svyfeb16_gto105    geo-0002:sv1-20160209-S-34-1B      57428.245784 16-FEB-10 05:53:55.73      1.533600     3   5.40   5.40  35758.86022  0.0000000    9.7133    41.4560     0.0000   116.5720    81.99      0.95996  0.0000000    1.0629    12.4380     0.0000    12.2500  10.01265898    4.1236762     0.000     0.000
svyfeb16_gto105    geo-0002:sv1-20160209-S-4-1A       57427.951351 16-FEB-09 22:49:56.72      2.299680     3  17.70  17.70  46034.08568  0.0000000    7.7881    44.1734     0.0000   113.2616   -49.53      0.00979  0.0000000    0.0073     0.1229     0.0000     0.1218  10.54355087    3.3955969     0.000     0.000
svyfeb16_gto105                                       57427.961374 16-FEB-09 23:04:22.71      2.299680     4   0.00   0.00  42740.66529  0.0000000   15.4898     4.2231     0.0000   151.9507    -7.37      0.00408  0.0000000    0.0072     0.0143     0.0000     0.0138   0.00000000    0.0000000     0.000     0.000
svyfeb16_gto105                                       57427.961640 16-FEB-09 23:04:45.69      2.299680     4   0.00   0.00  41771.18154  0.0000000    8.8668    40.3520     0.0000   116.2544     5.03      0.00794  0.0000000    0.0073     0.0950     0.0000     0.0939   0.00000000    0.0000000     0.000     0.000
svyfeb16_gto105    geo-0002:sv1-20160209-S-6-1B       57427.966432 16-FEB-09 23:11:39.72      3.067200     4  11.00  11.10  42221.30196  0.0000000   10.4669    27.1847     0.0000   129.3179    -0.73      0.00986  0.0000000    0.0128     0.0849     0.0000     0.0836  10.52226019    4.2301719     0.000     0.000
svyfeb16_gto105    geo-0004:sv1-20160209-S-8-1B       57427.984221 16-FEB-09 23:37:16.69      0.766080     2  15.30  15.30  41868.12274  0.0000000   14.5019    12.3611     0.0000   144.1168     3.79      0.00000  0.0000000    0.0000     0.0000     0.0000     0.0000  10.51467373    4.4808487     0.000     0.000
svyfeb16_gto105    geo-0002:sv1-20160210-S-10-1A      57428.978953 16-FEB-10 23:29:41.53      4.599360     7  16.40  16.50  54816.85663  0.0000000   21.6557   351.6945     0.0000   165.5931  -161.95      0.01096  0.0000000    0.0163     0.0111     0.0000     0.0104  10.50100330    2.1726379     0.000     0.000
svyfeb16_gto105    geo-0001:sv1-20160210-S-12-1A      57428.989022 16-FEB-10 23:44:11.50      3.067200     4  20.10  20.20  52652.67825  0.0000000   10.7388     6.3759     0.0000   151.0898  -134.25      0.02010  0.0000000    0.0282     0.0828     0.0000     0.0814  10.48056301    2.0336231     0.000     0.000
svyfeb16_gto105    geo-0001:sv1-20160210-S-13-1A      57429.001175 16-FEB-11 00:01:41.52      2.299680     3  11.10  11.10  42169.86429  0.0000000    6.6020    54.7552     0.0000   102.0906    -0.07      0.00655  0.0000000    0.0029     0.1138     0.0000     0.1130  10.46237767    2.3912885     0.000     0.000
svyfeb16_gto105    geo-0002:sv1-20160210-S-13-1A      57429.003304 16-FEB-11 00:04:45.46      4.599360     7  15.70  15.80  55654.79881  0.0000000    4.9995    77.0964     0.0000    80.9061  -172.68      0.04552  0.0000000    0.0106     0.7751     0.0000     0.7721  10.45410756    2.0007314     0.000     0.000
svyfeb16_gto105    geo-0003:sv1-20160210-S-13-1A      57429.006499 16-FEB-11 00:09:21.51      1.533600     3  18.70  18.80  43685.42839  0.0000000    6.2710    74.6201     0.0000    82.7681   -19.47      0.04267  0.0000000    0.0109     0.7629     0.0000     0.7582  10.46387389    2.3241472     0.000     0.000
svyfeb16_gto105    geo-0001:sv1-20160210-S-13-1B      57429.000909 16-FEB-11 00:01:18.53      2.299680     4  11.10  11.20  42172.74617  0.0000000    6.6065    54.5712     0.0000   102.1778    -0.11      0.00779  0.0000000    0.0035     0.1352     0.0000     0.1343  10.46006213    2.3922982     0.000     0.000
svyfeb16_gto105    geo-0001:sv1-20160210-S-17-1A      57429.031478 16-FEB-11 00:45:19.69      5.366880     8  16.30  16.40  60782.69792  0.0000000    6.5043   108.4436     0.0000    49.6813  -238.31      0.01243  0.0000000    0.0108     0.1142     0.0000     0.1134  10.40472044    2.1838833     0.000     0.000
svyfeb16_gto105    geo-0002:sv1-20160210-S-17-1A      57429.031478 16-FEB-11 00:45:19.69      2.299680     4  11.30  11.40  42030.74764  0.0000000    6.8820    42.0173     0.0000   114.8471     1.71      0.00634  0.0000000    0.0056     0.0985     0.0000     0.0978  10.41128591    2.2601615     0.000     0.000
svyfeb16_gto105    geo-0003:sv1-20160210-S-17-1A      57429.033608 16-FEB-11 00:48:23.73      1.533600     3  18.80  18.90  55900.78237  0.0000000    5.0478    67.1004     0.0000    91.0017  -175.82      0.03128  0.0000000    0.0019     0.5289     0.0000     0.5269  10.42037993    2.0930459     0.000     0.000
svyfeb16_gto105    geo-0004:sv1-20160210-S-17-1A      57429.035205 16-FEB-11 00:50:41.71      2.299680     3   9.90  10.00  42125.84246  0.0000000    7.0719    40.4034     0.0000   116.5831     0.49      0.01174  0.0000000    0.0109     0.1745     0.0000     0.1732  10.41039909    2.3213193     0.000     0.000
svyfeb16_gto105    geo-0002:sv1-20160210-S-18-1B      57429.042832 16-FEB-11 01:01:40.68      3.065760     5  17.60  17.70  47615.97419  0.0000000    8.0264    32.3049     0.0000   124.6328   -69.78      0.00603  0.0000000    0.0062     0.0631     0.0000     0.0625  10.38166162    3.2053845     0.000     0.000
svyfeb16_gto105    geo-0001:sv1-20160210-S-20-1A      57429.058990 16-FEB-11 01:24:56.73      3.833280     6  19.40  19.40  50835.94105  0.0000000    5.4134    54.3000     0.0000   102.6903  -110.99      0.02270  0.0000000    0.0086     0.3879     0.0000     0.3862  10.34066374    2.0641702     0.000     0.000
svyfeb16_gto105    geo-0002:sv1-20160210-S-22-1A      57429.079498 16-FEB-11 01:54:28.62      3.833280     6  17.10  17.10  50685.10560  0.0000000   21.8127   350.9172     0.0000   165.1390  -109.06      0.00505  0.0000000    0.0082     0.0058     0.0000     0.0054  10.30372471    2.1904047     0.000     0.000
svyfeb16_gto105    geo-0001:sv1-20160210-S-26-1A      57429.104846 16-FEB-11 02:30:58.69      3.067200     5  19.00  19.00  50734.49747  0.0000000    5.7928    88.0900     0.0000    68.9450  -109.70      0.01244  0.0000000    0.0073     0.1910     0.0000     0.1900  10.25243295    2.1454131     0.000     0.000
svyfeb16_gto105    geo-0001:sv1-20160210-S-26-1B      57429.101918 16-FEB-11 02:26:45.71      2.299680     3  19.60  19.60  42088.87621  0.0000000   14.5845     3.2360     0.0000   152.9149     0.97      0.04045  0.0000000    0.0745     0.1505     0.0000     0.1457  10.25207986    2.5145566     0.000     0.000
svyfeb16_gto105    geo-0001:sv1-20160210-S-27-1A      57429.114868 16-FEB-11 02:45:24.59      3.067200     5  16.10  16.10  50177.27728  0.0000000   18.1221   353.8880     0.0000   162.0003  -102.56      0.02031  0.0000000    0.0327     0.0340     0.0000     0.0323  10.22370122    2.1953535     0.000     0.000
svyfeb16_gto105    geo-0001:sv1-20160210-S-27-1B      57429.111940 16-FEB-11 02:41:11.61      3.067200     5  17.20  17.20  45196.38845  0.0000000    7.2052    38.1548     0.0000   118.2767   -38.81      0.03042  0.0000000    0.0277     0.4038     0.0000     0.4006  10.22110589    2.5230402     0.000     0.000
svyfeb16_gto105    geo-0001:sv1-20160210-S-34-1A      57429.160182 16-FEB-11 03:50:39.72      4.599360     7  18.20  18.20  71625.63341  0.0000000    4.5204    73.5085     0.0000    81.9337  -377.10      0.02853  0.0000000    0.0045     0.4054     0.0000     0.4041  10.13067484    2.1308452     0.000     0.000
svyfeb16_gto105    geo-0002:sv1-20160210-S-34-1A      57429.161779 16-FEB-11 03:52:57.70      1.533600     3  18.50  18.50  47019.28323  0.0000000   17.4770   355.5131     0.0000   160.0519   -62.14      0.06115  0.0000000    0.1050     0.1275     0.0000     0.1212  10.12160193    2.2808296     0.000     0.000
svyfeb16_gto105    geo-0001:sv1-20160210-S-36-1B      57429.176699 16-FEB-11 04:14:26.79      3.833280     6  16.40  16.40  51685.00837  0.0000000   15.6455   359.3931     0.0000   155.7085  -121.86      0.01144  0.0000000    0.0171     0.0285     0.0000     0.0274  10.09070465    3.1958683     0.000     0.000
svyfeb16_gto105    geo-0006:sv1-20160210-S-36-1B      57429.181491 16-FEB-11 04:21:20.82      0.766080     2  17.60  17.70  27843.82479  0.0000000   45.5991   348.3492     0.0000   167.6625   183.30      0.00000  0.0000000    0.0000     0.0000     0.0000     0.0000  10.10352719    3.0559364     0.000     0.000
svyfeb16_gto105    geo-0006:sv1-20160210-S-7-1A       57428.944464 16-FEB-10 22:40:01.68      0.766080     2  11.80  11.90  53756.24388  0.0000000   22.8040   145.0785     0.0000    14.5443  -148.37      0.00000  0.0000000    0.0000     0.0000     0.0000     0.0000  10.55005112    2.3118027     0.000     0.000
svyfeb16_gto105    geo-0001:sv1-20160211-S-11-1B      57429.938734 16-FEB-11 22:31:46.61      3.833280     6  17.30  17.40  51578.23041  0.0000000    5.9795    30.4615     0.0000   127.5425  -120.50      0.00399  0.0000000    0.0040     0.0497     0.0000     0.0494  10.54348173    1.2846791     0.000     0.000
svyfeb16_gto105    geo-0001:sv1-20160211-S-14-1B      57429.965700 16-FEB-11 23:10:36.48      3.833280     6  16.10  16.20  51192.05658  0.0000000    4.8997    62.4515     0.0000    95.4361  -115.55      0.01498  0.0000000    0.0027     0.2882     0.0000     0.2872  10.51070540    1.3738469     0.000     0.000
svyfeb16_gto105    geo-0001:sv1-20160211-S-15-1A      57429.979716 16-FEB-11 23:30:47.46      2.299680     4  15.00  15.10  40159.38519  0.0000000    6.6963    24.4759     0.0000   131.9173    25.67      0.02936  0.0000000    0.0425     0.4016     0.0000     0.3990  10.49061705    0.4524953     0.000     0.000
svyfeb16_gto105    geo-0002:sv1-20160211-S-15-1A      57429.982911 16-FEB-11 23:35:23.51      2.299680     3  11.20  11.30  39619.65935  0.0000000   20.2555   143.2610     0.0000    14.3439    32.57      0.03363  0.0000000    0.0722     0.0567     0.0000     0.0523  10.49388395    0.3745129     0.000     0.000
svyfeb16_gto105    geo-0001:sv1-20160211-S-16-1A      57429.988675 16-FEB-11 23:43:41.52      2.299680     3  19.10  19.20  48471.17023  0.0000000    5.9105    19.7076     0.0000   137.7410   -80.73      0.01370  0.0000000    0.0178     0.1559     0.0000     0.1551  10.48011390    0.2657685     0.000     0.000
svyfeb16_gto105    geo-0002:sv1-20160211-S-16-1A      57429.994531 16-FEB-11 23:52:07.47      5.366880     8  11.60  11.70  58143.60920  0.0000000   22.7780   149.4445     0.0000     9.5948  -204.53      0.02257  0.0000000    0.0322     0.0154     0.0000     0.0139  10.47123290    0.4726771     0.000     0.000
svyfeb16_gto105    geo-0001:sv1-20160211-S-16-1B      57429.988941 16-FEB-11 23:44:04.50      2.299680     4  13.60  13.70  41857.98623  0.0000000   17.8446   355.1455     0.0000   160.8650     3.92      0.00249  0.0000000    0.0048     0.0054     0.0000     0.0052  10.47530054    1.5003262     0.000     0.000
svyfeb16_gto105    geo-0001:sv1-20160211-S-19-1A      57430.112473 16-FEB-12 02:41:57.66      2.299680     3  18.90  19.00  43159.28851  0.0000000   14.5008   356.5614     0.0000   159.6434   -12.73      0.00426  0.0000000    0.0080     0.0118     0.0000     0.0114  10.22055110    1.0816046     0.000     0.000
svyfeb16_gto105    geo-0002:sv1-20160211-S-19-1A      57430.115135 16-FEB-12 02:45:47.66      1.533600     3  13.10  13.20  32776.49553  0.0000000   26.0896   145.1634     0.0000    13.6446   120.17      0.04695  0.0000000    0.1263     0.0726     0.0000     0.0664  10.22310557    0.4849578     0.000     0.000
svyfeb16_gto105    geo-0001:sv1-20160211-S-20-1A      57430.123561 16-FEB-12 02:57:55.67      2.299680     4  16.50  16.60  45096.56277  0.0000000    7.0861    19.5513     0.0000   136.9439   -37.53      0.01346  0.0000000    0.0188     0.1411     0.0000     0.1400  10.19427140    1.0807513     0.000     0.000
svyfeb16_gto105    geo-0002:sv1-20160211-S-20-1B      57430.123295 16-FEB-12 02:57:32.68      0.766080     2  16.20  16.20  45095.35455  0.0000000    7.1814    18.8470     0.0000   137.5562   -37.51      0.00000  0.0000000    0.0000     0.0000     0.0000     0.0000  10.19222148    1.0841570     0.000     0.000
svyfeb16_gto105    geo-0001:sv1-20160211-S-25-1A      57430.174189 16-FEB-12 04:10:49.92      3.067200     3  19.70  19.70  48646.09729  0.0000000    4.0333    78.1553     0.0000    78.3581   -82.96      0.00656  0.0000000    0.0023     0.1591     0.0000     0.1588  10.10432968    0.2618605     0.000     0.000
svyfeb16_gto105    geo-0001:sv1-20160211-S-25-1B      57430.175520 16-FEB-12 04:12:44.92      1.533600     3  15.60  15.60  39788.27275  0.0000000   16.1689   358.6175     0.0000   158.0299    30.42      0.02380  0.0000000    0.0487     0.0710     0.0000     0.0678  10.10524005    1.5121486     0.000     0.000
svyfeb16_gto105    geo-0003:sv1-20160211-S-28-1B      57430.200483 16-FEB-12 04:48:41.73      4.599360     7  13.40  13.40  56804.40244  0.0000000    5.3676    27.7774     0.0000   127.5612  -187.39      0.03644  0.0000000    0.0330     0.4534     0.0000     0.4513  10.05327061    1.1812518     0.000     0.000
svyfeb16_gto105    geo-0001:sv1-20160211-S-29-1A      57430.214499 16-FEB-12 05:08:52.71      2.299680     4  19.70  19.70  55732.07238  0.0000000    5.8186   114.1662     0.0000    41.5280  -173.66      0.01848  0.0000000    0.0208     0.1827     0.0000     0.1819  10.04076353    0.4822786     0.000     0.000
svyfeb16_gto105    geo-0002:sv1-20160211-S-29-1A      57430.215031 16-FEB-12 05:09:38.67      3.065760     5  17.90  17.90  54149.81471  0.0000000   10.3825   359.8419     0.0000   155.5848  -153.41      0.01530  0.0000000    0.0218     0.0546     0.0000     0.0536  10.04298011    1.0935028     0.000     0.000
svyfeb16_gto105    geo-0002:sv1-20160211-S-29-1B      57430.214233 16-FEB-12 05:08:29.73      3.833280     6  18.30  18.30  54178.21440  0.0000000   10.4436   359.6841     0.0000   155.5394  -153.78      0.01205  0.0000000    0.0171     0.0427     0.0000     0.0419  10.03443071    1.1147311     0.000     0.000
svyfeb16_gto105    geo-0004:sv1-20160211-S-30-1B      57430.226015 16-FEB-12 05:25:27.69      0.766080     2  12.60  12.60  42965.08635  0.0000000   15.8331   357.9234     0.0000   158.5786   -10.25      0.00000  0.0000000    0.0000     0.0000     0.0000     0.0000  10.04093604    1.5043757     0.000     0.000
svyfeb16_gto105    geo-0001:sv1-20160211-S-30-1B      57430.227080 16-FEB-12 05:26:59.71      1.533600     3  11.00  11.00  53463.66918  0.0000000    6.8018    18.1560     0.0000   137.1592  -144.63      0.14429  0.0000000    0.1678     1.3105     0.0000     1.3006  10.01567693    1.2846345     0.000     0.000
svymar16_gto75     geo-0001:sv1-20160309-S-16-1A      57457.027676 16-MAR-10 00:39:51.20      1.599840     3  15.10  15.20  40488.72156  0.0000000   55.3508   190.2358     0.0000   353.9560    21.45      0.00935  0.0000000    0.0205     0.0030     0.0000     0.0020  12.42490381  -10.2721529     8.699    -4.969
svymar16_gto75     geo-0003:sv1-20160309-S-16-1A      57457.031565 16-MAR-10 00:45:27.21      2.400480     3  19.30  19.40  52776.02868  0.0000000   18.9065   349.4972     0.0000   199.3484  -135.83      0.02364  0.0000000    0.0353     0.0388     0.0000     0.0369  12.43008053  -10.2207832     8.378    -6.163
svymar16_gto75     geo-0001:sv1-20160309-S-16-1B      57457.028509 16-MAR-10 00:41:03.17      1.599840     3  14.70  14.80  40594.01555  0.0000000   55.3264   190.2528     0.0000   354.2681    20.10      0.02622  0.0000000    0.0575     0.0081     0.0000     0.0054  12.43288094  -10.0908502     8.592    -4.711
svymar16_gto75     geo-0002:sv1-20160309-S-16-1B      57457.029620 16-MAR-10 00:42:39.16      1.599840     3   0.00   0.00  40730.94140  0.0000000   55.3180   190.2736     0.0000   354.6806    18.35      0.00782  0.0000000    0.0171     0.0023     0.0000     0.0015   0.00000000    0.0000000     0.000     0.000
svymar16_gto75     geo-0002:sv1-20160309-S-19-1A      57457.062308 16-MAR-10 01:29:43.41      2.400480     4  11.40  11.50  41389.70226  0.0000000    5.2978   262.8377     0.0000   284.1593     9.92      0.01562  0.0000000    0.0084     0.3407     0.0000     0.3392  12.36257478  -10.3824535    -3.538    -5.136
svymar16_gto75     geo-0001:sv1-20160309-S-20-1B      57457.071683 16-MAR-10 01:43:13.41      1.599840     3  19.40  19.50  38649.73666  0.0000000    4.6587   248.3971     0.0000   298.4402    44.99      0.04890  0.0000000    0.0533     1.1918     0.0000     1.1878  12.34125514   -9.5513109    -7.060    -4.095
svymar16_gto75     geo-0001:sv1-20160309-S-23-1A      57457.106854 16-MAR-10 02:33:52.18      2.400480     3  17.60  17.70  42477.09983  0.0000000    6.7484   318.3788     0.0000   228.7595    -4.00      0.00943  0.0000000    0.0125     0.1225     0.0000     0.1216  12.25546365  -10.2658719   -19.733    -5.069
svymar16_gto75     geo-0001:sv1-20160309-S-23-1B      57457.103799 16-MAR-10 02:29:28.23      3.199680     5  17.00  17.10  47526.90095  0.0000000    7.0952   322.5154     0.0000   224.5043   -68.64      0.00138  0.0000000    0.0017     0.0140     0.0000     0.0139  12.26052468   -9.4144717   -18.771    -4.967
svymar16_gto75     geo-0002:sv1-20160309-S-27-1B      57457.144726 16-MAR-10 03:28:24.32      2.400480     4  16.60  16.70  43897.47230  0.0000000    8.8147   333.2881     0.0000   214.0570   -22.18      0.01240  0.0000000    0.0200     0.0891     0.0000     0.0881  12.18315116  -10.0112101   -33.315    -4.923
svymar16_gto75     geo-0001:sv1-20160309-S-35-1A      57457.239539 16-MAR-10 05:44:56.16      3.199680     5  13.00  13.10  41730.12552  0.0000000   14.5333   347.6603     0.0000   199.7795     5.56      0.00597  0.0000000    0.0115     0.0172     0.0000     0.0165  12.01123516   -9.4248546   -67.717    -4.871
svymar16_gto75     geo-0001:sv1-20160310-S-11-1A      57457.995269 16-MAR-10 23:53:11.24      2.400480     4  17.20  17.30  46414.57837  0.0000000    7.9121   303.1049     0.0000   244.4845   -54.40      0.03225  0.0000000    0.0252     0.3857     0.0000     0.3821  12.47597025  -11.5339298    19.997    -7.136
svymar16_gto75     geo-0001:sv1-20160310-S-11-1B      57457.998880 16-MAR-10 23:58:23.23      4.000320     6  17.70  17.80  54062.76580  0.0000000   20.0818   347.7965     0.0000   201.3991  -152.30      0.01581  0.0000000    0.0227     0.0264     0.0000     0.0249  12.47254343  -11.1459435    19.321    -7.197
svymar16_gto75     geo-0010:sv1-20160310-S-11-1B      57458.000546 16-MAR-11 00:00:47.17      0.800640     2  16.40  16.50  41795.65919  0.0000000    7.3191   317.7802     0.0000   229.8039     4.72      0.00000  0.0000000    0.0000     0.0000     0.0000     0.0000  12.49139609  -10.4801903    18.069    -5.584
svymar16_gto75     geo-0002:sv1-20160310-S-16-1A      57458.049725 16-MAR-11 01:11:36.24      2.400480     4  16.90  17.00  46374.91753  0.0000000   13.6112   336.0831     0.0000   211.9357   -53.89      0.00344  0.0000000    0.0053     0.0142     0.0000     0.0138  12.38244849  -12.1132805     0.255    -7.151
svymar16_gto75     geo-0003:sv1-20160310-S-16-1A      57458.049725 16-MAR-11 01:11:36.24      1.599840     3  18.50  18.60  43950.35892  0.0000000    8.4653   314.3633     0.0000   233.0686   -22.86      0.00356  0.0000000    0.0041     0.0375     0.0000     0.0371  12.38148335  -12.0357717     0.094    -6.758
svymar16_gto75     geo-0004:sv1-20160310-S-16-1A      57458.054725 16-MAR-11 01:18:48.24      1.599840     3  15.00  15.10  43062.41909  0.0000000    6.4852   268.2194     0.0000   278.9728   -11.49      0.04846  0.0000000    0.0165     0.8405     0.0000     0.8351  12.37589190  -11.4836596    -1.592    -6.406
svymar16_gto75     geo-0001:sv1-20160310-S-16-1B      57458.055002 16-MAR-11 01:19:12.17      1.599840     3  14.80  14.90  43164.50586  0.0000000    6.4986   268.2065     0.0000   279.0883   -12.80      0.04487  0.0000000    0.0154     0.7743     0.0000     0.7693  12.38224285  -11.4829792    -1.589    -6.417
svymar16_gto75     geo-0001:sv1-20160310-S-21-1A      57458.096982 16-MAR-11 02:19:39.24      2.400480     4  15.40  15.40  42761.83463  0.0000000   14.9513   341.5882     0.0000   206.0380    -7.65      0.08405  0.0000000    0.1512     0.2914     0.0000     0.2819  12.27062411  -12.0157737   -17.239    -6.503
svymar16_gto75     geo-0009:sv1-20160310-S-21-1A      57458.101426 16-MAR-11 02:26:03.20      0.800640     2  11.60  11.70  29303.19520  0.0000000    8.6404   341.5481     0.0000   206.1708   164.62      0.00000  0.0000000    0.0000     0.0000     0.0000     0.0000  12.28233148  -11.5105084   -18.239    -3.799
svymar16_gto75     geo-0006:sv1-20160310-S-21-1B      57458.101148 16-MAR-11 02:25:39.18      0.800640     2  10.50  10.60  29006.14891  0.0000000    8.5911   342.0023     0.0000   205.5388   168.43      0.00000  0.0000000    0.0000     0.0000     0.0000     0.0000  12.27372751  -11.4922090   -18.309    -3.693
svymar16_gto75     geo-0002:sv1-20160310-S-23-1B      57458.127769 16-MAR-11 03:03:59.24      2.400480     4  12.00  12.10  42227.50490  0.0000000    6.9624   306.8772     0.0000   240.2648    -0.81      0.00145  0.0000000    0.0014     0.0212     0.0000     0.0210  12.20464149  -11.3258419   -28.250    -6.042
svymar16_gto75     geo-0002:sv1-20160310-S-27-1A      57458.180546 16-MAR-11 04:19:59.17      0.799200     2  12.10  12.20  25953.65664  0.0000000   62.6000   191.4306     0.0000   356.4452   207.50      0.00000  0.0000000    0.0000     0.0000     0.0000     0.0000  12.10398976  -11.5314812   -44.468    -3.156
svymar16_gto75     geo-0001:sv1-20160310-S-32-1A      57458.232294 16-MAR-11 05:34:30.20      2.400480     3  18.70  18.70  41409.17898  0.0000000    8.6113   316.5160     0.0000   230.7737     9.67      0.00353  0.0000000    0.0046     0.0379     0.0000     0.0374  12.01561205  -11.4233936   -65.985    -6.677
svymar16_gto75     geo-0002:sv1-20160310-S-32-1A      57458.232294 16-MAR-11 05:34:30.20      2.400480     3   0.00   0.00  41538.35328  0.0000000    8.6227   316.4180     0.0000   230.8575     8.01      0.01421  0.0000000    0.0184     0.1520     0.0000     0.1502   0.00000000    0.0000000     0.000     0.000
svymar16_gto75     geo-0002:sv1-20160310-S-32-1B      57458.228683 16-MAR-11 05:29:18.21      0.800640     2  18.60  18.60  46981.10027  0.0000000   17.6865   345.9906     0.0000   201.5842   -61.65      0.00000  0.0000000    0.0000     0.0000     0.0000     0.0000  12.04147117  -10.5021139   -64.995    -6.417
svymar16_gto75     geo-0001:sv1-20160310-S-8-1B       57457.962272 16-MAR-10 23:05:40.30      2.400480     4  16.80  16.90  46304.79768  0.0000000    6.0122   276.5952     0.0000   270.8679   -53.00      0.03783  0.0000000    0.0039     0.6604     0.0000     0.6568  12.52395314  -10.2807375    32.001    -6.012
svymar16_gto75     geo-0003:sv1-20160311-S-13-1B      57459.038080 16-MAR-12 00:54:50.11      0.800640     2  15.00  15.10  45391.28155  0.0000000   28.5998   201.0951     0.0000   344.2482   -41.30      0.00000  0.0000000    0.0000     0.0000     0.0000     0.0000  12.39520358  -12.3754001     3.368    -7.467
svymar16_gto75     geo-0002:sv1-20160311-S-14-1B      57459.054955 16-MAR-12 01:19:08.11      2.400480     3  19.30  19.40  41186.45223  0.0000000    8.0029   300.8207     0.0000   246.2919    12.52      0.00199  0.0000000    0.0017     0.0273     0.0000     0.0270  12.36145894  -13.0811943    -3.004    -7.324
svymar16_gto75     geo-0001:sv1-20160311-S-22-1A      57459.112259 16-MAR-12 02:41:39.17      6.399360     9  18.90  19.00  66053.90589  0.0000000   10.4451   299.0230     0.0000   247.6720  -305.78      0.01089  0.0000000    0.0050     0.0679     0.0000     0.0668  12.22355022  -13.1850205   -24.239    -9.654
svymar16_gto75     geo-0002:sv1-20160311-S-22-1A      57459.120037 16-MAR-12 02:52:51.19      2.400480     4  18.20  18.30  41698.23019  0.0000000    9.5937   310.9327     0.0000   236.6770     5.97      0.03547  0.0000000    0.0400     0.3676     0.0000     0.3624  12.23021434  -13.5128340   -26.165    -8.005
svymar16_gto75     geo-0001:sv1-20160311-S-22-1B      57459.113093 16-MAR-12 02:42:51.23      4.799520     6  18.40  18.50  66073.68944  0.0000000   10.4209   298.6698     0.0000   248.1727  -306.04      0.01042  0.0000000    0.0047     0.0654     0.0000     0.0643  12.23094638  -13.1930858   -24.385    -9.666
svymar16_gto75     geo-0001:sv1-20160311-S-29-1A      57459.155882 16-MAR-12 03:44:28.20      4.000320     6  15.20  15.20  50632.26347  0.0000000   15.4106   333.5984     0.0000   213.6899  -108.39      0.01476  0.0000000    0.0203     0.0516     0.0000     0.0497  12.13581782  -13.0653236   -40.016    -8.476
svymar16_gto75     geo-0009:sv1-20160311-S-29-1B      57459.156160 16-MAR-12 03:44:52.22      0.800640     2  16.20  16.30  50269.92834  0.0000000   15.7107   334.5022     0.0000   212.9066  -103.75      0.00000  0.0000000    0.0000     0.0000     0.0000     0.0000  12.14152466  -13.0755660   -40.022    -8.459
svymar16_gto75     geo-0001:sv1-20160311-S-30-1A      57459.166426 16-MAR-12 03:59:39.20      3.199680     5  18.10  18.20  49632.93534  0.0000000    9.1373   298.9409     0.0000   247.5488   -95.60      0.02887  0.0000000    0.0186     0.2843     0.0000     0.2806  12.11347117  -13.0724984   -43.919    -8.439
svymar16_gto75     geo-0002:sv1-20160311-S-30-1A      57459.166426 16-MAR-12 03:59:39.20      0.800640     2  18.30  18.40  64292.22573  0.0000000   28.9834   347.7163     0.0000   200.5937  -283.23      0.00000  0.0000000    0.0000     0.0000     0.0000     0.0000  12.13270095  -13.2655253   -44.238    -9.813
svymar16_gto75     geo-0003:sv1-20160311-S-30-1A      57459.166981 16-MAR-12 04:00:27.15      0.800640     2  17.50  17.50  41354.42131  0.0000000   13.5831   334.7373     0.0000   213.1345    10.37      0.00000  0.0000000    0.0000     0.0000     0.0000     0.0000  12.12343307  -12.5933440   -43.218    -7.376
svymar16_gto75     geo-0001:sv1-20160311-S-31-1A      57459.182606 16-MAR-12 04:22:57.15      2.400480     4  16.30  16.40  40484.69429  0.0000000   10.3349   321.3013     0.0000   226.1842    21.50      0.02538  0.0000000    0.0372     0.2184     0.0000     0.2147  12.08409879  -13.0457664   -48.973    -7.438
svymar16_gto75     geo-0007:sv1-20160311-S-31-1A      57459.185384 16-MAR-12 04:26:57.17      0.800640     2   9.80   9.80  25910.58793  0.0000000   13.3966   351.6577     0.0000   198.7237   208.05      0.00000  0.0000000    0.0000     0.0000     0.0000     0.0000  12.08462301  -13.0742023   -47.087    -4.265
svymar16_gto75     geo-0002:sv1-20160311-S-8-1B       57458.978149 16-MAR-11 23:28:32.07      2.400480     4  15.80  15.90  42207.08867  0.0000000    8.1940   309.6733     0.0000   237.7762    -0.55      0.02473  0.0000000    0.0265     0.2974     0.0000     0.2945  12.51237452  -12.0414847    25.694    -3.734
svyjun16_gto75     geo-0012:sv1-20160605-S-11-1A      57544.984483 16-JUN-05 23:37:39.33      0.800640     2  18.70  18.80  70546.51643  0.0000000    9.9557   309.2212     0.0000   296.4901  -363.29      0.00000  0.0000000    0.0000     0.0000     0.0000     0.0000  16.28551961  -12.1356827    -3.176    -8.901
svyjun16_gto75     geo-0001:sv1-20160605-S-14-1A      57545.017155 16-JUN-06 00:24:42.19      3.199680     4  20.00  20.10  57922.00086  0.0000000   10.2079   293.1278     0.0000   311.1552  -201.70      0.00000  0.0000000    0.0000     0.0000     0.0000     0.0000  16.19066350  -11.4301274   -16.294    -7.668
svyjun16_gto75     geo-0002:sv1-20160605-S-14-1A      57545.017155 16-JUN-06 00:24:42.19      1.599840     3  13.50  13.50  42153.98400  0.0000000   10.5712    30.1282     0.0000   214.9562     0.13      0.00194  0.0000000    0.0032     0.0124     0.0000     0.0122  16.18400436  -11.3507498   -16.405    -6.034
svyjun16_gto75     geo-0001:sv1-20160605-S-16-1A      57545.035766 16-JUN-06 00:51:30.18      4.000320     6  16.20  16.30  55579.08355  0.0000000   14.9629    35.2654     0.0000   209.9113  -171.71      0.00516  0.0000000    0.0066     0.0150     0.0000     0.0145  16.14158573  -11.3547055   -23.419    -7.397
svyjun16_gto75     geo-0001:sv1-20160605-S-18-1A      57545.061600 16-JUN-06 01:28:42.24      2.400480     3  17.40  17.40  44940.53021  0.0000000    6.7735   323.9325     0.0000   280.5112   -35.53      0.01368  0.0000000    0.0051     0.2153     0.0000     0.2138  16.09046655  -11.4931121   -32.558    -6.659
svyjun16_gto75     geo-0001:sv1-20160605-S-19-1A      57545.067919 16-JUN-06 01:37:48.20      1.599840     3  18.90  19.00  48020.47904  0.0000000   58.0166    60.1461     0.0000   188.0031   -74.96      0.03794  0.0000000    0.0686     0.0121     0.0000     0.0074  16.08049795  -11.3419552   -34.950    -6.782
svyjun16_gto75     geo-0002:sv1-20160605-S-19-1A      57545.067919 16-JUN-06 01:37:48.20      1.599840     3   0.00   0.00  47987.93901  0.0000000   58.0828    60.1573     0.0000   187.9983   -74.54      0.00916  0.0000000    0.0166     0.0029     0.0000     0.0018   0.00000000    0.0000000     0.000     0.000
svyjun16_gto75     geo-0001:sv1-20160605-S-1-1B       57544.879852 16-JUN-05 21:06:59.21      2.400480     4  16.10  16.10  43226.21329  0.0000000    6.2812   358.8032     0.0000   245.8751   -13.59      0.01072  0.0000000    0.0086     0.1763     0.0000     0.1753  16.43037217  -10.2907251   -35.392    -2.517
svyjun16_gto75     geo-0005:sv1-20160605-S-23-1B      57545.114007 16-JUN-06 02:44:10.20      0.800640     2  19.50  19.60  42212.80280  0.0000000   26.2303   257.1675     0.0000   346.4576    -0.62      0.00000  0.0000000    0.0000     0.0000     0.0000     0.0000  16.00287379  -11.0755377   -51.017    -5.941
svyjun16_gto75     geo-0001:sv1-20160605-S-24-1A      57545.127826 16-JUN-06 03:04:04.16      3.199680     5  17.80  17.80  46778.27950  0.0000000    6.8161   336.6021     0.0000   267.4247   -59.06      0.00443  0.0000000    0.0005     0.0674     0.0000     0.0669  15.56185477  -11.2527139   -56.973    -6.809
svyjun16_gto75     geo-0001:sv1-20160605-S-27-1B      57545.148845 16-JUN-06 03:34:20.20      3.199680     5  17.20  17.30  46177.34921  0.0000000   15.0345    42.1041     0.0000   202.5196   -51.36      0.00979  0.0000000    0.0166     0.0273     0.0000     0.0263  15.53049506  -10.0911821   -64.642    -5.702
svyjun16_gto75     geo-0001:sv1-20160605-S-28-1A      57545.161970 16-JUN-06 03:53:14.20      2.400480     4  10.50  10.50  42995.01038  0.0000000   14.4070    37.6576     0.0000   207.4386   -10.63      0.40089  0.0000000    0.7064     1.5023     0.0000     1.4503  15.51342431  -11.2056970   -68.952    -6.583
svyjun16_gto75     geo-0001:sv1-20160605-S-2-1A       57544.892421 16-JUN-05 21:25:05.17      2.400480     4  11.80  11.80  42248.78508  0.0000000   10.6445    26.8189     0.0000   218.0406    -1.08      0.00565  0.0000000    0.0089     0.0383     0.0000     0.0377  16.41244864  -11.3416612    28.375    -6.536
svyjun16_gto75                                        57544.892144 16-JUN-05 21:24:41.24      1.599840     3   0.00   0.00  42129.67019  0.0000000   12.1511    36.5741     0.0000   208.3460     0.45      0.03315  0.0000000    0.0589     0.1525     0.0000     0.1496   0.00000000    0.0000000     0.000     0.000
svyjun16_gto75     geo-0001:sv1-20160605-S-4-1A       57544.910986 16-JUN-05 21:51:49.19      6.399360     9  15.70  15.80  65862.69953  0.0000000   13.1626    28.8889     0.0000   218.0226  -303.34      0.00448  0.0000000    0.0044     0.0152     0.0000     0.0149  16.38186593  -11.2112078   -65.385     0.167
svyjun16_gto75     geo-0001:sv1-20160605-S-4-1B       57544.913486 16-JUN-05 21:55:25.19      2.400480     4  12.20  12.30  49186.09228  0.0000000    8.2325    11.7031     0.0000   233.9174   -89.88      0.02906  0.0000000    0.0292     0.2812     0.0000     0.2784  16.39188710  -11.0254694     0.000     0.000
svyjun16_gto75     geo-0001:sv1-20160605-S-5-1A       57544.930500 16-JUN-05 22:19:55.20      2.400480     4  17.10  17.20  44979.16526  0.0000000    7.6167   304.7338     0.0000   299.9242   -36.03      0.00947  0.0000000    0.0091     0.1167     0.0000     0.1156  16.36295210  -11.3317690    15.129    -6.596
svyjun16_gto75     geo-0001:sv1-20160605-S-6-1B       57544.941542 16-JUN-05 22:35:49.22      1.599840     3  15.80  15.80  39007.43438  0.0000000    7.5335    23.3751     0.0000   221.1150    40.41      0.00506  0.0000000    0.0084     0.0566     0.0000     0.0562  16.34193246  -10.3804275    10.509    -4.946
svyjun16_gto75     geo-0001:sv1-20160606-S-17-1A      57546.033671 16-JUN-07 00:48:29.17      2.400480     4  18.70  18.70  53659.99436  0.0000000   14.2438    25.5282     0.0000   219.6168  -147.14      0.02306  0.0000000    0.0274     0.0928     0.0000     0.0899  16.13448829  -13.3259403   -23.709    -9.027
svyjun16_gto75     geo-0001:sv1-20160606-S-17-1B      57546.032282 16-JUN-07 00:46:29.16      4.000320     5  18.00  18.10  48633.37090  0.0000000   12.3182   284.4081     0.0000   319.0154   -82.80      0.00000  0.0000000    0.0000     0.0000     0.0000     0.0000  16.12473590  -12.5851302   -23.394    -8.043
svyjun16_gto75     geo-0002:sv1-20160606-S-17-1B      57546.035060 16-JUN-07 00:50:29.18      1.599840     3  18.00  18.10  41837.88377  0.0000000   17.9976    43.0733     0.0000   202.6000     4.18      0.02057  0.0000000    0.0391     0.0536     0.0000     0.0510  16.14141821  -12.3015540   -23.808    -6.819
svyjun16_gto75     geo-0001:sv1-20160606-S-18-1A      57546.049852 16-JUN-07 01:11:47.21      4.799520     7  16.80  16.90  58963.86789  0.0000000   11.6877   298.4660     0.0000   304.9283  -215.03      0.00000  0.0000000    0.0000     0.0000     0.0000     0.0000  16.10154152  -13.3927983   -29.859    -9.560
svyjun16_gto75     geo-0002:sv1-20160606-S-1-1A       57545.881160 16-JUN-06 21:08:52.22      4.000320     6  16.60  16.60  56114.97907  0.0000000    8.6671   331.0165     0.0000   274.9384  -178.57      0.00194  0.0000000    0.0003     0.0191     0.0000     0.0188  16.42578787  -12.2403431   -25.776    -7.759
svyjun16_gto75     geo-0001:sv1-20160606-S-23-1A      57546.081170 16-JUN-07 01:56:53.08      1.599840     3  20.50  20.50  53058.97423  0.0000000    9.0401   341.7540     0.0000   262.3645  -139.45      0.04124  0.0000000    0.0091     0.4073     0.0000     0.4022  16.04500429  -13.2318316   -41.101    -8.959
svyjun16_gto75     geo-0002:sv1-20160606-S-23-1A      57546.085059 16-JUN-07 02:02:29.09      2.400480     4  11.80  11.80  41639.34767  0.0000000    7.9177   355.5761     0.0000   249.2939     6.72      0.03355  0.0000000    0.0245     0.4700     0.0000     0.4654  16.03381117  -12.5938004   -41.841    -7.403
svyjun16_gto75     geo-0001:sv1-20160606-S-26-1A      57546.106101 16-JUN-07 02:32:47.12      3.199680     5  19.00  19.00  60339.50937  0.0000000    9.3004   322.9282     0.0000   279.8693  -232.64      0.00447  0.0000000    0.0011     0.0371     0.0000     0.0366  15.58254669  -12.5434430   -51.198    -9.162
svyjun16_gto75     geo-0002:sv1-20160606-S-26-1A      57546.107767 16-JUN-07 02:35:11.06      2.400480     4  11.70  11.80  42048.23698  0.0000000   13.1559    30.7126     0.0000   214.2572     1.49      0.00642  0.0000000    0.0108     0.0328     0.0000     0.0319  15.57448590  -12.4337562   -50.461    -7.361
svyjun16_gto75     geo-0001:sv1-20160606-S-27-1A      57546.135025 16-JUN-07 03:14:26.16      2.400480     4  13.20  13.30  47856.32492  0.0000000    8.3645   354.5489     0.0000   249.5588   -72.86      0.02297  0.0000000    0.0141     0.2612     0.0000     0.2584  15.55023723  -12.2036515   -60.659    -7.834
svyjun16_gto75     geo-0001:sv1-20160606-S-27-1B      57546.134192 16-JUN-07 03:13:14.18      3.199680     5  13.50  13.60  47817.43880  0.0000000    8.3632   354.6119     0.0000   249.2505   -72.36      0.01610  0.0000000    0.0100     0.1830     0.0000     0.1810  15.54028861  -12.1948674   -60.606    -7.817
svyjun16_gto75     geo-0002:sv1-20160606-S-27-1B      57546.135303 16-JUN-07 03:14:50.17      3.199680     4  19.50  19.50  48894.80414  0.0000000   23.2479    46.0861     0.0000   198.9478   -86.15      0.02161  0.0000000    0.0354     0.0318     0.0000     0.0291  15.54088936  -11.4349044   -61.073    -7.364
svyjun16_gto75     geo-0001:sv1-20160606-S-5-1A       57545.919539 16-JUN-06 22:04:08.16      3.199680     5  19.90  19.90  58728.98136  0.0000000   28.9261    48.8057     0.0000   199.4235  -212.03      0.04207  0.0000000    0.0564     0.0416     0.0000     0.0366  16.37561591  -13.0629091    19.179    -9.256
svyjun16_gto75     geo-0002:sv1-20160606-S-5-1A       57545.919539 16-JUN-06 22:04:08.16      2.400480     3   0.00   0.00  58698.56597  0.0000000   28.9047    48.7966     0.0000   199.4278  -211.64      0.01869  0.0000000    0.0251     0.0184     0.0000     0.0162   0.00000000    0.0000000     0.000     0.000
svyjun16_gto75     geo-0001:sv1-20160606-S-5-1B       57545.919262 16-JUN-06 22:03:44.23      2.400480     4  10.20  13.80  41836.32204  0.0000000   12.7553    31.3279     0.0000   213.8905     4.20      0.00371  0.0000000    0.0063     0.0193     0.0000     0.0189  16.37594559  -12.2606321    17.881    -7.072
svyjun16_gto75     geo-0001:sv1-20160606-S-9-1B       57545.954264 16-JUN-06 22:54:08.40      2.400480     4  18.80  18.80  52248.46478  0.0000000   13.8267    29.3376     0.0000   216.4656  -129.07      0.00428  0.0000000    0.0055     0.0170     0.0000     0.0166  16.30320174  -12.3744470     5.688    -8.166
svyjun16_gto75     geo-0001:sv1-20160607-S-14-1B      57547.025153 16-JUN-08 00:36:13.21      3.199680     5  13.60  17.10  48777.05761  0.0000000    9.3192   333.4223     0.0000   271.0080   -84.64      0.01293  0.0000000    0.0014     0.1371     0.0000     0.1353  16.15153342  -14.2258535   -21.445    -9.318
svyjun16_gto75     geo-0001:sv1-20160607-S-15-1B      57547.041889 16-JUN-08 01:00:19.20      2.400480     3  11.00  11.10  42191.67192  0.0000000    9.1614   359.5563     0.0000   245.4945    -0.35      0.03253  0.0000000    0.0274     0.3782     0.0000     0.3734  16.12368656  -14.0748888   -27.158    -8.330
svyjun16_gto75     geo-0002:sv1-20160607-S-15-1B      57547.043000 16-JUN-08 01:01:55.20      1.599840     3   6.00  18.10  41656.57454  0.0000000   12.8363   286.2296     0.0000   317.9429     6.50      0.00000  0.0000000    0.0000     0.0000     0.0000     0.0000  16.12494617  -14.2811414   -27.439    -8.559
svyjun16_gto75     geo-0002:sv1-20160607-S-24-1A      57547.104516 16-JUN-08 02:30:30.18      2.400480     4  11.40  11.50  42248.75090  0.0000000   14.0163    26.9256     0.0000   218.3679    -1.08      0.00914  0.0000000    0.0145     0.0479     0.0000     0.0464  15.58430732  -14.0703450   -50.084    -8.646
svyjun16_gto75     geo-0001:sv1-20160607-S-27-1A      57547.139309 16-JUN-08 03:20:36.29      1.599840     3  19.10  19.10  64527.26632  0.0000000   18.6935   275.7124     0.0000   325.1008  -286.24      0.00000  0.0000000    0.0000     0.0000     0.0000     0.0000  15.52575246  -13.5539404   -64.841   -10.566
svysep16_gto75     geo-0001:sv1-20160902-S-10-1A      57634.120940 16-SEP-03 02:54:09.21      4.000320     5  16.00  16.00  57173.98113  0.0000000    8.2196    88.7673     0.0000   267.5109  -192.12      0.02927  0.0000000    0.0027     0.2940     0.0000     0.2909  23.39141424  -12.1906102   -29.965    -8.212
svysep16_gto75     geo-0003:sv1-20160902-S-11-1B      57634.141288 16-SEP-03 03:23:27.28      1.599840     3  19.60  19.60  45283.81346  0.0000000   14.4741    23.8021     0.0000   332.3663   -39.93      0.04294  0.0000000    0.0715     0.1489     0.0000     0.1445  23.36377121  -11.4336845   -36.643    -6.657
svysep16_gto75     geo-0001:sv1-20160902-S-12-1B      57634.151358 16-SEP-03 03:37:57.33      4.000320     6  16.10  16.10  57173.17758  0.0000000    7.7840    98.9671     0.0000   257.2227  -192.11      0.02222  0.0000000    0.0071     0.2310     0.0000     0.2288  23.33585615  -11.3320171   -41.123    -7.590
svysep16_gto75     geo-0001:sv1-20160902-S-15-1A      57634.171484 16-SEP-03 04:06:56.21      3.199680     5  11.50  11.50  42533.41840  0.0000000   14.7277    23.5345     0.0000   332.5446    -4.72      0.00177  0.0000000    0.0032     0.0064     0.0000     0.0062  23.29462374  -12.0047982   -47.609    -6.731
svysep16_gto75     geo-0005:sv1-20160902-S-15-1B      57634.166762 16-SEP-03 04:00:08.23      0.800640     2  11.50  11.50  25807.91691  0.0000000   18.5592     7.7153     0.0000   351.2151   209.36      0.00000  0.0000000    0.0000     0.0000     0.0000     0.0000  23.29478264  -11.3011810   -43.378    -2.786
svysep16_gto75     geo-0003:sv1-20160902-S-20-1B      57634.232109 16-SEP-03 05:34:14.21      0.800640     2  10.30  10.30  24668.70932  0.0000000   13.9893    11.2357     0.0000   350.0853   223.95      0.00000  0.0000000    0.0000     0.0000     0.0000     0.0000  23.21101241  -10.4239429   -64.739    -2.386
svysep16_gto75     geo-0001:sv1-20160902-S-8-1B       57634.096634 16-SEP-03 02:19:09.17      2.400480     4  14.20  14.20  41181.62484  0.0000000    7.6029    46.8042     0.0000   309.7485    12.58      0.00925  0.0000000    0.0125     0.1121     0.0000     0.1111  23.44427793  -11.2925934   -20.642    -5.839
svysep16_gto75     geo-0001:sv1-20160903-S-11-1B      57635.032375 16-SEP-04 00:46:37.20      1.599840     3  20.50  20.50  49837.24351  0.0000000   12.6309    22.8799     0.0000   334.0694   -98.21      0.07640  0.0000000    0.1161     0.2575     0.0000     0.2511  23.59268891   -9.5606064     2.264    -5.487
svysep16_gto75     geo-0001:sv1-20160903-S-17-1A      57635.093719 16-SEP-04 02:14:57.32      3.199680     4  20.60  20.60  58612.04082  0.0000000    7.2961   105.6277     0.0000   251.1898  -210.53      0.01858  0.0000000    0.0084     0.1937     0.0000     0.1921  23.44597789  -10.4856485   -20.702    -6.905
svysep16_gto75     geo-0002:sv1-20160903-S-17-1A      57635.098719 16-SEP-04 02:22:09.32      2.400480     4  20.50  20.50  56380.25123  0.0000000    7.0193    85.5233     0.0000   271.4717  -181.96      0.01525  0.0000000    0.0013     0.1820     0.0000     0.1807  23.45354418  -11.0621241   -22.176    -7.017
svysep16_gto75     geo-0001:sv1-20160903-S-17-1B      57635.099552 16-SEP-04 02:23:21.29      2.400480     4  11.10  11.20  42151.30710  0.0000000    8.0729    33.8894     0.0000   322.8667     0.17      0.00252  0.0000000    0.0041     0.0220     0.0000     0.0218  23.44351548  -10.1355779   -22.452    -4.863
svysep16_gto75     geo-0002:sv1-20160903-S-21-1A      57635.134644 16-SEP-04 03:13:53.24      2.400480     4  14.50  14.50  42501.38897  0.0000000   14.7718    18.1733     0.0000   338.2790    -4.31      0.00287  0.0000000    0.0054     0.0083     0.0000     0.0081  23.37285508  -10.4322914   -35.044    -5.415
svysep16_gto75     geo-0001:sv1-20160903-S-23-1A      57635.158116 16-SEP-04 03:47:41.22      5.600160     8  15.70  15.70  66350.37511  0.0000000    8.6387   114.7001     0.0000   241.0911  -309.58      0.02100  0.0000000    0.0123     0.1504     0.0000     0.1487  23.31593987  -10.5356699   -45.110    -7.556
svysep16_gto75     geo-0011:sv1-20160903-S-23-1B      57635.162283 16-SEP-04 03:53:41.25      0.799200     2  20.40  20.40  51564.36557  0.0000000   20.8590    12.2948     0.0000   343.5106  -120.32      0.00000  0.0000000    0.0000     0.0000     0.0000     0.0000  23.34030270  -10.0137028   -45.295    -5.801
svysep16_gto75     geo-0001:sv1-20160903-S-29-1B      57635.219609 16-SEP-04 05:16:14.21      1.599840     3  11.10  11.10  42113.43470  0.0000000   12.3078    18.9572     0.0000   337.5442     0.65      0.01631  0.0000000    0.0305     0.0589     0.0000     0.0578  23.22314930   -9.2831243   -65.854    -4.670
svysep16_gto75     geo-0001:sv1-20160903-S-5-1A       57634.957236 16-SEP-03 22:58:25.19      0.800640     2  11.40  11.50  42153.51774  0.0000000   10.6440    25.5785     0.0000   331.0343     0.14      0.00000  0.0000000    0.0000     0.0000     0.0000     0.0000   0.12150222  -10.0212183    -5.691   -10.268
svysep16_gto75     geo-0002:sv1-20160903-S-5-1B       57634.957514 16-SEP-03 22:58:49.20      2.400480     3  11.10  11.20  42206.84877  0.0000000   10.6575    25.5810     0.0000   331.1393    -0.54      0.01196  0.0000000    0.0214     0.0631     0.0000     0.0619   0.12389855  -10.0106390    28.931    -5.121
svysep16_gto75     geo-0002:sv1-20160904-S-18-1A      57636.048903 16-SEP-05 01:10:25.21      0.800640     2  11.40  12.10  38759.67896  0.0000000   12.5374   318.0504     0.0000    82.4028    43.58      0.00000  0.0000000    0.0000     0.0000     0.0000     0.0000   3.11208653    8.4156512    37.943    12.379
svysep16_gto75     geo-0001:sv1-20160904-S-18-1B      57636.049181 16-SEP-05 01:10:49.23      0.800640     2  11.50  12.20  38754.46544  0.0000000   12.5392   318.0916     0.0000    82.4752    43.65      0.00000  0.0000000    0.0000     0.0000     0.0000     0.0000   3.11490933    8.4208623     0.000     0.000
svysep16_gto75     geo-0001:sv1-20160904-S-22-1A      57636.102039 16-SEP-05 02:26:56.16      2.400480     3  19.50  19.50  44415.48382  0.0000000    7.4532    33.2485     0.0000   323.4491   -28.81      0.00977  0.0000000    0.0151     0.0858     0.0000     0.0851  23.43149553   -9.2544193   -24.436    -4.431
svysep16_gto75     geo-0001:sv1-20160904-S-22-1B      57636.103984 16-SEP-05 02:29:44.21      2.400480     4  15.00  15.00  41314.07703  0.0000000   14.6059     9.8294     0.0000   346.6650    10.89      0.03965  0.0000000    0.0808     0.0759     0.0000     0.0739  23.42207850   -8.3619658   -25.158    -3.334
svysep16_gto75     geo-0004:sv1-20160904-S-30-1B      57636.193556 16-SEP-05 04:38:43.23      0.800640     2  15.00  15.00  37337.79400  0.0000000   12.3134     9.1907     0.0000   348.2846    61.78      0.00000  0.0000000    0.0000     0.0000     0.0000     0.0000  23.25582133   -7.5513653   -56.665    -2.482
svysep16_gto75     geo-0001:sv1-20160904-S-8-1B       57635.957908 16-SEP-04 22:59:23.25      1.599840     3  19.30  19.30  47186.63680  0.0000000   15.3312    13.0775     0.0000   344.1071   -64.28      0.06473  0.0000000    0.1125     0.1224     0.0000     0.1169   0.12009319   -8.2606718    28.386    -4.152
svyoct16_gto105    geo-0001:sv1-20161031-S-12-1B      57693.070772 16-NOV-01 01:41:54.70      2.299680     4  16.10  16.10  41699.63694  0.0000000    9.3610   312.3098     0.0000    96.8910     5.95      0.00209  0.0000000    0.0006     0.0265     0.0000     0.0262   3.17024483    5.5951433   -16.968     9.293
svyoct16_gto105    geo-0001:sv1-20161031-S-13-1A      57693.082994 16-NOV-01 01:59:30.68      3.067200     3  20.10  20.10  58462.01003  0.0000000   11.5936     8.2503     0.0000    41.4904  -208.61      0.01750  0.0000000    0.0185     0.0819     0.0000     0.0803   3.14348169    5.1313053   -21.518     7.651
svyoct16_gto105    geo-0001:sv1-20161031-S-14-1A      57693.101027 16-NOV-01 02:25:28.73      2.299680     4  14.70  14.80  37553.16183  0.0000000   23.1324    28.0121     0.0000    23.4282    59.03      0.00953  0.0000000    0.0206     0.0232     0.0000     0.0214   3.11234188    5.1047759   -27.444     8.986
svyoct16_gto105    geo-0001:sv1-20161031-S-16-1B      57693.113284 16-NOV-01 02:43:07.73      3.067200     4  18.70  18.70  52296.71784  0.0000000    8.7617   322.1344     0.0000    86.7758  -129.69      0.00311  0.0000000    0.0003     0.0328     0.0000     0.0324   3.07498321    6.0606576     0.000     0.000
svyoct16_gto105    geo-0001:sv1-20161031-S-20-1B      57693.141617 16-NOV-01 03:23:55.70      2.299680     4  11.50  11.50  42212.34213  0.0000000    9.5694   331.5147     0.0000    77.9387    -0.61      0.00348  0.0000000    0.0015     0.0420     0.0000     0.0414   3.01514804    6.0021304   -42.547     9.356
svyoct16_gto105    geo-0001:sv1-20161031-S-21-1A      57693.154036 16-NOV-01 03:41:48.71      3.067200     4  13.80  13.80  42353.23995  0.0000000    9.0115   306.7871     0.0000   102.3016    -2.42      0.02572  0.0000000    0.0117     0.3272     0.0000     0.3231   2.59246457    5.2105469   -47.081     8.803
svyoct16_gto105    geo-0001:sv1-20161031-S-21-1B      57693.157497 16-NOV-01 03:46:47.74      3.065760     5  17.60  17.70  47593.25609  0.0000000    9.8463   341.8455     0.0000    67.3712   -69.49      0.00673  0.0000000    0.0046     0.0651     0.0000     0.0641   2.59334946    6.0438570   -48.654     9.082
svyoct16_gto105    geo-0002:sv1-20161031-S-28-1A      57693.237265 16-NOV-01 05:41:39.69      3.065760     3  18.90  18.90  58229.25193  0.0000000    8.0622   343.6635     0.0000    64.2041  -205.63      0.01032  0.0000000    0.0065     0.0963     0.0000     0.0954   2.50003413    4.2911862   -78.719     7.254
svyoct16_gto105    geo-0001:sv1-20161031-S-3-1A       57692.994290 16-OCT-31 23:51:46.65      2.299680     3  11.20  11.20  42514.32864  0.0000000   15.0246    15.5537     0.0000    34.7687    -4.48      0.02518  0.0000000    0.0421     0.1147     0.0000     0.1106   3.33367044    5.0320463    10.742     8.501
svyoct16_gto105    geo-0002:sv1-20161031-S-3-1A       57693.001744 16-NOV-01 00:02:30.68      2.299680     4   9.70  12.90  42179.13296  0.0000000   14.8551    14.7444     0.0000    35.7417    -0.19      0.06293  0.0000000    0.1050     0.2991     0.0000     0.2887   3.33071975    5.1006671     8.225     8.613
svyoct16_gto105    geo-0001:sv1-20161031-S-5-1A       57693.020726 16-NOV-01 00:29:50.72      2.299680     3  18.50  18.60  40816.52888  0.0000000    8.8124   305.3051     0.0000   103.7904    17.25      0.01945  0.0000000    0.0102     0.2625     0.0000     0.2594   3.28163667    5.0042649     1.059     8.556
svyoct16_gto105    geo-0002:sv1-20161031-S-5-1A       57693.027647 16-NOV-01 00:39:48.70      2.299680     4  18.20  18.20  50415.12716  0.0000000    8.7806   338.9359     0.0000    71.3729  -105.61      0.00906  0.0000000    0.0048     0.0944     0.0000     0.0932   3.28287034    5.3035134    -0.590     8.317
svyoct16_gto105    geo-0002:sv1-20161031-S-5-1B       57693.027381 16-NOV-01 00:39:25.71      2.299680     4  13.10  17.50  50390.49785  0.0000000    8.7788   338.8731     0.0000    71.3602  -105.29      0.00694  0.0000000    0.0037     0.0723     0.0000     0.0715   3.28114328    5.3019425    -0.570     8.315
svyoct16_gto105    geo-0003:sv1-20161031-S-6-1B       57693.036872 16-NOV-01 00:53:05.74      0.766080     2  11.20  11.20  41239.58978  0.0000000   14.5880     9.0653     0.0000    41.3148    11.84      0.00000  0.0000000    0.0000     0.0000     0.0000     0.0000   3.25323487    6.1523225    -4.572     9.572
svyoct16_gto105    geo-0001:sv1-20161101-S-14-1A      57693.981513 16-NOV-01 23:33:22.72      2.299680     4  18.30  18.30  48016.20273  0.0000000   25.8657    35.6428     0.0000    15.9707   -74.90      0.06969  0.0000000    0.1203     0.0822     0.0000     0.0732   3.36092474    3.4051652    15.058     6.894
svyoct16_gto105    geo-0002:sv1-20161101-S-15-1B      57694.000853 16-NOV-02 00:01:13.69      3.067200     5  16.20  16.30  42804.06485  0.0000000    9.0882   288.2632     0.0000   121.0150    -8.19      0.01183  0.0000000    0.0124     0.1289     0.0000     0.1273   3.32377066    4.1648634     7.592     7.780
svyoct16_gto105    geo-0003:sv1-20161101-S-15-1B      57694.001385 16-NOV-02 00:01:59.66      3.833280     6  16.20  16.30  53862.12533  0.0000000    7.5027   308.5460     0.0000   101.8140  -149.73      0.00184  0.0000000    0.0006     0.0214     0.0000     0.0212   3.33064522    4.3528938     8.260     7.343
svyoct16_gto105    geo-0001:sv1-20161101-S-17-1B      57694.010784 16-NOV-02 00:15:31.73      1.533600     3  14.80  14.90  45997.62156  0.0000000    7.5857   333.1608     0.0000    76.8116   -49.06      0.00402  0.0000000    0.0017     0.0552     0.0000     0.0547   3.30532670    4.0721223     4.268     7.385
svyoct16_gto105    geo-0001:sv1-20161101-S-21-1A      57694.051258 16-NOV-02 01:13:48.69      1.533600     3  15.00  15.10  51672.17875  0.0000000   10.7025    10.8389     0.0000    39.3111  -121.70      0.02112  0.0000000    0.0265     0.1178     0.0000     0.1157   3.21410288    3.5108073     0.000     0.000
svyoct16_gto105    geo-0001:sv1-20161101-S-22-1A      57694.067670 16-NOV-02 01:37:26.68      2.299680     3  10.90  10.90  42190.04962  0.0000000   12.8719    17.3047     0.0000    32.8712    -0.33      0.00536  0.0000000    0.0092     0.0272     0.0000     0.0265   3.18090658    3.1854222   -16.612     6.945
svyoct16_gto105    geo-0001:sv1-20161101-S-22-1B      57694.067936 16-NOV-02 01:37:49.67      2.299680     4  16.90  16.90  41849.65824  0.0000000   14.8150    17.2294     0.0000    33.1901     4.03      0.00638  0.0000000    0.0111     0.0287     0.0000     0.0277   3.18121761    4.3338930   -16.685     8.046
svyoct16_gto105    geo-0001:sv1-20161101-S-6-1A       57693.900228 16-NOV-01 21:36:19.69      1.533600     3  10.90  10.90  44493.51020  0.0000000    9.5353     2.8496     0.0000    47.3295   -29.81      0.01211  0.0000000    0.0158     0.1046     0.0000     0.1030   3.46108696    3.1920352    13.594     6.958
svyoct16_gto105    geo-0002:sv1-20161101-S-6-1B       57693.906883 16-NOV-01 21:45:54.69      1.533600     3  15.60  15.70  42907.37378  0.0000000   15.3865    19.4967     0.0000    31.1662    -9.51      0.00846  0.0000000    0.0146     0.0338     0.0000     0.0324   3.46364788    4.0915292     0.000     0.000
svyoct16_gto105    geo-0001:sv1-20161101-S-8-1A       57693.930784 16-NOV-01 22:20:19.73      2.299680     3  19.30  19.30  44407.34262  0.0000000    7.6585   301.6254     0.0000   108.2250   -28.71      0.02138  0.0000000    0.0132     0.2935     0.0000     0.2909   3.44214598    3.4128538    33.291     7.272
svyoct16_gto105    geo-0001:sv1-20161101-S-9-1A       57693.938735 16-NOV-01 22:31:46.70      3.067200     5  19.10  19.10  56225.05162  0.0000000    7.3836   290.7592     0.0000   120.2572  -179.98      0.00984  0.0000000    0.0075     0.0985     0.0000     0.0977   3.43206294    3.3252972    31.641     6.373
svyoct16_gto105    geo-0001:sv1-20161101-S-9-1B       57693.936339 16-NOV-01 22:28:19.68      2.299680     4  11.10  11.10  42432.10388  0.0000000    9.4666   355.6225     0.0000    54.2047    -3.43      0.00406  0.0000000    0.0048     0.0409     0.0000     0.0403   3.42336102    3.5733233    30.735     7.666
svyoct16_gto105    geo-0001:sv1-20161103-S-11-1B      57696.159105 16-NOV-04 03:49:06.67      2.299680     4  19.50  19.60  42103.99395  0.0000000    5.6646   313.5930     0.0000    95.8224     0.77      0.01776  0.0000000    0.0042     0.3667     0.0000     0.3649   2.58035083    1.4336105   -51.661     5.635
svyoct16_gto105    geo-0001:sv1-20161103-S-12-1A      57696.164603 16-NOV-04 03:57:01.69      2.299680     4  17.90  17.90  51545.90467  0.0000000    9.3748   251.4486     0.0000   156.7297  -120.08      0.02609  0.0000000    0.0394     0.1037     0.0000     0.1022   2.57018112    0.2239241   -54.633     3.690
svyoct16_gto105    geo-0002:sv1-20161103-S-12-1A      57696.166200 16-NOV-04 03:59:19.68      5.366880     7  18.90  18.90  70168.63755  0.0000000    4.4705     7.0938     0.0000    40.1755  -358.45      0.02931  0.0000000    0.0260     0.2852     0.0000     0.2843   2.56135141    0.2713773   -56.483     2.882
svyoct16_gto105    geo-0001:sv1-20161103-S-8-1A       57696.128307 16-NOV-04 03:04:45.72      2.299680     3  18.40  18.50  44759.54775  0.0000000    4.5692   325.5614     0.0000    83.7162   -33.22      0.00718  0.0000000    0.0015     0.1714     0.0000     0.1709   3.03473689    0.4655262   -40.730     4.542
svynov16_gto105    geo-0001:sv1-20161130-S-11-1B      57722.938249 16-NOV-30 22:31:04.71      3.833280     6  17.10  17.10  51490.01494  0.0000000   10.8254    13.7893     0.0000    46.7345  -119.37      0.01070  0.0000000    0.0120     0.0686     0.0000     0.0673   4.13295836    5.0021406    12.018     7.861
svynov16_gto105    geo-0002:sv1-20161130-S-11-1B      57722.943041 16-NOV-30 22:37:58.74      1.533600     3  15.10  15.20  36639.80740  0.0000000   14.2752    22.0718     0.0000    37.7916    70.72      0.02755  0.0000000    0.0526     0.1677     0.0000     0.1623   4.14062398    4.3821975     9.275     8.691
svynov16_gto105    geo-0001:sv1-20161130-S-15-1A      57722.983921 16-NOV-30 23:36:50.77      3.067200     4  18.60  18.60  62221.07717  0.0000000   33.2751    50.6118     0.0000    11.4379  -256.72      0.02553  0.0000000    0.0337     0.0129     0.0000     0.0108   4.05480181    3.4928666    -4.266     6.246
svynov16_gto105    geo-0002:sv1-20161130-S-15-1A      57722.984986 16-NOV-30 23:38:22.79      2.299680     3   0.00   0.00  62097.34833  0.0000000   32.9779    50.4915     0.0000    11.7536  -255.14      0.02365  0.0000000    0.0312     0.0123     0.0000     0.0103   0.00000000    0.0000000     0.000     0.000
svynov16_gto105                                       57723.089649 16-DEC-01 02:09:05.67      2.299680     4   0.00   0.00  42592.97177  0.0000000    9.4557   355.6065     0.0000    64.2277    -5.48      0.02058  0.0000000    0.0180     0.2292     0.0000     0.2261   0.00000000    0.0000000     0.000     0.000
svynov16_gto105    geo-0001:sv1-20161130-S-30-1B      57723.154856 16-DEC-01 03:42:59.55      1.533600     3  15.80  15.80  51265.09212  0.0000000    7.9472   349.5428     0.0000    69.0076  -116.49      0.00542  0.0000000    0.0032     0.0606     0.0000     0.0600   3.32204621    4.2033091   -67.819     7.417
svynov16_gto105    geo-0001:sv1-20161130-S-5-1A       57722.862496 16-NOV-30 20:41:59.65      0.766080     2  12.80  12.90  26744.85654  0.0000000   16.6669   271.6592     0.0000   142.5842   197.37      0.00000  0.0000000    0.0000     0.0000     0.0000     0.0000   4.25216153    4.0524259   -41.007    -5.650
svynov16_gto105    geo-0001:sv1-20161202-S-11-1A      57724.930564 16-DEC-02 22:20:00.72      0.766080     2  18.30  18.40  45353.13594  0.0000000   10.5357   297.5012     0.0000   121.7845   -40.81      0.00000  0.0000000    0.0000     0.0000     0.0000     0.0000   4.14407474    5.4658967    12.535     8.942
svynov16_gto105    geo-0001:sv1-20161202-S-11-1B      57724.933492 16-DEC-02 22:24:13.70      2.299680     4  12.60  12.70  42060.09060  0.0000000   10.2991   312.4501     0.0000   106.7796     1.34      0.00434  0.0000000    0.0026     0.0477     0.0000     0.0469   4.14312396    6.3310136    11.243     9.856
svynov16_gto105    geo-0001:sv1-20161202-S-12-1B      57724.939256 16-DEC-02 22:32:31.71      5.366880     7  19.10  19.10  73210.35207  0.0000000    8.6075   345.3175     0.0000    75.8239  -397.39      0.03757  0.0000000    0.0100     0.2695     0.0000     0.2665   4.12444999    6.2641977    10.660     8.344
svynov16_gto105    geo-0001:sv1-20161202-S-16-1A      57724.967903 16-DEC-02 23:13:46.81      1.533600     3  11.40  11.40  37840.46291  0.0000000   11.4202     3.2629     0.0000    56.5792    55.35      0.01910  0.0000000    0.0245     0.1888     0.0000     0.1850   4.07590770    5.4901623    13.287     6.802
svynov16_gto105    geo-0001:sv1-20161202-S-16-1B      57724.962845 16-DEC-02 23:06:29.80      2.299680     4   9.90   9.90  37744.99342  0.0000000   27.1813   259.2724     0.0000   157.2890    56.57      0.01094  0.0000000    0.0237     0.0215     0.0000     0.0193   4.07063564    6.3329904     0.000     0.000
svynov16_gto105    geo-0001:sv1-20161202-S-17-1A      57724.975264 16-DEC-02 23:24:22.80      8.432640     9  18.30  18.30  76688.51497  0.0000000    8.6404   297.6875     0.0000   122.0842  -441.91      0.07349  0.0000000    0.0411     0.4296     0.0000     0.4248   4.04313344    5.2810804    -3.258     7.313
svynov16_gto105    geo-0001:sv1-20161202-S-18-1B      57724.989811 16-DEC-02 23:45:19.67      1.533600     3  16.50  16.60  45356.28745  0.0000000    9.9109   309.2036     0.0000   110.0000   -40.85      0.03819  0.0000000    0.0250     0.3936     0.0000     0.3877   4.02191232    6.1840444    -9.094     9.308
svynov16_gto105    geo-0002:sv1-20161202-S-18-1B      57724.993538 16-DEC-02 23:50:41.68      4.599360     7  18.60  18.60  59857.61470  0.0000000   11.6507    10.9878     0.0000    49.4298  -226.47      0.01539  0.0000000    0.0137     0.0802     0.0000     0.0785   4.02062626    6.3453965   -10.094     8.824
svynov16_gto105    geo-0001:sv1-20161202-S-22-1B      57725.019163 16-DEC-03 00:27:35.68      2.299680     4  11.20  11.20  42211.20156  0.0000000    9.5516   331.3582     0.0000    88.2528    -0.60      0.00417  0.0000000    0.0004     0.0516     0.0000     0.0508   3.56352447    6.2008872   -19.585     9.547
svynov16_gto105    geo-0001:sv1-20161202-S-27-1A      57725.058065 16-DEC-03 01:23:36.81      5.366880     7  14.90  15.00  63813.27394  0.0000000   11.6835    17.0024     0.0000    41.9240  -277.10      0.01096  0.0000000    0.0104     0.0467     0.0000     0.0458   3.46242817    5.3307639   -34.884     7.776
svynov16_gto105    geo-0001:sv1-20161202-S-28-1B      57725.077938 16-DEC-03 01:52:13.84      2.299680     4  17.10  17.20  42460.19700  0.0000000   13.2411    11.9689     0.0000    48.4064    -3.78      0.02044  0.0000000    0.0275     0.1365     0.0000     0.1329   3.44098418    6.3712921   -40.781     9.863
svynov16_gto105    geo-0001:sv1-20161202-S-29-1A      57725.082370 16-DEC-03 01:58:36.76      3.065760     5  12.90  13.00  47575.46439  0.0000000    9.7083   353.3943     0.0000    65.7598   -69.26      0.02318  0.0000000    0.0169     0.2246     0.0000     0.2215   3.41450136    5.5104872   -43.145     8.845
svynov16_gto105    geo-0002:sv1-20161202-S-3-1A       57724.843110 16-DEC-02 20:14:04.70      0.766080     2  16.60  16.60  47068.31063  0.0000000   10.7573     6.8460     0.0000    54.1812   -62.77      0.00000  0.0000000    0.0000     0.0000     0.0000     0.0000   4.27566950    5.2027114    44.925     8.705
svynov16_gto105    geo-0001:sv1-20161202-S-5-1A       57724.870772 16-DEC-02 20:53:54.70      3.067200     4  19.30  19.40  44670.10210  0.0000000    9.5461   310.1163     0.0000   109.3760   -32.07      0.01112  0.0000000    0.0072     0.1211     0.0000     0.1194   4.23321710    5.3509852    34.139     9.001
svynov16_gto105    geo-0001:sv1-20161202-S-5-1B       57724.873168 16-DEC-02 20:57:21.71      3.067200     5  17.40  17.40  48720.36363  0.0000000    9.8416   308.0646     0.0000   111.9257   -83.92      0.00527  0.0000000    0.0035     0.0499     0.0000     0.0491   4.23261597    6.0153338    33.817     9.123
