Campaign           Name                              Osc_epoch     Date      Time        arcl [min]    # obs mag_c   mag_u  a(km)        e          i(dg)     raan(dg)   w(dg)      s(dg)      dn(dg/d) da(km)       de         di(dg)    draan(dg)  dw(dg)     ds(dg)     R.A.(h)      Decl.(dg)    lon(dg)   lat(dg)  
svyjan23_gto105    geo-0003:sv1-20230121-S-14-1A      59966.059308 23-JAN-22 01:25:24.21      0.732960     2  18.10  18.30  36444.14498  0.0000000   40.5134   335.2945     0.0000   171.3476    73.22      0.00000  0.0000000    0.0000     0.0000     0.0000     0.0000  10.10580945    1.0021489     6.196     5.608
follow_aiub2       geo-0001:sv1-20230125-U-13-1       59970.016806 23-JAN-26 00:24:12.03      0.367200     2  18.00  18.80  38633.70710  0.0000000   14.5803   308.8633     0.0000   112.1112    45.19      0.00000  0.0000000    0.0000     0.0000     0.0000     0.0000   3.36455636    9.5240706   -69.463    13.487
followjan23        geo-0002:sv1-20230125-U-15-1       59970.042929 23-JAN-26 01:01:49.06      1.833120     4  18.30  18.80  39397.94511  0.0000000   14.4641   309.0697     0.0000   122.3932    35.41      0.00480  0.0000000    0.0057     0.0359     0.0000     0.0347   4.20375846    8.3211096   -68.226    12.175
follow_aiub2       geo-0001:sv1-20230125-U-24-1       59970.196346 23-JAN-26 04:42:44.29      2.566080     8  18.30  18.30  50057.09224  0.0000000    4.8504    90.6995     0.0000    34.3043  -101.03      0.00924  0.0000000    0.0129     0.1050     0.0000     0.1047   7.57214704   -0.4627152   -71.002     2.731
followjan23        geo-0001:sv1-20230125-U-26-1       59970.222757 23-JAN-26 05:20:46.20      2.933280     8  18.80  18.90  50869.84135  0.0000000    3.7676    77.2786     0.0000    54.8428  -111.43      0.00826  0.0000000    0.0079     0.1719     0.0000     0.1715   8.25481976   -0.2034327   -73.382     3.080
followjan23        geo-0001:sv1-20230125-U-27-1       59970.228057 23-JAN-26 05:28:24.12      2.200320     7  16.80  16.90  37520.36211  0.0000000   11.1497    33.9241     0.0000   120.2523    59.44      0.01509  0.0000000    0.0180     0.1577     0.0000     0.1546   9.55254593    5.4115624   -52.704     9.616
followfeb23        geo-0001:sv1-20230224-U-28-1       60000.261933 23-FEB-25 06:17:11.01      1.833120     6  16.70  16.70  34107.66134  0.0000000    8.4969    56.5113     0.0000   118.1772   103.13      0.00247  0.0000000    0.0030     0.0377     0.0000     0.0372  11.04502862    2.3724634   -74.203     7.484
followfeb23        geo-0001:sv1-20230224-U-29-1       60000.265264 23-FEB-25 06:21:58.80      4.033440    11  18.50  18.50  55896.55706  0.0000000    6.7020    78.6771     0.0000    93.4766  -175.77      0.00481  0.0000000    0.0005     0.0623     0.0000     0.0619  11.07219119    3.4614013   -78.181     6.690
followfeb23        geo-0001:sv1-20230224-U-9-1        60000.013685 23-FEB-25 00:19:42.38      3.666240    10  17.00  17.10  62851.54300  0.0000000   37.5364   357.5572     0.0000   177.7998  -264.79      0.00579  0.0000000    0.0077     0.0004     0.0000     0.0006  11.55201761   -1.3119450    16.270     1.340
followmar23        geo-0001:sv1-20230316-U-13-1       60020.053440 23-MAR-17 01:16:57.21      2.200320     7  18.50  18.60  40936.16960  0.0000000    9.7584   312.9580     0.0000   227.9007    15.72      0.00364  0.0000000    0.0051     0.0337     0.0000     0.0332  12.04066164  -13.0757393   -13.163    -7.225
followmar23        geo-0002:sv1-20230316-U-13-1       60020.054204 23-MAR-17 01:18:03.22      2.933280     8  19.50  19.50  42344.10540  0.0000000    8.6296   298.6236     0.0000   242.1089    -2.30      0.00496  0.0000000    0.0047     0.0592     0.0000     0.0586  12.03564324  -13.2127882   -13.420    -7.621
followmar23        geo-0001:sv1-20230316-U-14-1       60020.057539 23-MAR-17 01:22:51.36      2.200320     7  16.90  16.90  42235.93400  0.0000000    8.5152   298.4755     0.0000   240.0657    -0.91      0.00348  0.0000000    0.0035     0.0414     0.0000     0.0410  11.53033580  -13.0553051   -16.820    -7.372
followmar23        geo-0002:sv1-20230316-U-14-1       60020.058049 23-MAR-17 01:23:35.43      2.933280     9  18.50  18.50  41405.05497  0.0000000    8.9724   304.4601     0.0000   233.9882     9.72      0.00390  0.0000000    0.0047     0.0422     0.0000     0.0417  11.52136592  -13.0513238   -17.157    -7.247
followmar23        geo-0001:sv1-20230316-U-15-1       60020.061636 23-MAR-17 01:28:45.35      1.467360     5  19.50  19.60  42376.13237  0.0000000    8.5876   299.7123     0.0000   244.6053    -2.71      0.00607  0.0000000    0.0053     0.0743     0.0000     0.0734  12.18553059  -13.2954848   -12.498    -7.752
followmar23        geo-0002:sv1-20230316-U-15-1       60020.062145 23-MAR-17 01:29:29.32      2.566080     8  18.40  18.40  40946.52112  0.0000000    9.7759   313.0795     0.0000   231.0650    15.59      0.00430  0.0000000    0.0057     0.0416     0.0000     0.0410  12.17221676  -13.3236800   -13.014    -7.590
followmar23        geo-0001:sv1-20230316-U-16-1       60020.066497 23-MAR-17 01:35:45.34      2.566080     8  18.20  18.20  41656.04205  0.0000000    8.7634   307.1598     0.0000   236.5726     6.51      0.00354  0.0000000    0.0040     0.0401     0.0000     0.0396  12.14533556  -13.0639934   -14.897    -7.305
followmar23        geo-0001:sv1-20230316-U-17-1       60020.070594 23-MAR-17 01:41:39.32      2.566080     8  18.80  18.90  43031.56887  0.0000000   10.3706   312.6566     0.0000   229.8245   -11.10      0.00470  0.0000000    0.0060     0.0398     0.0000     0.0392  12.07279785  -13.3441866   -17.783    -7.906
followmar23        geo-0001:sv1-20230316-U-21-1       60020.130618 23-MAR-17 03:08:05.39      1.100160     3  16.40  16.40  42760.01440  0.0000000    7.9654   288.8724     0.0000   252.0124    -7.62      0.00000  0.0000000    0.0000     0.0000     0.0000     0.0000  11.48519678  -13.0315194   -40.745    -7.574
follow_aiub2       geo-0002:sv1-20230316-U-3-1        60019.895515 23-MAR-16 21:29:32.49      2.200320     7   9.50  13.10  43082.68504  0.0000000    3.1599    68.2861     0.0000     2.9400   -11.75      0.00333  0.0000000    0.0066     0.0087     0.0000     0.0090   4.20282504   -4.1040828   -65.376     0.162
follow_aiub2       geo-0003:sv1-20230316-U-3-1        60019.895770 23-MAR-16 21:29:54.52      2.933280     9  10.30  15.30  42162.58904  0.0000000   -0.1565   261.0868     0.0000   170.1109     0.02      0.00342  0.0000000    0.0069     0.4424     0.0000     0.4425   4.19453876   -4.2901729   -65.492    -0.027
follow_aiub2       geo-0001:sv1-20230316-U-7-1        60019.969345 23-MAR-16 23:15:51.40      1.100160     4  10.60  11.70  43087.12739  0.0000000    3.2918    69.3337     0.0000    27.7029   -11.81      0.03083  0.0000000    0.0541     0.4994     0.0000     0.4989   6.03173136   -2.4147790   -66.251     1.530
follow_aiub2       geo-0001:sv1-20230317-U-15-1       60021.083590 23-MAR-18 02:00:22.17      2.200320     7  16.90  17.10  36584.75958  0.0000000    8.7884   126.7222     0.0000    24.1784    71.42      0.01157  0.0000000    0.0251     0.0752     0.0000     0.0746   9.37590101   -1.1745839   -54.827     3.588
follow_aiub2       geo-0002:sv1-20230317-U-15-1       60021.085118 23-MAR-18 02:02:34.19      0.732960     3  18.30  18.40  39674.23053  0.0000000    3.4655    83.9013     0.0000    66.3625    31.88      0.02796  0.0000000    0.0245     0.9250     0.0000     0.9234   9.37597967   -1.1948994   -55.802     3.174
followmar23        geo-0001:sv1-20230317-U-16-1       60021.087177 23-MAR-18 02:05:32.09      3.666240    11  16.60  16.60  72231.75539  0.0000000   30.3632   176.6059     0.0000   350.5940  -384.86      0.00915  0.0000000    0.0102     0.0033     0.0000     0.0029  11.06492255   -7.3947670   -38.299    -4.739
followmar23        geo-0001:sv1-20230317-U-17-1       60021.094159 23-MAR-18 02:15:35.33      1.467360     5  18.00  18.00  45113.23980  0.0000000    6.8584   298.3992     0.0000   243.2731   -37.74      0.00742  0.0000000    0.0063     0.1047     0.0000     0.1039  11.59473905  -11.1511464   -27.784    -6.123
followmar23        geo-0001:sv1-20230317-U-18-1       60021.102734 23-MAR-18 02:27:56.21      2.566080     8  17.40  17.50  40279.25553  0.0000000    3.3394    81.5413     0.0000    75.5172    24.13      0.00577  0.0000000    0.0031     0.2060     0.0000     0.2057  10.05487703   -1.1123498   -55.351     3.233
followmar23        geo-0002:sv1-20230317-U-18-1       60021.103498 23-MAR-18 02:29:02.22      1.833120     4  18.70  18.80  45996.34991  0.0000000    2.8380    74.6794     0.0000    81.7318   -49.05      0.03101  0.0000000    0.0085     1.1487     0.0000     1.1473  10.05592988   -1.0301095   -56.261     2.808
followmar23        geo-0002:sv1-20230317-U-20-1       60021.122039 23-MAR-18 02:55:44.16      2.200320     7  19.40  19.50  42464.04545  0.0000000    4.3544   275.9801     0.0000   268.1439    -3.83      0.00000  0.0000000    0.0000     0.0000     0.0000     0.0000  12.05283789   -9.3335938   -35.236    -4.352
followmar23        geo-0001:sv1-20230317-U-23-1       60021.170187 23-MAR-18 04:05:04.15      1.833120     6  17.60  17.60  38114.18338  0.0000000   15.5949   329.0192     0.0000   213.8303    51.84      0.00836  0.0000000    0.0158     0.0398     0.0000     0.0383  11.43390858  -14.3654194   -54.873    -8.608
followmar23        geo-0001:sv1-20230317-U-25-1       60021.196274 23-MAR-18 04:42:38.07      1.467360     5  17.20  17.20  40543.21439  0.0000000    5.7464   293.4701     0.0000   253.4235    20.75      0.00879  0.0000000    0.0054     0.1780     0.0000     0.1771  12.03174953  -10.4414113   -59.338    -5.507
followmar23        geo-0001:sv1-20230317-U-26-1       60021.200372 23-MAR-18 04:48:32.14      2.200320     7  18.40  18.40  42330.81289  0.0000000    5.4130   286.9078     0.0000   261.7707    -2.13      0.00000  0.0000000    0.0000     0.0000     0.0000     0.0000  12.11514958  -10.2035918   -58.990    -5.357
followmar23        geo-0002:sv1-20230317-U-26-1       60021.201390 23-MAR-18 04:50:00.09      2.200320     7  17.80  17.90  40318.90405  0.0000000    5.6697   291.8293     0.0000   257.0615    23.62      0.00553  0.0000000    0.0027     0.1162     0.0000     0.1156  12.11162028  -10.4731484   -59.170    -5.525
followmar23        geo-0001:sv1-20230317-U-28-1       60021.227294 23-MAR-18 05:27:18.20      2.566080     8  17.50  17.50  39740.48719  0.0000000    5.6139   294.4843     0.0000   264.6179    31.03      0.00191  0.0000000    0.0004     0.0420     0.0000     0.0418  12.52142861  -10.5742203   -58.274    -5.589
followmar23        geo-0001:sv1-20230317-U-9-1        60020.983914 23-MAR-17 23:36:50.16      1.100160     4  16.60  16.60  54813.97628  0.0000000   11.0537   311.7228     0.0000   220.2118  -161.91      0.01283  0.0000000    0.0148     0.0654     0.0000     0.0642  11.34031298  -11.1722258     1.913    -7.110
followmar23        geo-0001:sv1-20230318-U-18-1       60022.064338 23-MAR-19 01:32:38.80      2.933280     9  17.60  17.60  43797.67269  0.0000000    4.0094   273.9485     0.0000   271.0064   -20.90      0.00000  0.0000000    0.0000     0.0000     0.0000     0.0000  12.21092663   -9.0425879   -14.554    -4.009
followmar23        geo-0001:sv1-20230318-U-19-1       60022.068181 23-MAR-19 01:38:10.83      2.566080     6  18.90  18.90  50479.70501  0.0000000   14.0502   328.2951     0.0000   203.1092  -106.43      0.00456  0.0000000    0.0070     0.0124     0.0000     0.0121  11.16308611   -9.5444308   -30.116    -5.468
followmar23        geo-0001:sv1-20230318-U-20-1       60022.074326 23-MAR-19 01:47:01.76      2.200320     7  19.20  19.20  43773.15072  0.0000000    3.2554   275.9334     0.0000   269.8034   -20.59      0.00559  0.0000000    0.0006     0.1924     0.0000     0.1921  12.22360940   -8.1329761   -17.380    -3.255
followmar23        geo-0001:sv1-20230318-U-26-1       60022.157175 23-MAR-19 03:46:19.92      2.200320     7  18.40  18.40  44665.62954  0.0000000    4.0559   268.0847     0.0000   276.9318   -32.01      0.00557  0.0000000    0.0014     0.1487     0.0000     0.1484  12.03226185   -8.4633536   -47.990    -4.026
followmar23        geo-0001:sv1-20230318-U-27-1       60022.160765 23-MAR-19 03:51:30.09      2.933280     8  18.60  18.60  49975.82787  0.0000000   13.0856   323.6028     0.0000   209.9540   -99.98      0.00545  0.0000000    0.0080     0.0205     0.0000     0.0200  11.11522660  -10.4230514   -61.411    -6.491
followmar23        geo-0001:sv1-20230319-U-13-1       60023.083589 23-MAR-20 02:00:22.08      0.732960     3  18.70  18.80  41521.82743  0.0000000    2.2039   257.8522     0.0000   294.8867     8.23      0.00653  0.0000000    0.0058     0.3201     0.0000     0.3199  12.52201082   -7.0549939   -14.691    -1.999
followmar23        geo-0001:sv1-20230319-U-15-1       60023.092833 23-MAR-20 02:13:40.77      3.666240    11  16.50  16.50  46844.82061  0.0000000   13.1834   331.8757     0.0000   212.8671   -59.91      0.00291  0.0000000    0.0044     0.0127     0.0000     0.0123  12.10461503  -12.0849518   -26.734    -7.110
followmar23        geo-0002:sv1-20230319-U-15-1       60023.093343 23-MAR-20 02:14:24.83      2.200320     6  18.90  18.90  42438.84460  0.0000000   12.5794   333.3967     0.0000   211.5083    -3.51      0.00990  0.0000000    0.0170     0.0486     0.0000     0.0474  12.11071113  -12.0527711   -26.679    -6.536
followmar23        geo-0003:sv1-20230319-U-15-1       60023.093852 23-MAR-20 02:15:08.81      2.200320     4  16.90  16.90  45080.26371  0.0000000   12.2691   329.3491     0.0000   215.5447   -37.32      0.00690  0.0000000    0.0106     0.0359     0.0000     0.0350  12.11196869  -12.2107086   -26.881    -7.096
followmar23        geo-0001:sv1-20230319-U-16-1       60023.097440 23-MAR-20 02:20:18.81      3.300480     9  17.90  17.90  54076.49501  0.0000000    9.9192   327.9999     0.0000   202.3752  -152.47      0.01204  0.0000000    0.0171     0.0417     0.0000     0.0410  11.08558892   -7.3817566   -42.373    -3.760
followmar23        geo-0002:sv1-20230319-U-16-1       60023.097949 23-MAR-20 02:21:02.79      2.200320     5  18.50  18.50  57741.48667  0.0000000    4.8580   281.6694     0.0000   248.3342  -199.39      0.01831  0.0000000    0.0097     0.2876     0.0000     0.2865  11.09016748   -8.1115539   -42.697    -4.514
followmar23        geo-0001:sv1-20230319-U-18-1       60023.126044 23-MAR-20 03:01:30.20      1.833120     6  18.60  18.70  42338.22580  0.0000000    1.8910   294.8628     0.0000   258.9809    -2.22      0.00772  0.0000000    0.0031     0.4666     0.0000     0.4663  12.47594769   -6.4739442   -28.934    -1.856
followmar23        geo-0001:sv1-20230319-U-19-1       60023.128613 23-MAR-20 03:05:12.16      2.933280     8  19.20  19.30  42772.95552  0.0000000    1.8538   268.5353     0.0000   279.8372    -7.79      0.00324  0.0000000    0.0012     0.1976     0.0000     0.1975  12.22346932   -6.4011844   -35.322    -1.827
follow_aiub2       geo-0001:sv1-20230319-U-26-1       60023.210118 23-MAR-20 05:02:34.19      2.566080     7  17.10  17.70  41341.69606  0.0000000    3.8514    70.3006     0.0000   172.0414    10.53      0.00270  0.0000000    0.0056     0.0120     0.0000     0.0121  16.13116482   -4.1221414   -10.762     0.533
followmar23        geo-0001:sv1-20230319-U-28-1       60023.236786 23-MAR-20 05:40:58.31      2.933280     9  17.30  18.10  41089.91198  0.0000000    3.9913    70.6084     0.0000   181.6863    13.75      0.00285  0.0000000    0.0060     0.0057     0.0000     0.0058  16.53079149   -4.5900365   -10.458    -0.117
followmar23        geo-0001:sv1-20230319-U-29-1       60023.245049 23-MAR-20 05:52:52.23      1.100160     4  17.00  17.20  43687.06886  0.0000000    3.0881    95.3815     0.0000   115.9938   -19.49      0.01398  0.0000000    0.0121     0.4574     0.0000     0.4567  13.45381430   -1.1819186   -54.323     2.775
followmar23        geo-0003:sv1-20230319-U-29-1       60023.246577 23-MAR-20 05:55:04.25      1.833120     5  16.50  16.60  32756.02723  0.0000000   18.4256    45.2031     0.0000   166.8843   120.43      0.00504  0.0000000    0.0135     0.0104     0.0000     0.0097  13.43416293   -1.2012161   -53.544     4.113
followmar23        geo-0002:sv1-20230320-U-22-1       60024.146845 23-MAR-21 03:31:27.40      1.833120     6  19.00  19.10  42031.60124  0.0000000    1.5990   338.1195     0.0000   218.5753     1.70      0.00433  0.0000000    0.0069     0.1999     0.0000     0.1998  12.56003083   -5.4946469   -34.582    -0.997
followmar23        geo-0001:sv1-20230320-U-23-1       60024.151451 23-MAR-21 03:38:05.36      2.200320     5  19.60  19.60  42239.83112  0.0000000    1.6678   321.9001     0.0000   228.5549    -0.96      0.00484  0.0000000    0.0065     0.2548     0.0000     0.2546  12.26457470   -6.0210261   -42.486    -1.250
followmar23        geo-0001:sv1-20230320-U-25-1       60024.178558 23-MAR-21 04:17:07.41      2.933280     9  17.10  17.10  42260.02268  0.0000000    2.1651   307.2104     0.0000   241.8146    -1.22      0.00519  0.0000000    0.0049     0.2467     0.0000     0.2465  12.15349674   -6.3924855   -53.706    -1.908
followmar23        geo-0001:sv1-20230320-U-29-1       60024.230905 23-MAR-21 05:32:30.19      1.100160     4  19.20  19.30  42003.59587  0.0000000    6.3458    56.0780     0.0000   156.9668     2.06      0.00679  0.0000000    0.0129     0.0496     0.0000     0.0492  13.54315178   -1.5011040   -48.440     2.479
followmar23        geo-0001:sv1-20230320-U-31-1       60024.239609 23-MAR-21 05:45:02.21      2.566080     8  18.70  18.90  43010.92867  0.0000000    3.1442   102.1587     0.0000   115.4338   -10.83      0.00412  0.0000000    0.0036     0.1354     0.0000     0.1352  14.13264582   -1.1916230   -47.127     2.839
followmar23        geo-0001:sv1-20230320-U-7-1        60023.942586 23-MAR-20 22:37:19.43      0.732960     3  18.70  18.80  42526.44042  0.0000000   17.1179    17.8561     0.0000   139.7650    -4.63      0.01923  0.0000000    0.0299     0.0858     0.0000     0.0821  10.46374640    7.5451918     1.364    10.960
followmar23        geo-0002:sv1-20230320-U-7-1        60023.943095 23-MAR-20 22:38:03.40      2.933280     8  15.70  15.80  53845.16538  0.0000000   10.2884    76.4213     0.0000    82.7564  -149.51      0.00541  0.0000000    0.0010     0.0467     0.0000     0.0459  10.44402932    7.4719877     1.345    10.205
followmar23        geo-0001:sv1-20230320-U-9-1        60023.951035 23-MAR-20 22:49:29.42      2.933280     8  18.70  18.70  43617.01838  0.0000000    1.6778   327.7602     0.0000   222.0910   -18.59      0.00557  0.0000000    0.0080     0.2516     0.0000     0.2515  13.02377794   -5.3230760    29.257    -1.125
followmar23        geo-0002:sv1-20230320-U-9-1        60023.951035 23-MAR-20 22:49:29.42      2.200320     6  20.20  20.20  41982.07762  0.0000000    1.5928   317.3614     0.0000   232.3050     2.34      0.00538  0.0000000    0.0067     0.3141     0.0000     0.3141  13.02494898   -5.5239865    29.074    -1.260
followapr23        geo-0001:sv1-20230420-U-13-1       60055.057815 23-APR-21 01:23:15.21      2.200320     7  20.30  20.30  42368.01139  0.0000000    8.9372   299.0361     0.0000   279.0321    -2.60      0.00574  0.0000000    0.0020     0.0736     0.0000     0.0727  14.35578948  -14.4204642   -11.506    -8.825
followapr23        geo-0002:sv1-20230420-U-14-1       60055.063209 23-APR-21 01:31:01.25      0.367200     2  19.70  19.70  47534.96444  0.0000000    9.2226   300.7866     0.0000   275.4309   -68.74      0.00000  0.0000000    0.0000     0.0000     0.0000     0.0000  14.25556332  -14.2335424   -15.342    -9.181
followapr23        geo-0001:sv1-20230420-U-16-1       60055.095326 23-APR-21 02:17:16.16      1.833120     6  14.00  14.00  48971.89022  0.0000000   23.1488    10.4419     0.0000   211.5755   -87.13      0.01379  0.0000000    0.0201     0.0317     0.0000     0.0292  14.36111313  -17.1105269   -23.310   -11.879
followapr23        geo-0001:sv1-20230420-U-23-1       60055.175361 23-APR-21 04:12:31.19      2.933280     9  17.40  17.40  44630.05295  0.0000000    9.8294   316.2758     0.0000   262.5330   -31.56      0.00331  0.0000000    0.0009     0.0365     0.0000     0.0359  14.15210844  -14.5549007   -53.417    -9.745
followapr23        geo-0001:sv1-20230420-U-26-1       60055.234123 23-APR-21 05:37:08.22      0.732960     3  19.70  20.10  39977.55980  0.0000000    3.5249    71.3409     0.0000   192.3947    27.99      0.02053  0.0000000    0.0436     0.1624     0.0000     0.1619  17.26317473   -5.5040836   -29.615    -0.756
followapr23        geo-0002:sv1-20230422-U-12-1       60056.999853 23-APR-22 23:59:47.29      2.566080     8  18.30  18.30  42389.52647  0.0000000    6.9478   292.0620     0.0000   289.8063    -2.88      0.00511  0.0000000    0.0036     0.0800     0.0000     0.0794  15.04167716  -11.5325209    11.272    -6.535
followapr23        geo-0001:sv1-20230422-U-15-1       60057.031866 23-APR-23 00:45:53.22      2.933280     9  18.40  18.40  42033.73395  0.0000000    7.9215   295.1294     0.0000   282.8418     1.67      0.00414  0.0000000    0.0020     0.0596     0.0000     0.0590  14.40066576  -13.2759753    -4.196    -7.722
followapr23        geo-0001:sv1-20230422-U-18-1       60057.101796 23-APR-23 02:26:35.17      2.566080     6  19.20  19.20  42234.13090  0.0000000    7.6159   295.5180     0.0000   291.3620    -0.89      0.00490  0.0000000    0.0037     0.0697     0.0000     0.0691  15.05543875  -12.4607349   -20.478    -7.090
followapr23        geo-0002:sv1-20230422-U-18-1       60057.103324 23-APR-23 02:28:47.19      1.467360     4  15.10  15.10  28276.25293  0.0000000   18.6226    34.4915     0.0000   193.6800   177.77      0.01340  0.0000000    0.0427     0.0354     0.0000     0.0340  15.06058078  -12.5030844   -20.602    -4.331
followapr23        geo-0001:sv1-20230422-U-19-1       60057.105893 23-APR-23 02:32:29.15      3.300480    10  17.10  17.10  49099.68313  0.0000000    8.4705   303.8997     0.0000   273.5691   -88.77      0.00460  0.0000000    0.0007     0.0531     0.0000     0.0525  14.22260443  -13.2022333   -31.502    -8.454
followapr23        geo-0001:sv1-20230422-U-23-1       60057.168127 23-APR-23 04:02:06.17      2.566080     8  18.90  18.90  40588.07374  0.0000000    7.9369   304.2128     0.0000   283.8016    20.18      0.00305  0.0000000    0.0016     0.0453     0.0000     0.0449  14.56128947  -13.2819516   -43.333    -7.706
followapr23        geo-0002:sv1-20230422-U-28-1       60057.226324 23-APR-23 05:25:54.39      2.200320     7  18.50  19.00  43586.64385  0.0000000    2.1061   262.2545     0.0000     4.5242   -18.20      0.00468  0.0000000    0.0092     0.0246     0.0000     0.0247  17.41492126   -4.1942747   -25.708     0.166
followapr23        geo-0002:sv1-20230422-U-29-1       60057.230167 23-APR-23 05:31:26.42      0.732960     3  18.20  18.60  39817.27088  0.0000000    3.5243    71.8638     0.0000   195.1229    30.04      0.00856  0.0000000    0.0180     0.0817     0.0000     0.0815  17.41119339   -6.0356588   -26.911    -0.919
followapr23        geo-0001:sv1-20230422-U-8-1        60056.963532 23-APR-22 23:07:29.16      0.367200     2  16.70  16.70  36791.04923  0.0000000   25.8986     4.1457     0.0000   218.4643    68.78      0.00000  0.0000000    0.0000     0.0000     0.0000     0.0000  15.04422532  -22.3714265    22.077   -15.765
followapr23        geo-0001:sv1-20230423-U-17-1       60058.118440 23-APR-24 02:50:33.21      2.933280     8  17.40  17.40  42541.28310  0.0000000    6.7673   304.6169     0.0000   275.9386    -4.82      0.00417  0.0000000    0.0011     0.0707     0.0000     0.0703  14.32048463  -12.1336480   -33.928    -6.731
followapr23        geo-0002:sv1-20230423-U-18-1       60058.122792 23-APR-24 02:56:49.22      2.566080     7  18.40  18.40  42070.26040  0.0000000    6.0121   283.7393     0.0000   296.3691     1.21      0.00000  0.0000000    0.0000     0.0000     0.0000     0.0000  14.29250625  -10.4547097   -35.861    -5.385
followapr23        geo-0002:sv1-20230423-U-23-1       60058.192016 23-APR-24 04:36:30.18      2.566080     7  18.50  18.90  43610.51733  0.0000000    2.0922   262.3376     0.0000     3.1510   -18.51      0.00424  0.0000000    0.0083     0.0184     0.0000     0.0183  17.42372153   -4.2347072   -15.598     0.115
followapr23        geo-0002:sv1-20230423-U-24-1       60058.195859 23-APR-24 04:42:02.21      2.566080     7  17.80  18.20  41278.60408  0.0000000    0.6126   351.8306     0.0000   274.6794    11.34      0.00468  0.0000000    0.0010     0.9131     0.0000     0.9131  17.46317812   -5.3123611   -15.961    -0.611
followapr23        geo-0003:sv1-20230423-U-24-1       60058.195859 23-APR-24 04:42:02.21      3.300480     8  17.80  18.20  48321.81866  0.0000000   15.1382    80.6514     0.0000   186.1485   -78.81      0.03375  0.0000000    0.0587     0.0274     0.0000     0.0270  17.46479963   -5.4953094   -15.884    -1.603
followapr23        geo-0001:sv1-20230423-U-25-1       60058.199956 23-APR-24 04:47:56.19      2.933280     8  17.70  18.20  43807.54508  0.0000000    1.6038   289.2362     0.0000   337.1530   -21.03      0.00305  0.0000000    0.0055     0.0823     0.0000     0.0823  17.45064536   -5.1247094   -17.554    -0.623
followapr23        geo-0001:sv1-20230424-U-17-1       60059.065039 23-APR-25 01:33:39.36      3.666240    10  16.70  16.70  53450.83705  0.0000000    6.4000   306.2026     0.0000   257.7215  -144.47      0.00633  0.0000000    0.0021     0.0863     0.0000     0.0857  13.28081479  -10.2915178   -32.384    -6.253
followapr23        geo-0001:sv1-20230424-U-21-1       60059.122977 23-APR-25 02:57:05.21      2.200320     7  17.00  17.00  40792.81942  0.0000000    5.5162   281.5744     0.0000   295.4389    17.56      0.00000  0.0000000    0.0000     0.0000     0.0000     0.0000  14.14081526  -10.2651458   -40.031    -4.980
followapr23        geo-0001:sv1-20230424-U-24-1       60059.147049 23-APR-25 03:31:45.03      2.933280     9  18.30  18.30  45051.79987  0.0000000    5.4080   289.9255     0.0000   275.1754   -36.96      0.00267  0.0000000    0.0006     0.0530     0.0000     0.0528  13.18388955  -10.0058071   -60.714    -5.386
followapr23        geo-0001:sv1-20230424-U-27-1       60059.189794 23-APR-25 04:33:18.20      1.833120     6  19.00  19.00  44333.09447  0.0000000    5.3058   290.5616     0.0000   288.7648   -27.76      0.00297  0.0000000    0.0019     0.0583     0.0000     0.0581  14.14578553   -9.4047017   -61.867    -5.023
followapr23        geo-0001:sv1-20230424-U-29-1       60059.210028 23-APR-25 05:02:26.41      2.566080     6  18.50  18.90  41712.14432  0.0000000    6.7504    78.1101     0.0000   187.2336     5.79      0.00418  0.0000000    0.0086     0.0106     0.0000     0.0105  17.37067597   -5.4341494   -23.278    -0.848
followapr23        geo-0001:sv1-20230424-U-30-1       60059.214343 23-APR-25 05:08:39.23      3.300480     9  17.60  17.90  45239.96279  0.0000000    1.0198   294.2122     0.0000   323.0015   -39.37      0.00319  0.0000000    0.0048     0.2021     0.0000     0.2021  16.59519219   -5.0014858   -32.912    -0.614
followapr23        geo-0001:sv1-20230424-U-31-1       60059.218185 23-APR-25 05:14:11.18      1.833120     6  18.20  18.50  41830.44065  0.0000000    4.3084    69.5738     0.0000   190.5575     4.28      0.00942  0.0000000    0.0191     0.0505     0.0000     0.0503  17.11264920   -5.3703095   -31.415    -0.789
followapr23        geo-0002:sv1-20230424-U-32-1       60059.227502 23-APR-25 05:27:36.17      2.933280     7  17.90  18.20  43782.77862  0.0000000    1.5868   289.4276     0.0000   334.6847   -20.71      0.00496  0.0000000    0.0088     0.1486     0.0000     0.1485  17.28202949   -5.1500156   -30.760    -0.678
followmay23        geo-0002:sv1-20230514-U-10-1       60079.009075 23-MAY-15 00:13:04.08      0.367200     2  20.70  20.70  42809.13237  0.0000000    8.4786   299.8740     0.0000   304.0130    -8.25      0.00000  0.0000000    0.0000     0.0000     0.0000     0.0000  16.31209994  -12.2441222     8.435    -7.020
followmay23        geo-0001:sv1-20230514-U-13-1       60079.051879 23-MAY-15 01:14:42.34      2.200320     5  19.70  19.70  40183.90778  0.0000000    7.6718   304.0624     0.0000   296.2271    25.35      0.00457  0.0000000    0.0044     0.0659     0.0000     0.0654  16.05558987  -12.5057350   -10.701    -6.878
followmay23        geo-0002:sv1-20230514-U-14-1       60079.055465 23-MAY-15 01:19:52.17      2.566080     6  19.70  19.80  40749.51735  0.0000000   10.5585    20.9769     0.0000   222.3338    18.11      0.00817  0.0000000    0.0127     0.0641     0.0000     0.0630  16.15510424  -12.5917923    -9.666    -7.089
followmay23        geo-0003:sv1-20230514-U-14-1       60079.055465 23-MAY-15 01:19:52.17      2.933280     9  18.60  18.60  43214.00324  0.0000000    9.0281   297.4718     0.0000   305.0584   -13.43      0.00347  0.0000000    0.0040     0.0357     0.0000     0.0352  16.15451123  -12.5611365    -9.623    -7.380
followmay23        geo-0003:sv1-20230514-U-16-1       60079.064425 23-MAY-15 01:32:46.32      1.833120     5  18.60  18.60  43995.61663  0.0000000    8.6605   295.9555     0.0000   301.3958   -23.44      0.00589  0.0000000    0.0060     0.0645     0.0000     0.0637  15.49473612  -12.5044924   -18.080    -7.385
follow_aiub2       geo-0002:sv1-20230514-U-23-1       60079.147897 23-MAY-15 03:32:58.30      1.833120     6  17.90  18.00  38859.64276  0.0000000    5.9254    70.3394     0.0000   143.3744    42.30      0.00726  0.0000000    0.0130     0.0933     0.0000     0.0927  13.45509969   -0.5849104   -71.996     3.531
followmay23        geo-0001:sv1-20230514-U-25-1       60079.157063 23-MAY-15 03:46:10.24      2.566080     8  17.90  17.90  41345.55528  0.0000000    8.5816   306.2468     0.0000   299.1149    10.48      0.00322  0.0000000    0.0033     0.0390     0.0000     0.0385  16.06256456  -13.0624111   -43.529    -7.491
followmay23        geo-0001:sv1-20230514-U-26-1       60079.161414 23-MAY-15 03:52:26.16      2.933280     5  20.20  20.20  41425.48231  0.0000000    7.1190   324.3365     0.0000   281.1003     9.46      0.00613  0.0000000    0.0026     0.1003     0.0000     0.0995  16.05077359  -12.3011228   -45.216    -6.985
followmay23        geo-0001:sv1-20230514-U-28-1       60079.178220 23-MAY-15 04:16:38.20      0.732960     3  11.60  11.60  25558.87400  0.0000000   63.9420   228.0634     0.0000     5.0341   212.55      0.03331  0.0000000    0.1191     0.0152     0.0000     0.0117  14.36384774   -2.3246000   -66.524     4.521
followmay23        geo-0002:sv1-20230514-U-28-1       60079.178475 23-MAY-15 04:17:00.24      3.666240    11  16.70  16.80  51634.97808  0.0000000    2.6536   196.6389     0.0000    27.9660  -121.22      0.00618  0.0000000    0.0089     0.1039     0.0000     0.1038  14.36262462   -2.1300296   -72.315     1.244
followmay23        geo-0004:sv1-20230514-U-28-1       60079.178729 23-MAY-15 04:17:22.18      2.566080     8  17.90  18.00  38836.65631  0.0000000    5.9481    70.2918     0.0000   156.0203    42.60      0.00347  0.0000000    0.0071     0.0302     0.0000     0.0300  14.36327412   -2.1130608   -70.560     2.414
follow_aiub2       geo-0002:sv1-20230514-U-29-1       60079.182572 23-MAY-15 04:22:54.22      1.467360     3  20.50  20.50  54905.00082  0.0000000    5.6086   212.6156     0.0000    13.8837  -163.08      0.00760  0.0000000    0.0113     0.0291     0.0000     0.0291  14.45190015   -1.5342928   -71.939     1.344
follow_aiub2       geo-0001:sv1-20230514-U-29-1       60079.182572 23-MAY-15 04:22:54.22      1.467360     4  20.70  20.80  54891.76357  0.0000000    5.6142   212.6319     0.0000    13.8705  -162.91      0.01925  0.0000000    0.0286     0.0737     0.0000     0.0736  14.45194644   -1.5345710   -71.935     1.344
follow_aiub2       geo-0003:sv1-20230514-U-29-1       60079.183590 23-MAY-15 04:24:22.17      2.200320     7  18.00  18.10  38848.05977  0.0000000    5.8723    70.5880     0.0000   157.7084    42.45      0.00408  0.0000000    0.0084     0.0337     0.0000     0.0334  14.44316039   -2.2345745   -70.340     2.224
follow_aiub2       geo-0005:sv1-20230514-U-29-1       60079.184609 23-MAY-15 04:25:50.21      0.732960     3  18.00  18.10  30574.28786  0.0000000   17.4256    62.6636     0.0000   167.3010   148.35      0.01796  0.0000000    0.0513     0.0420     0.0000     0.0385  14.44576074   -2.0422633   -68.580     3.775
followmay23        geo-0001:sv1-20230514-U-31-1       60079.202052 23-MAY-15 04:50:57.29      3.666240    10  17.50  17.50  54964.58766  0.0000000    4.6263   209.0124     0.0000    22.1873  -163.84      0.00487  0.0000000    0.0069     0.0356     0.0000     0.0355  15.03389515   -1.2736829   -74.272     1.745
followmay23        geo-0001:sv1-20230514-U-33-1       60079.210502 23-MAY-15 05:03:07.37      3.300480    10  18.00  19.00  47491.20998  0.0000000   10.6821   300.6642     0.0000     9.7970   -68.18      0.00321  0.0000000    0.0057     0.0057     0.0000     0.0056  20.50552232   -2.0235138     1.838     1.807
followmay23        geo-0001:sv1-20230514-U-9-1        60079.004978 23-MAY-15 00:07:10.09      2.933280     9  18.00  18.00  51919.79495  0.0000000    9.0052   348.1344     0.0000   251.4193  -124.87      0.00295  0.0000000    0.0015     0.0287     0.0000     0.0283  16.07434444  -13.0410134     5.073    -8.532
followmay23        geo-0001:sv1-20230515-U-10-1       60079.972838 23-MAY-15 23:20:53.20      2.933280     9  18.70  18.80  47038.74809  0.0000000    6.4373   337.2588     0.0000   265.9847   -62.39      0.00568  0.0000000    0.0009     0.0908     0.0000     0.0902  16.30541178  -11.0340858    19.569    -6.421
followmay23        geo-0001:sv1-20230515-U-15-1       60080.024344 23-MAY-16 00:35:03.32      2.200320     6  18.70  18.70  43829.55285  0.0000000    8.4400   297.4710     0.0000   302.9441   -21.31      0.01013  0.0000000    0.0108     0.1124     0.0000     0.1111  16.11403278  -12.2710146    -1.541    -7.075
followmay23        geo-0002:sv1-20230515-U-15-1       60080.024344 23-MAY-16 00:35:03.32      2.200320     7  18.60  18.70  43685.28000  0.0000000   11.0453    18.6803     0.0000   222.6357   -19.47      0.00562  0.0000000    0.0080     0.0390     0.0000     0.0383  16.12053738  -12.5352157    -1.459    -7.456
followmay23        geo-0001:sv1-20230515-U-26-1       60080.212398 23-MAY-16 05:05:51.18      2.933280     8  17.90  18.80  43815.74372  0.0000000    1.0395   205.4032     0.0000   103.0701   -21.14      0.00222  0.0000000    0.0010     0.2328     0.0000     0.2328  20.42386240   -3.1910684    -1.651     1.013
followmay23        geo-0001:sv1-20230515-U-27-1       60080.217005 23-MAY-16 05:12:29.23      2.200320     7  17.60  18.60  38239.19133  0.0000000    5.6223   288.1199     0.0000    22.8318    50.24      0.00478  0.0000000    0.0101     0.0445     0.0000     0.0442  20.54066869   -2.4157300    -0.936     2.179
followmay23        geo-0001:sv1-20230516-U-19-1       60081.079340 23-MAY-17 01:54:14.97      3.300480    10  17.70  17.70  44983.72830  0.0000000    5.9393   304.1167     0.0000   297.0299   -36.09      0.00464  0.0000000    0.0041     0.0753     0.0000     0.0749  16.02111452  -10.2058060   -21.808    -5.289
followmay23        geo-0003:sv1-20230516-U-19-1       60081.081123 23-MAY-17 01:56:49.02      1.467360     5  19.00  19.00  43097.65476  0.0000000    9.1518    26.7087     0.0000   215.0709   -11.94      0.01015  0.0000000    0.0165     0.0734     0.0000     0.0725  16.02243947  -10.3252918   -22.288    -5.244
followmay23        geo-0001:sv1-20230516-U-20-1       60081.083949 23-MAY-17 02:00:53.19      2.200320     7  20.30  20.30  42034.33719  0.0000000    5.9393   287.3700     0.0000   315.1502     1.67      0.00000  0.0000000    0.0000     0.0000     0.0000     0.0000  16.07243646   -9.3000006   -22.069    -4.185
followmay23        geo-0001:sv1-20230516-U-22-1       60081.092140 23-MAY-17 02:12:40.89      2.566080     8  18.20  18.20  41123.66234  0.0000000    6.0717   289.2550     0.0000   312.2145    13.32      0.00000  0.0000000    0.0000     0.0000     0.0000     0.0000  16.00378598   -9.5807343   -26.071    -4.493
followmay23        geo-0002:sv1-20230516-U-23-1       60081.096491 23-MAY-17 02:18:56.82      2.200320     6  19.20  19.20  42104.09913  0.0000000    6.5954   287.7369     0.0000   316.3260     0.77      0.00302  0.0000000    0.0045     0.0370     0.0000     0.0367  16.11551711   -9.5328896   -25.018    -4.549
followmay23        geo-0002:sv1-20230516-U-24-1       60081.100843 23-MAY-17 02:25:12.83      2.200320     7  18.60  18.60  43078.18040  0.0000000    9.2561    27.1945     0.0000   221.4833   -11.70      0.00337  0.0000000    0.0050     0.0277     0.0000     0.0274  16.29437366  -11.3200188   -22.537    -6.116
followmay23        geo-0003:sv1-20230516-U-24-1       60081.101097 23-MAY-17 02:25:34.78      1.833120     6  17.30  17.30  37064.00498  0.0000000    7.0261   298.4339     0.0000   309.6509    65.29      0.00507  0.0000000    0.0077     0.0752     0.0000     0.0747  16.28577292  -11.4344224   -22.637    -5.404
followmay23        geo-0002:sv1-20230516-U-26-1       60081.120751 23-MAY-17 02:53:52.88      2.200320     7  17.50  17.60  36927.35181  0.0000000    7.0529   297.9312     0.0000   318.7865    67.04      0.00294  0.0000000    0.0053     0.0374     0.0000     0.0371  17.04357638  -10.5240011   -21.096    -4.640
followmay23        geo-0001:sv1-20230516-U-29-1       60081.157213 23-MAY-17 03:46:23.20      4.033440    12  16.70  16.70  62708.49859  0.0000000   13.6699    19.9402     0.0000   215.0129  -262.96      0.00232  0.0000000    0.0025     0.0075     0.0000     0.0073  15.22210178  -11.1356266   -57.008    -7.793
followmay23        geo-0001:sv1-20230516-U-30-1       60081.161310 23-MAY-17 03:52:17.18      1.100160     4  18.40  18.40  45324.62609  0.0000000   12.8670   265.4823     0.0000   334.8028   -40.45      0.02117  0.0000000    0.0359     0.0756     0.0000     0.0740  15.45073373  -10.1106638   -51.828    -5.440
followmay23        geo-0002:sv1-20230516-U-30-1       60081.161565 23-MAY-17 03:52:39.21      2.933280     9  18.70  18.70  45037.59602  0.0000000    5.9622   305.7485     0.0000   294.5794   -36.78      0.00355  0.0000000    0.0028     0.0585     0.0000     0.0582  15.43120667  -10.1119081   -52.316    -5.420
followmay23        geo-0001:sv1-20230516-U-32-1       60081.181726 23-MAY-17 04:21:41.12      3.666240    11  18.00  18.00  52632.93089  0.0000000   19.4440    34.7640     0.0000   205.6849  -134.00      0.00339  0.0000000    0.0049     0.0072     0.0000     0.0067  15.37596606  -12.2356879   -60.881    -8.296
follow_aiub2       geo-0001:sv1-20230516-U-4-1        60080.904836 23-MAY-16 21:42:57.83      1.100160     4  16.50  18.20  42296.26796  0.0000000    5.6347    21.5271     0.0000   114.3593    -1.69      0.01352  0.0000000    0.0115     0.2553     0.0000     0.2540   8.39226462    1.0804849   -64.096     5.132
followmay23        geo-0002:sv1-20230516-U-9-1        60080.969458 23-MAY-16 23:16:01.17      1.467360     5  18.40  18.40  56472.02916  0.0000000    6.2749   300.1036     0.0000   301.3012  -183.14      0.01069  0.0000000    0.0082     0.1227     0.0000     0.1220  16.20291175   -9.0631994    18.144    -5.359
followmay23        geo-0001:sv1-20230517-U-14-1       60082.019308 23-MAY-18 00:27:48.21      0.732960     3  16.30  16.30  40798.29588  0.0000000   12.0847    46.9015     0.0000   195.2982    17.49      0.00990  0.0000000    0.0202     0.0270     0.0000     0.0266  16.17410225   -8.2818814    -0.519    -3.166
followmay23        geo-0001:sv1-20230517-U-7-1        60081.947087 23-MAY-17 22:43:48.31      2.566080     8  18.40  18.50  47479.45535  0.0000000    6.5695    19.1953     0.0000   225.5193   -68.03      0.00634  0.0000000    0.0079     0.0708     0.0000     0.0704  16.39019291   -9.0000695    28.202    -4.682
followmay23        geo-0001:sv1-20230517-U-8-1        60081.950928 23-MAY-17 22:49:20.17      2.200320     7  18.30  18.30  38519.00909  0.0000000    6.8165    17.5641     0.0000   220.9206    46.66      0.00301  0.0000000    0.0051     0.0375     0.0000     0.0373  16.16040214   -9.5955106    20.573    -4.459
followmay23        geo-0001:sv1-20230518-U-17-1       60083.100823 23-MAY-19 02:25:11.10      2.933280     9  18.30  18.30  41458.22819  0.0000000    2.1635   329.7098     0.0000   275.4218     9.04      0.00311  0.0000000    0.0008     0.1706     0.0000     0.1705  16.13444645   -7.1447612   -27.671    -2.154
followmay23        geo-0001:sv1-20230518-U-18-1       60083.105175 23-MAY-19 02:31:27.12      2.566080     6  20.10  20.20  45349.15597  0.0000000    2.4123   336.3553     0.0000   267.4848   -40.76      0.00440  0.0000000    0.0006     0.1961     0.0000     0.1959  16.07386335   -7.0146952   -30.539    -2.410
followmay23        geo-0002:sv1-20230518-U-18-1       60083.106448 23-MAY-19 02:33:17.10      1.100160     4  15.30  15.30  45834.80683  0.0000000   12.8125   255.4851     0.0000   348.1021   -46.98      0.01868  0.0000000    0.0339     0.0326     0.0000     0.0320  16.07394716   -7.1232541   -30.962    -2.620
follow_aiub2       geo-0001:sv1-20230518-U-19-1       60083.108763 23-MAY-19 02:36:37.12      3.300480    10  19.10  19.20  51325.58767  0.0000000    2.9105   353.9410     0.0000   225.2865  -117.26      0.01137  0.0000000    0.0131     0.2624     0.0000     0.2620  14.19155657   -5.5332543   -56.482    -2.068
followmay23        geo-0001:sv1-20230518-U-21-1       60083.136123 23-MAY-19 03:16:01.02      3.666240    11  18.00  18.00  51200.14068  0.0000000    3.0170   356.5526     0.0000   230.0522  -115.66      0.00257  0.0000000    0.0027     0.0619     0.0000     0.0618  14.47521369   -6.0829226   -58.983    -2.312
followmay23        geo-0001:sv1-20230518-U-26-1       60083.213554 23-MAY-19 05:07:31.06      1.467360     5  17.30  17.30  42772.38091  0.0000000    8.1915    36.1940     0.0000   210.0505    -7.78      0.00719  0.0000000    0.0124     0.0510     0.0000     0.0504  15.58318084   -8.4444382   -67.510    -4.092
follow_aiub2       geo-0002:sv1-20230518-U-3-1        60082.914124 23-MAY-18 21:56:20.31      1.467360     5  13.20  15.00  42493.97537  0.0000000    5.0534    25.1437     0.0000   109.8667    -4.22      0.00519  0.0000000    0.0036     0.1121     0.0000     0.1116   8.33548102    0.4349201   -70.329     4.752
followaug23        geo-0001:sv1-20230813-U-4-1        60169.938347 23-AUG-13 22:31:13.18      0.732960     3  17.70  18.50  41993.48072  0.0000000    5.6023    71.7111     0.0000   182.8464     2.19      0.00451  0.0000000    0.0092     0.0073     0.0000     0.0070  16.41326684   -4.5603613   -45.362    -0.278
followaug23        geo-0001:sv1-20230814-U-22-1       60171.208047 23-AUG-15 04:59:35.26      3.666240    11  17.90  18.00  63506.09877  0.0000000   28.3553   358.8684     0.0000   350.2750  -273.17      0.00601  0.0000000    0.0077     0.0027     0.0000     0.0024  23.09465225   -7.5159281   -47.958    -4.602
followaug23        geo-0001:sv1-20230814-U-25-1       60171.223394 23-AUG-15 05:21:41.24      4.033440    12  17.20  17.30  63310.64223  0.0000000   28.3228   358.8662     0.0000   353.2921  -270.67      0.00000  0.0000000    0.0000     0.0000     0.0000     0.0000  23.19308784   -6.1949841   -50.834    -3.177
followaug23        geo-0001:sv1-20230815-U-7-1        60171.975465 23-AUG-15 23:24:40.17      2.200320     6  18.20  19.00  42361.52203  0.0000000    4.0931    68.4055     0.0000   186.0209    -2.52      0.00623  0.0000000    0.0125     0.0217     0.0000     0.0213  16.34182665   -4.5522874   -60.866    -0.429
followaug23        geo-0001:sv1-20230815-U-9-1        60172.002144 23-AUG-16 00:03:05.24      2.200320     7  17.90  18.60  42471.84043  0.0000000    4.1925    68.6258     0.0000   195.3293    -3.93      0.00485  0.0000000    0.0094     0.0367     0.0000     0.0365  17.12202800   -5.3849073   -60.991    -1.107
followaug23        geo-0001:sv1-20230816-U-10-1       60173.097306 23-AUG-17 02:20:07.23      2.566080     8  19.10  19.30  40122.38029  0.0000000    2.3218    25.4283     0.0000   334.6930    26.14      0.00332  0.0000000    0.0065     0.0754     0.0000     0.0753   0.11129941   -6.0330342    -0.105    -0.992
followaug23        geo-0001:sv1-20230816-U-12-1       60173.118787 23-AUG-17 02:51:03.19      2.200320     5  19.40  19.70  39897.02990  0.0000000    2.3907    23.9315     0.0000   344.5641    29.02      0.00477  0.0000000    0.0100     0.0668     0.0000     0.0666   0.45085940   -5.4046901     0.509    -0.636
followaug23        geo-0001:sv1-20230816-U-21-1       60173.230942 23-AUG-17 05:32:33.38      1.100160     4  19.00  19.00  42516.47872  0.0000000    3.5124   135.4453     0.0000   215.4222    -4.51      0.00839  0.0000000    0.0138     0.1609     0.0000     0.1605  23.01167181   -6.4128083   -57.669    -2.035
follow_aiub2       geo-0001:sv1-20230816-U-2-1        60173.032884 23-AUG-17 00:47:21.17      2.566080     8  18.50  18.50  42460.05931  0.0000000    8.8804   308.0343     0.0000     1.9742    -3.78      0.00331  0.0000000    0.0067     0.0028     0.0000     0.0029  20.33439001   -4.1727711   -27.005     0.305
follow_aiub2       geo-0001:sv1-20230816-U-6-1        60173.079019 23-AUG-17 01:53:47.24      2.566080     8  18.50  18.50  41958.13333  0.0000000    8.9215   307.7286     0.0000    18.9201     2.64      0.00255  0.0000000    0.0050     0.0113     0.0000     0.0112  21.39196188   -1.2338372   -27.208     2.882
follow_aiub2       geo-0002:sv1-20230816-U-6-1        60173.081056 23-AUG-17 01:56:43.23      0.732960     3  14.40  14.40  33197.28344  0.0000000   22.7581   158.0102     0.0000   168.4294   114.78      0.03685  0.0000000    0.0990     0.0548     0.0000     0.0506  21.40557780   -0.5214533   -27.060     4.450
followaug23        geo-0001:sv1-20230816-U-8-1        60173.089366 23-AUG-17 02:08:41.22      1.100160     4  19.30  19.50  40157.37016  0.0000000    2.3593    25.1510     0.0000   331.8863    25.69      0.00363  0.0000000    0.0069     0.0898     0.0000     0.0897  23.58446657   -6.1128441    -0.321    -1.112
followaug23        geo-0002:sv1-20230816-U-8-1        60173.090639 23-AUG-17 02:10:31.20      0.732960     3  19.60  19.80  40209.00760  0.0000000    2.3211    25.8290     0.0000   331.7064    25.03      0.00719  0.0000000    0.0137     0.1820     0.0000     0.1818   0.00445449   -6.1012877    -0.283    -1.100
folowsep23         geo-0001:sv1-20230917-U-12-1       60205.036357 23-SEP-18 00:52:21.24      3.300480     7  19.60  19.70  44182.90468  0.0000000    5.7739    84.4629     0.0000   291.6219   -25.84      0.00631  0.0000000    0.0046     0.1121     0.0000     0.1115   1.17492066  -10.2312959     6.401    -5.366
folowsep23         geo-0001:sv1-20230917-U-15-1       60205.067377 23-SEP-18 01:37:01.37      1.467360     5  18.60  18.80  42838.98204  0.0000000    5.5394    85.6799     0.0000   300.9820    -8.63      0.00547  0.0000000    0.0057     0.0970     0.0000     0.0966   2.00202508   -9.5237304     5.798    -4.747
folowsep23         geo-0001:sv1-20230917-U-24-1       60205.182860 23-SEP-18 04:23:19.10      3.666240    10  17.50  17.50  55382.33991  0.0000000   25.9447    24.3871     0.0000   350.6757  -169.19      0.00470  0.0000000    0.0070     0.0026     0.0000     0.0024   0.51139451   -7.4859550   -46.681    -4.065
folowsep23         geo-0002:sv1-20230917-U-24-1       60205.184388 23-SEP-18 04:25:31.12      1.467360     5  12.60  12.70  32500.00811  0.0000000    1.8030   141.9026     0.0000   236.3570   123.71      0.00609  0.0000000    0.0092     0.4435     0.0000     0.4432   0.50587569   -7.5529992   -44.974    -1.501
folowsep23         geo-0001:sv1-20230917-U-25-1       60205.187975 23-SEP-18 04:30:41.04      2.200320     7  18.30  18.40  44280.44160  0.0000000    6.4284    73.3702     0.0000   311.5625   -27.08      0.00496  0.0000000    0.0064     0.0635     0.0000     0.0631   1.27457616   -9.4544770   -39.404    -4.805
folowsep23         geo-0001:sv1-20230917-U-26-1       60205.192326 23-SEP-18 04:36:56.96      1.833120     5  17.50  17.60  55780.57709  0.0000000    9.3532    52.8529     0.0000   325.2071  -174.29      0.00818  0.0000000    0.0100     0.0426     0.0000     0.0421   1.00398653   -9.0824698   -47.668    -5.321
folowsep23         geo-0001:sv1-20230917-U-29-1       60205.237053 23-SEP-18 05:41:21.37      1.833120     5  18.00  18.10  33361.11242  0.0000000   58.6344    15.0929     0.0000     9.0817   112.68      0.00227  0.0000000    0.0060     0.0012     0.0000     0.0007   0.48004797    2.5438084   -62.384     7.746
folowsep23         geo-0001:sv1-20230917-U-30-1       60205.241405 23-SEP-18 05:47:37.39      2.200320     4  19.60  19.70  46072.03189  0.0000000    7.4922    58.4203     0.0000   321.4298   -50.02      0.00861  0.0000000    0.0124     0.0755     0.0000     0.0749   0.58045800   -9.0410036   -63.714    -4.663
folowsep23         geo-0001:sv1-20230918-U-20-1       60206.141252 23-SEP-19 03:23:24.17      3.300480    10  19.10  19.10  48899.92290  0.0000000    5.8674    78.0970     0.0000   296.6194   -86.21      0.00495  0.0000000    0.0039     0.0741     0.0000     0.0738   0.50402270   -9.4621420   -33.798    -5.244
folowsep23         geo-0002:sv1-20230918-U-20-1       60206.142525 23-SEP-19 03:25:14.16      1.467360     4  19.80  19.90  45617.80683  0.0000000    7.6479    57.2148     0.0000   317.5079   -44.20      0.00829  0.0000000    0.0114     0.0781     0.0000     0.0774   0.50214575  -10.0217393   -34.117    -5.158
folowsep23         geo-0001:sv1-20230918-U-22-1       60206.168683 23-SEP-19 04:02:54.21      2.200320     6  20.10  20.20  46648.97013  0.0000000    7.5555    58.7566     0.0000   324.1658   -57.40      0.00826  0.0000000    0.0122     0.0665     0.0000     0.0659   1.22416120   -9.0457169   -35.378    -4.415
folowsep23         geo-0002:sv1-20230918-U-22-1       60206.169447 23-SEP-19 04:04:00.22      1.100160     4  19.20  19.30  49037.13318  0.0000000    5.8215    79.0761     0.0000   303.7616   -87.97      0.01751  0.0000000    0.0168     0.2457     0.0000     0.2445   1.22162721   -9.1742340   -35.838    -4.837
folowsep23         geo-0003:sv1-20230918-U-23-1       60206.171762 23-SEP-19 04:07:20.23      3.666240     7  19.00  19.20  49088.23790  0.0000000    5.8201    79.1682     0.0000   304.3326   -88.62      0.00501  0.0000000    0.0049     0.0695     0.0000     0.0691   1.24514358   -9.1505255   -36.010    -4.803
folowsep23         geo-0001:sv1-20230919-U-13-1       60207.078336 23-SEP-20 01:52:48.23      0.732960     3  17.20  17.40  39515.50178  0.0000000    9.6377    26.5249     0.0000     0.1923    33.91      0.01007  0.0000000    0.0222     0.0083     0.0000     0.0076   1.57401888   -4.5821567    -0.195     0.032
folowsep23         geo-0002:sv1-20230919-U-15-1       60207.087292 23-SEP-20 02:05:42.02      1.467360     5  13.30  13.40  30289.38926  0.0000000    1.6428   169.1292     0.0000   215.1458   152.00      0.01003  0.0000000    0.0247     0.6161     0.0000     0.6159   1.46569511   -8.0134034    -5.878    -0.946
folowsep23         geo-0001:sv1-20230919-U-16-1       60207.091472 23-SEP-20 02:11:43.18      1.833120     6  18.20  18.40  31344.67286  0.0000000    4.9002   182.5965     0.0000   199.9657   138.49      0.02058  0.0000000    0.0559     0.2471     0.0000     0.2466   1.36403659   -8.3737320    -9.156    -1.671
folowsep23         geo-0003:sv1-20230919-U-16-1       60207.091472 23-SEP-20 02:11:43.18      2.200320     7  18.30  18.40  40688.60414  0.0000000    4.0545   157.4944     0.0000   225.6125    18.89      0.00313  0.0000000    0.0046     0.0677     0.0000     0.0676   1.37237634   -8.1137550    -8.616    -2.896
folowsep23         geo-0001:sv1-20230919-U-17-1       60207.095570 23-SEP-20 02:17:37.24      0.732960     3  15.70  15.80  42179.74082  0.0000000    7.3444    51.6602     0.0000   330.4074    -0.20      0.01716  0.0000000    0.0305     0.1355     0.0000     0.1344   1.32453803   -8.4836401   -10.860    -3.619
folowsep23         geo-0001:sv1-20230919-U-18-1       60207.099924 23-SEP-20 02:23:53.43      2.933280     9  17.40  17.50  42621.45240  0.0000000    3.2980    67.9698     0.0000   314.5930    -5.85      0.00268  0.0000000    0.0038     0.0666     0.0000     0.0665   1.33194835   -7.1820504   -12.092    -2.348
folowsep23         geo-0002:sv1-20230919-U-19-1       60207.103764 23-SEP-20 02:29:25.20      2.200320     7  17.10  17.30  38242.70242  0.0000000    9.6912    25.4917     0.0000    11.5138    50.20      0.00199  0.0000000    0.0045     0.0058     0.0000     0.0057   2.39142972   -2.5830728     0.757     1.926
folowsep23         geo-0001:sv1-20230919-U-26-1       60207.189747 23-SEP-20 04:33:14.14      2.933280     9  17.60  17.70  46345.89510  0.0000000    8.8567    36.6456     0.0000   344.3279   -53.52      0.00215  0.0000000    0.0038     0.0068     0.0000     0.0068   1.09282592   -6.4623255   -45.975    -2.384
folowsep23         geo-0001:sv1-20230919-U-31-1       60207.236297 23-SEP-20 05:40:16.06      1.467360     5  16.20  16.30  33965.08672  0.0000000    3.0452    61.1752     0.0000   325.0742   104.95      0.00372  0.0000000    0.0079     0.1033     0.0000     0.1032   1.16563590   -7.4054617   -57.644    -1.743
followsep23        geo-0001:sv1-20230920-U-10-1       60207.980663 23-SEP-20 23:32:09.28      2.200320     7  19.30  19.50  41284.57559  0.0000000    1.7369    83.6187     0.0000   299.9546    11.26      0.00431  0.0000000    0.0045     0.2551     0.0000     0.2550   1.59419556   -6.1024189    30.948    -1.505
followsep23        geo-0001:sv1-20230920-U-11-1       60207.984251 23-SEP-20 23:37:19.28      1.467360     5  18.40  18.60  37334.19486  0.0000000    3.3554    36.9317     0.0000   349.3197    61.83      0.00620  0.0000000    0.0141     0.0470     0.0000     0.0466   2.13545726   -5.4328811    32.338    -0.621
followsep23        geo-0001:sv1-20230920-U-12-1       60207.988094 23-SEP-20 23:42:51.32      3.666240     8  18.40  18.50  52845.48464  0.0000000    2.2001   157.6984     0.0000   224.1273  -136.72      0.00270  0.0000000    0.0031     0.0782     0.0000     0.0781   1.45195251   -5.0908492    26.486    -1.532
followsep23        geo-0001:sv1-20230920-U-15-1       60208.042436 23-SEP-21 01:01:06.47      2.566080     5  19.10  19.30  38389.54552  0.0000000    1.5831    98.8893     0.0000   285.6151    48.32      0.00420  0.0000000    0.0027     0.3313     0.0000     0.3312   1.55123649   -6.5059932     9.574    -1.525
followsep23        geo-0001:sv1-20230920-U-20-1       60208.101867 23-SEP-21 02:26:41.30      1.467360     5  18.40  18.60  40284.50575  0.0000000    3.4156   164.6349     0.0000   224.7771    24.06      0.00808  0.0000000    0.0123     0.2066     0.0000     0.2062   2.03464605   -7.4110558    -7.028    -2.405
followsep23        geo-0001:sv1-20230920-U-21-1       60208.106218 23-SEP-21 02:32:57.23      1.100160     4  15.00  15.20  45114.74818  0.0000000    0.4772   118.8251     0.0000   265.5661   -37.76      0.00512  0.0000000    0.0009     1.1597     0.0000     1.1597   1.39255884   -4.5235343   -13.569    -0.476
follow_aiub2       geo-0002:sv1-20230920-U-30-1       60208.217103 23-SEP-21 05:12:37.69      2.933280     9  12.60  13.00  42511.88119  0.0000000    4.5169    81.5945     0.0000   324.7036    -4.45      0.01069  0.0000000    0.0177     0.1575     0.0000     0.1570   2.56406409   -7.3511375   -31.606    -2.608
followsep23        geo-0001:sv1-20230920-U-33-1       60208.240470 23-SEP-21 05:46:16.60      2.566080     8  17.40  17.40  42144.50780  0.0000000    1.5884    49.0310     0.0000   327.6720     0.26      0.00551  0.0000000    0.0095     0.2147     0.0000     0.2147   0.40271987   -5.1849455   -69.710    -0.849
followsep23        geo-0003:sv1-20230920-U-9-1        60207.975802 23-SEP-20 23:25:09.29      3.300480     6  17.80  17.90  53103.81842  0.0000000    2.1679   156.2684     0.0000   222.4293  -140.02      0.02050  0.0000000    0.0238     0.5817     0.0000     0.5813   1.33069141   -5.0258867    27.796    -1.462
followsep23        geo-0001:sv1-20230920-U-9-1        60207.975802 23-SEP-20 23:25:09.29      3.666240    11  16.50  16.60  66376.77109  0.0000000   13.7131    29.1093     0.0000   350.3210  -309.92      0.00249  0.0000000    0.0031     0.0022     0.0000     0.0021   1.33333925   -5.0921974    28.820    -2.284
followsep23        geo-0002:sv1-20230920-U-9-1        60207.976057 23-SEP-20 23:25:31.32      1.100160     4  14.40  14.50  42600.47125  0.0000000   16.2633    20.1049     0.0000   357.7157    -5.58      0.05178  0.0000000    0.1050     0.0291     0.0000     0.0233   1.34424752   -5.0717890    26.938    -0.640
follow_aiub2       geo-0001:sv1-20231010-U-12-1       60228.064481 23-OCT-11 01:32:51.15      1.833120     6  18.40  18.50  44067.52887  0.0000000    6.2431   288.3743     0.0000    62.5301   -24.36      0.00593  0.0000000    0.0053     0.0943     0.0000     0.0938  23.04150865    1.4938594   -51.842     5.537
followoct23        geo-0001:sv1-20231010-U-13-1       60228.068581 23-OCT-11 01:38:45.39      3.666240     9  18.50  18.70  49815.06466  0.0000000    5.8074    79.8888     0.0000   321.2841   -97.93      0.00327  0.0000000    0.0043     0.0339     0.0000     0.0337   2.52211482   -7.5419692    -2.770    -3.629
followoct23        geo-0001:sv1-20231010-U-14-1       60228.072677 23-OCT-11 01:44:39.29      1.833120     6  18.30  18.50  47961.10852  0.0000000    4.3096    99.0695     0.0000   302.3220   -74.20      0.00751  0.0000000    0.0071     0.1483     0.0000     0.1478   2.52343953   -8.0637707    -4.100    -3.641
followoct23        geo-0002:sv1-20231010-U-15-1       60228.076777 23-OCT-11 01:50:33.53      1.833120     6  17.20  17.40  42008.75439  0.0000000    4.2569    77.3143     0.0000   326.8502     1.99      0.00269  0.0000000    0.0046     0.0405     0.0000     0.0404   3.05308316   -7.1952078    -2.808    -2.326
followoct23        geo-0001:sv1-20231010-U-16-1       60228.081127 23-OCT-11 01:56:49.37      3.300480    10  18.30  18.40  44165.46161  0.0000000    6.2055   287.7767     0.0000    68.7305   -25.61      0.00439  0.0000000    0.0031     0.0737     0.0000     0.0733  23.26383770    2.0625653   -52.222     5.781
followoct23        geo-0001:sv1-20231010-U-17-1       60228.085663 23-OCT-11 02:03:21.28      3.666240    11  18.20  18.40  49705.68220  0.0000000    5.7611    80.0993     0.0000   325.8775   -96.53      0.00449  0.0000000    0.0063     0.0421     0.0000     0.0419   3.10523142   -7.2838664    -4.141    -3.228
followoct23        geo-0002:sv1-20231010-U-25-1       60228.159366 23-OCT-11 03:49:29.22      2.566080     7  16.70  16.80  43058.02734  0.0000000    5.1278    80.1711     0.0000   323.5543   -11.44      0.00592  0.0000000    0.0095     0.0779     0.0000     0.0776   2.45483534   -7.5953578   -33.023    -3.044
followoct23        geo-0001:sv1-20231010-U-26-1       60228.163716 23-OCT-11 03:55:45.06      2.200320     7  19.50  19.70  41439.59067  0.0000000    7.4774   190.6011     0.0000   214.2732     9.28      0.00644  0.0000000    0.0111     0.0586     0.0000     0.0581   2.48098062   -9.3130543   -33.782    -4.203
followoct23        geo-0001:sv1-20231010-U-29-1       60228.213940 23-OCT-11 05:08:04.41      2.933280     9  19.10  19.30  44507.96259  0.0000000    8.8749    60.1635     0.0000   347.8946   -30.00      0.00390  0.0000000    0.0073     0.0101     0.0000     0.0100   2.55521545   -6.2222347   -48.360    -1.854
followoct23        geo-0003:sv1-20231012-U-19-1       60230.113774 23-OCT-13 02:43:50.07      2.200320     5  18.60  18.80  40708.53687  0.0000000    2.4957    64.3648     0.0000   346.3564    18.64      0.00541  0.0000000    0.0112     0.0626     0.0000     0.0625   3.26167956   -5.3328417   -11.638    -0.589
followoct23        geo-0001:sv1-20231012-U-22-1       60230.144282 23-OCT-13 03:27:45.96      2.200320     7  18.70  19.00  40707.15081  0.0000000    2.5237    64.3128     0.0000   358.0151    18.65      0.00584  0.0000000    0.0124     0.0181     0.0000     0.0180   4.13024047   -4.5901196   -11.055    -0.087
follow_aiub2       geo-0001:sv1-20231012-U-28-1       60230.246020 23-OCT-13 05:54:16.12      2.566080     8  14.70  15.50  43090.96072  0.0000000    1.6600    54.3516     0.0000    34.9333   -11.86      0.00350  0.0000000    0.0057     0.1397     0.0000     0.1396   5.54434381   -3.3004252   -20.837     0.950
follow_aiub2       geo-0001:sv1-20231013-U-15-1       60231.048301 23-OCT-14 01:09:33.20      1.467360     5  15.70  15.80  37000.73590  0.0000000    2.9477    99.1986     0.0000   290.6954    66.10      0.00901  0.0000000    0.0078     0.3892     0.0000     0.3886   2.04427607   -8.3909200    -9.803    -2.757
followoct23        geo-0001:sv1-20231013-U-17-1       60231.073185 23-OCT-14 01:45:23.18      2.200320     7  17.50  17.70  38850.07148  0.0000000    2.3525    41.2320     0.0000     5.5339    42.42      0.00185  0.0000000    0.0041     0.0120     0.0000     0.0119   3.16581765   -4.5128583    -1.944     0.227
follow_aiub2       geo-0001:sv1-20231013-U-1-1        60230.818151 23-OCT-13 19:38:08.24      0.367200     2  16.10  16.70  35242.01534  0.0000000   22.9487   327.3838     0.0000   349.1245    88.61      0.00000  0.0000000    0.0000     0.0000     0.0000     0.0000  21.22228117  -10.3714528     0.709    -4.219
followoct23        geo-0001:sv1-20231013-U-20-1       60231.108311 23-OCT-14 02:35:58.07      2.566080     6  17.80  18.00  42149.45800  0.0000000    0.5525    49.6949     0.0000     3.6318     0.19      0.00340  0.0000000    0.0069     0.0631     0.0000     0.0630   3.38419488   -4.3833567    -8.059     0.035
followoct23        geo-0001:sv1-20231013-U-21-1       60231.112154 23-OCT-14 02:41:30.10      2.566080     8  17.40  17.60  41192.99840  0.0000000    0.3119    20.7157     0.0000    32.0377    12.44      0.00268  0.0000000    0.0048     0.5570     0.0000     0.5569   3.35196507   -4.3719579   -10.020     0.165
followoct23        geo-0003:sv1-20231013-U-21-1       60231.113427 23-OCT-14 02:43:20.09      1.100160     4  18.60  18.80  53610.23676  0.0000000   20.9774   229.9407     0.0000   183.4219  -146.51      0.06862  0.0000000    0.1070     0.0212     0.0000     0.0214   3.35425710   -4.5556125   -10.096    -1.224
followoct23        geo-0001:sv1-20231013-U-22-1       60231.115998 23-OCT-14 02:47:02.22      3.666240     8  17.10  17.20  53812.40928  0.0000000    7.9827    48.3246     0.0000   353.3024  -149.09      0.00538  0.0000000    0.0083     0.0071     0.0000     0.0070   2.44091265   -4.3522533   -22.469    -0.928
followoct23        geo-0001:sv1-20231013-U-23-1       60231.120094 23-OCT-14 02:52:56.12      1.833120     4  18.10  18.20  37907.91610  0.0000000    0.7786   161.4166     0.0000   244.7129    54.48      0.00204  0.0000000    0.0020     0.3151     0.0000     0.3151   3.02399870   -6.0728065   -19.511    -0.704
followoct23        geo-0001:sv1-20231013-U-24-1       60231.124193 23-OCT-14 02:58:50.27      3.666240    10  18.10  18.30  54073.12487  0.0000000   21.8880   230.0410     0.0000   186.0285  -152.43      0.00418  0.0000000    0.0064     0.0020     0.0000     0.0019   3.45029916   -6.0146170   -11.481    -2.244
followoct23        geo-0001:sv1-20231013-U-28-1       60231.160073 23-OCT-14 03:50:30.30      1.100160     4  17.30  17.40  43230.60365  0.0000000   32.9305    35.4923     0.0000     7.2581   -13.65      0.01108  0.0000000    0.0221     0.0053     0.0000     0.0049   2.33519062   -0.0255855   -38.477     3.938
followoct23        geo-0001:sv1-20231013-U-29-1       60231.164679 23-OCT-14 03:57:08.26      2.200320     7  17.00  17.10  37171.45864  0.0000000    3.6297    36.1955     0.0000     9.3445    63.91      0.00389  0.0000000    0.0091     0.0257     0.0000     0.0258   2.48422869   -4.4131132   -36.212     0.589
followoct23        geo-0001:sv1-20231013-U-31-1       60231.173127 23-OCT-14 04:09:18.17      1.467360     5  17.20  17.40  36282.86193  0.0000000    1.6121   228.2669     0.0000   185.0756    75.28      0.00196  0.0000000    0.0047     0.0190     0.0000     0.0189   3.22514757   -5.4313949   -31.443    -0.143
followoct23        geo-0002:sv1-20231013-U-36-1       60231.230560 23-OCT-14 05:32:00.38      0.367200     2  20.30  20.40  40820.57793  0.0000000    7.1525   214.1024     0.0000   187.3628    17.20      0.00000  0.0000000    0.0000     0.0000     0.0000     0.0000   2.20104609   -5.3644127   -64.107    -0.914
followoct23        geo-0001:sv1-20231013-U-7-1        60230.917354 23-OCT-13 22:00:59.38      1.833120     6  16.60  16.80  39591.63601  0.0000000    7.1139   299.2543     0.0000    46.3575    32.93      0.00440  0.0000000    0.0067     0.0571     0.0000     0.0567  23.07593367    0.5604156    -7.062     5.142
followoct23        geo-0002:sv1-20231013-U-7-1        60230.917863 23-OCT-13 22:01:43.36      1.100160     4  16.50  16.60  40500.70780  0.0000000    4.9601   276.5596     0.0000    68.9512    21.30      0.00000  0.0000000    0.0000     0.0000     0.0000     0.0000  23.07553679    0.2655785    -7.198     4.628
followoct23        geo-0001:sv1-20231013-U-8-1        60230.922803 23-OCT-13 22:08:50.17      2.566080     8  17.70  18.00  42571.54579  0.0000000    7.9950   304.3286     0.0000    34.8493    -5.21      0.00423  0.0000000    0.0070     0.0357     0.0000     0.0353  22.36268180    0.3616017   -15.504     4.558
followoct23        geo-0002:sv1-20231014-U-15-1       60232.047699 23-OCT-15 01:08:41.19      2.566080     7  16.60  16.70  53280.68197  0.0000000    6.2290   212.7373     0.0000   189.5966  -142.29      0.00465  0.0000000    0.0072     0.0118     0.0000     0.0117   2.57422325   -4.4303446     1.787    -1.036
followoct23        geo-0001:sv1-20231014-U-16-1       60232.050778 23-OCT-15 01:13:07.21      2.933280     8  19.20  19.30  49709.40743  0.0000000    0.9345    14.5928     0.0000    26.6111   -96.57      0.00504  0.0000000    0.0076     0.2379     0.0000     0.2379   2.53023047   -3.2350874    -0.401     0.419
follow_aiub2       geo-0001:sv1-20231014-U-21-1       60232.128900 23-OCT-15 03:05:36.96      0.367200     2  19.50  19.50  40311.16019  0.0000000   17.1112   347.6207     0.0000    43.3504    23.72      0.00000  0.0000000    0.0000     0.0000     0.0000     0.0000   1.43537454    8.3022974   -40.125    11.652
followoct23        geo-0001:sv1-20231014-U-23-1       60232.135568 23-OCT-15 03:15:13.07      2.566080     8  19.30  19.50  41896.22922  0.0000000    3.7199   252.6896     0.0000   159.5489     3.43      0.00612  0.0000000    0.0119     0.0678     0.0000     0.0676   3.27127823   -3.1405846   -19.932     1.299
followoct23        geo-0002:sv1-20231014-U-23-1       60232.136842 23-OCT-15 03:17:03.14      1.833120     5  18.40  18.50  36999.20924  0.0000000   11.8853   241.7267     0.0000   170.4053    66.12      0.02937  0.0000000    0.0693     0.0591     0.0000     0.0581   3.26512898   -3.0924902   -20.336     1.967
followoct23        geo-0001:sv1-20231014-U-25-1       60232.146345 23-OCT-15 03:30:44.20      3.300480    10  17.90  18.10  46863.67860  0.0000000    1.9306   320.7343     0.0000    85.5726   -60.15      0.02750  0.0000000    0.0042     1.4760     0.0000     1.4751   2.58151952   -1.5829175   -29.796     1.925
followoct23        geo-0002:sv1-20231014-U-25-1       60232.146854 23-OCT-15 03:31:28.18      2.933280     9  18.80  19.00  44389.90506  0.0000000    9.3232    34.9348     0.0000    11.6541   -28.49      0.00507  0.0000000    0.0096     0.0129     0.0000     0.0127   2.58189082   -2.1642442   -29.845     1.875
followoct23        geo-0001:sv1-20231014-U-26-1       60232.150442 23-OCT-15 03:36:38.18      2.933280     9  17.30  17.40  43565.93314  0.0000000    8.5910    33.9153     0.0000    10.9083   -17.94      0.00368  0.0000000    0.0071     0.0097     0.0000     0.0097   2.49301746   -2.3913629   -32.875     1.620
followoct23        geo-0002:sv1-20231014-U-29-1       60232.162482 23-OCT-15 03:53:58.44      0.367200     2  17.60  17.70  46812.59294  0.0000000   18.6727    45.3293     0.0000     6.5672   -59.50      0.00000  0.0000000    0.0000     0.0000     0.0000     0.0000   3.18560600   -1.4703854   -30.372     2.098
followoct23        geo-0001:sv1-20231014-U-29-1       60232.162482 23-OCT-15 03:53:58.44      0.732960     3  17.40  17.50  40784.18639  0.0000000    2.7851   294.0376     0.0000   117.9613    17.67      0.02644  0.0000000    0.0266     1.0226     0.0000     1.0214   3.19525003   -2.0150871   -29.899     2.460
followoct23        geo-0001:sv1-20231014-U-31-1       60232.190027 23-OCT-15 04:33:38.33      3.300480    10  17.50  17.70  46400.98309  0.0000000   18.5600    45.1844     0.0000    15.2823   -54.23      0.00228  0.0000000    0.0040     0.0036     0.0000     0.0034   3.50303298    1.1449117   -32.163     4.813
followoct23        geo-0001:sv1-20231014-U-34-1       60232.202318 23-OCT-15 04:51:20.27      1.100160     4  18.30  18.40  35736.44141  0.0000000    1.4024   288.6093     0.0000   117.7274    82.28      0.00543  0.0000000    0.0063     0.4828     0.0000     0.4827   2.42461276   -4.0536428   -49.962     1.241
followoct23        geo-0001:sv1-20231014-U-6-1        60231.912132 23-OCT-14 21:53:28.20      2.566080     8  17.70  17.90  42629.17357  0.0000000    7.9181   303.9375     0.0000    37.7152    -5.95      0.00261  0.0000000    0.0042     0.0237     0.0000     0.0235  22.49347076    0.5538009   -10.166     4.834
followdec23        geo-0001:sv1-20231208-U-14-1       60287.186229 23-DEC-09 04:28:10.18      2.566080     8  16.50  16.60  49800.85103  0.0000000    2.5129    41.0920     0.0000    35.6227   -97.75      0.00248  0.0000000    0.0034     0.0564     0.0000     0.0563   4.45085660   -2.0855317   -68.020     1.463
followdec23        geo-0002:sv1-20231208-U-15-1       60287.191345 23-DEC-09 04:35:32.20      2.566080     8  18.30  18.40  49745.49760  0.0000000    2.9616   266.2259     0.0000   176.0201   -97.04      0.01536  0.0000000    0.0261     0.0409     0.0000     0.0400   5.08251761   -3.3109434   -64.304     0.205
followdec23        geo-0003:sv1-20231208-U-15-1       60287.191345 23-DEC-09 04:35:32.20      2.566080     8  17.40  17.50  44727.17442  0.0000000    3.9718   276.9691     0.0000   165.8679   -32.80      0.00000  0.0000000    0.0000     0.0000     0.0000     0.0000   5.08351955   -3.0848972   -63.686     0.969
followdec23        geo-0001:sv1-20231208-U-17-1       60287.198523 23-DEC-09 04:45:52.38      3.666240    10  17.40  17.50  49257.46724  0.0000000    2.4941    39.5701     0.0000    40.6850   -90.79      0.00640  0.0000000    0.0083     0.1664     0.0000     0.1662   4.58484444   -2.0054688   -68.918     1.626
followdec23        geo-0002:sv1-20231209-U-18-1       60288.077203 23-DEC-10 01:51:10.33      2.200320     7  18.70  18.80  40769.84762  0.0000000    5.2024   277.9936     0.0000   156.8063    17.85      0.00000  0.0000000    0.0000     0.0000     0.0000     0.0000   4.50219783   -2.3048028   -31.452     2.047
followdec23        geo-0001:sv1-20231209-U-20-1       60288.085397 23-DEC-10 02:02:58.30      2.933280     9  17.30  17.40  42874.67207  0.0000000    4.7601   279.6183     0.0000   154.1340    -9.09      0.00000  0.0000000    0.0000     0.0000     0.0000     0.0000   4.44230901   -2.1306604   -35.466     2.075
followdec23        geo-0001:sv1-20231209-U-21-1       60288.090189 23-DEC-10 02:09:52.32      1.833120     6  19.00  19.10  40734.56099  0.0000000    5.1942   278.1089     0.0000   161.6225    18.30      0.00578  0.0000000    0.0117     0.0430     0.0000     0.0428   5.10099669   -2.5933373   -31.223     1.636
followdec23        geo-0001:sv1-20231209-U-24-1       60288.138919 23-DEC-10 03:20:02.60      1.833120     6  17.40  17.50  38573.54041  0.0000000    5.1139    17.6047     0.0000    66.0073    45.96      0.00406  0.0000000    0.0037     0.0945     0.0000     0.0941   5.15581805    0.1313291   -45.089     4.671
followdec23        geo-0001:sv1-20231209-U-27-1       60288.151975 23-DEC-10 03:38:50.64      2.566080     8  17.20  17.20  45603.70614  0.0000000   14.4683    56.6498     0.0000    19.0693   -44.02      0.00496  0.0000000    0.0088     0.0123     0.0000     0.0120   4.40039753    0.5854505   -58.173     4.682
follow_aiub2       geo-0001:sv1-20231209-U-28-1       60288.156072 23-DEC-10 03:44:44.62      0.732960     3  10.80  10.90  23580.13352  0.0000000    8.3242    32.8264     0.0000    37.8665   237.88      0.02264  0.0000000    0.0680     0.3673     0.0000     0.3644   3.54032030   -2.3640703   -64.409     5.098
follow_aiub2       geo-0002:sv1-20231210-U-14-1       60289.060396 23-DEC-11 01:26:58.21      1.100160     4  11.80  12.30  42156.04633  0.0000000    0.1452    61.1083     0.0000   334.6648     0.11      0.00539  0.0000000    0.0099     1.8540     0.0000     1.8541   1.58026712   -4.3044139   -65.483    -0.062
followdec23        geo-0001:sv1-20231210-U-16-1       60289.080592 23-DEC-11 01:56:03.14      1.100160     4  16.90  17.00  39886.36693  0.0000000   19.3295    75.7334     0.0000     1.1285    29.16      0.01759  0.0000000    0.0384     0.0058     0.0000     0.0070   4.57363582   -4.3320536   -31.748     0.374
followdec23        geo-0001:sv1-20231210-U-17-1       60289.082906 23-DEC-11 01:59:23.07      2.200320     6  16.80  16.90  40034.13750  0.0000000    8.6349    35.8211     0.0000    44.0977    27.27      0.00135  0.0000000    0.0021     0.0138     0.0000     0.0136   5.09596422    1.5731054   -29.790     5.997
followdec23        geo-0001:sv1-20231210-U-21-1       60289.139169 23-DEC-11 03:20:24.20      1.833120     3  11.40  11.50  40501.98550  0.0000000    6.1376     0.2359     0.0000    85.1251    21.28      0.00887  0.0000000    0.0018     0.1773     0.0000     0.1763   5.24312646    2.0629991   -44.359     6.115
followdec23        geo-0001:sv1-20231210-U-23-1       60289.160026 23-DEC-11 03:50:26.24      2.933280     9  17.80  17.80  52703.77724  0.0000000    5.4143    12.8866     0.0000    65.6685  -134.90      0.00474  0.0000000    0.0031     0.0733     0.0000     0.0730   4.56047674    1.4735436   -58.762     4.932
followdec23        geo-0001:sv1-20231210-U-25-1       60289.190119 23-DEC-11 04:33:46.28      2.933280     9  18.40  18.50  41683.30815  0.0000000    5.3788   296.7545     0.0000   145.0538     6.16      0.00418  0.0000000    0.0071     0.0526     0.0000     0.0523   5.02062501   -1.0958102   -66.157     3.078
followdec23        geo-0002:sv1-20231210-U-25-1       60289.190629 23-DEC-11 04:34:30.34      2.200320     7  17.60  17.70  59528.78031  0.0000000    8.7909    71.8186     0.0000     8.2944  -222.26      0.02377  0.0000000    0.0330     0.0327     0.0000     0.0327   5.02085346   -1.4412116   -68.251     1.263
followdec23        geo-0002:sv1-20231210-U-26-1       60289.194471 23-DEC-11 04:40:02.29      2.566080     8  16.50  16.60  46431.89398  0.0000000    5.2066   301.1713     0.0000   137.6109   -54.62      0.00581  0.0000000    0.0079     0.0792     0.0000     0.0789   4.51311854   -0.1355680   -70.755     3.507
followdec23        geo-0001:sv1-20231210-U-27-1       60289.198059 23-DEC-11 04:45:12.29      3.300480     8  18.10  18.20  53220.18849  0.0000000    5.3426    11.4096     0.0000    76.8367  -141.51      0.00507  0.0000000    0.0018     0.0842     0.0000     0.0838   5.33584554    2.0611547   -62.760     5.202
followdec23        geo-0001:sv1-20231210-U-29-1       60289.219377 23-DEC-11 05:15:54.17      1.833120     6  16.60  16.70  62332.06079  0.0000000    7.6775    70.9327     0.0000    14.9052  -258.14      0.00803  0.0000000    0.0104     0.0210     0.0000     0.0209   5.24493166   -0.5042820   -72.936     1.969
followdec23        geo-0001:sv1-20231210-U-33-1       60289.273894 23-DEC-11 06:34:24.44      2.933280     9  17.20  17.50  46455.03263  0.0000000   14.3248    63.8145     0.0000    67.4292   -54.92      0.00369  0.0000000    0.0026     0.0254     0.0000     0.0246   8.26033148   10.3702193   -47.731    13.207
followdec23        geo-0002:sv1-20231210-U-33-1       60289.273894 23-DEC-11 06:34:24.44      0.732960     3  16.80  17.20  47322.00189  0.0000000   30.7262   334.4891     0.0000   153.2942   -66.02      0.00000  0.0000000    0.0000     0.0000     0.0000     0.0000   8.28385118   10.4518772   -47.223    13.275
followdec23        geo-0001:sv1-20231211-U-12-1       60289.964147 23-DEC-11 23:08:22.30      1.833120     5  17.90  17.90  39694.22585  0.0000000   12.1880    36.7660     0.0000    41.9362    31.62      0.00456  0.0000000    0.0074     0.0321     0.0000     0.0313   5.29297859    4.1929658    10.556     8.111
followdec23        geo-0001:sv1-20231211-U-13-1       60289.969008 23-DEC-11 23:15:22.29      1.833120     5  19.10  19.20  46448.56141  0.0000000    5.7284   349.6147     0.0000    87.8438   -54.84      0.00886  0.0000000    0.0009     0.1628     0.0000     0.1620   5.23036532    2.1617224     8.196     5.724
followdec23        geo-0001:sv1-20231211-U-14-1       60289.972341 23-DEC-11 23:20:10.26      2.566080     8  17.00  17.10  42268.32595  0.0000000    7.4863   293.1607     0.0000   144.0001    -1.33      0.00355  0.0000000    0.0059     0.0325     0.0000     0.0322   5.23376415    0.2202682     6.938     4.392
followdec23        geo-0001:sv1-20231211-U-18-1       60290.015176 23-DEC-12 00:21:51.20      1.100160     3  19.20  19.20  47925.48678  0.0000000   15.3436    45.7097     0.0000    33.7167   -73.74      0.01470  0.0000000    0.0217     0.0552     0.0000     0.0532   5.18564506    5.3026303    -7.445     8.446
followdec23        geo-0001:sv1-20231211-U-19-1       60290.018255 23-DEC-12 00:26:17.23      2.566080     8  17.80  17.90  39153.06452  0.0000000    7.5385   303.3336     0.0000   137.0960    38.55      0.00632  0.0000000    0.0104     0.0729     0.0000     0.0723   5.29447631    0.5044378    -6.352     5.124
followdec23        geo-0001:sv1-20231211-U-21-1       60290.035526 23-DEC-12 00:51:09.44      0.732960     3  18.40  18.50  57881.92207  0.0000000    7.5626    31.3115     0.0000    43.9083  -201.18      0.03351  0.0000000    0.0344     0.2525     0.0000     0.2503   4.59161108    2.3030731   -18.294     5.237
followdec23        geo-0002:sv1-20231211-U-22-1       60290.037840 23-DEC-12 00:54:29.37      2.933280     9  18.50  18.60  42304.00573  0.0000000    7.8715   293.4976     0.0000   146.7267    -1.79      0.00358  0.0000000    0.0061     0.0291     0.0000     0.0289   5.23535664    0.1623619   -13.627     4.309
followdec23        geo-0001:sv1-20231211-U-23-1       60290.043211 23-DEC-12 01:02:13.43      1.467360     3  19.60  19.60  44269.32502  0.0000000    8.0158   294.7047     0.0000   144.8484   -26.94      0.00915  0.0000000    0.0145     0.0731     0.0000     0.0724   5.19394652    0.4903703   -16.221     4.605
followdec23        geo-0001:sv1-20231211-U-27-1       60290.100594 23-DEC-12 02:24:51.32      2.933280     9  18.00  18.10  42433.80911  0.0000000    8.5458   294.8176     0.0000   150.6389    -3.45      0.00413  0.0000000    0.0074     0.0276     0.0000     0.0273   5.34230762    0.0740902   -31.024     4.178
followdec23        geo-0001:sv1-20231211-U-28-1       60290.104691 23-DEC-12 02:30:45.30      2.566080     8  17.90  18.00  42018.26222  0.0000000    7.7461   299.1141     0.0000   142.5557     1.87      0.00462  0.0000000    0.0076     0.0428     0.0000     0.0424   5.15593356    0.4041987   -36.309     4.700
followdec23        geo-0001:sv1-20231211-U-33-1       60290.180594 23-DEC-12 04:20:03.32      3.300480     9  17.60  17.70  52379.25144  0.0000000    5.4497    13.2382     0.0000    61.7097  -130.75      0.00504  0.0000000    0.0038     0.0757     0.0000     0.0754   4.38079130    1.3533157   -70.792     4.797
followdec23        geo-0001:sv1-20231211-U-34-1       60290.184436 23-DEC-12 04:25:35.27      2.933280     9  16.40  16.50  46543.37048  0.0000000    7.2694   294.8983     0.0000   141.6583   -56.05      0.00397  0.0000000    0.0057     0.0356     0.0000     0.0353   4.43126475    0.5040156   -70.237     4.502
followdec23        geo-0001:sv1-20231211-U-35-1       60290.189298 23-DEC-12 04:32:35.34      2.566080     8  17.80  17.90  44862.77682  0.0000000    7.7179   292.3046     0.0000   152.6181   -34.54      0.00495  0.0000000    0.0084     0.0323     0.0000     0.0320   5.17417674   -0.2027736   -63.638     3.541
followdec23        geo-0001:sv1-20231211-U-36-1       60290.192631 23-DEC-12 04:37:23.31      1.467360     5  17.80  17.90  43299.39487  0.0000000    6.7296   297.8604     0.0000   143.4783   -14.53      0.01420  0.0000000    0.0227     0.1432     0.0000     0.1421   5.00484844    0.0018720   -68.449     3.999
followdec23        geo-0002:sv1-20231211-U-36-1       60290.193140 23-DEC-12 04:38:07.29      2.933280     9  18.30  18.40  45017.93635  0.0000000    7.4096   294.0236     0.0000   146.7075   -36.52      0.00474  0.0000000    0.0076     0.0383     0.0000     0.0379   4.59192884    0.1404260   -69.209     4.059
followdec23        geo-0001:sv1-20231211-U-37-1       60290.197747 23-DEC-12 04:44:45.34      2.200320     7  18.00  18.10  43311.09614  0.0000000    6.7369   297.8174     0.0000   145.2946   -14.68      0.00618  0.0000000    0.0101     0.0594     0.0000     0.0589   5.07525914   -0.1037314   -68.526     3.830
followdec23        geo-0002:sv1-20231212-U-12-1       60290.938324 23-DEC-12 22:31:11.19      1.833120     4  19.30  19.40  48513.82185  0.0000000    2.3060   130.5475     0.0000   304.1707   -81.27      0.00852  0.0000000    0.0084     0.3044     0.0000     0.3042   5.14450632   -6.0020716    15.579    -1.908
followdec23        geo-0001:sv1-20231212-U-16-1       60290.981311 23-DEC-12 23:33:05.27      2.200320     7  17.20  17.20  47645.73540  0.0000000    7.7411   300.5965     0.0000   136.4038   -70.16      0.00416  0.0000000    0.0054     0.0378     0.0000     0.0375   5.19141143    1.5608256     2.583     5.330
followdec23        geo-0002:sv1-20231212-U-17-1       60290.984899 23-DEC-12 23:38:15.27      2.933280     9  17.30  17.40  42478.50508  0.0000000    8.5217   302.1885     0.0000   137.7106    -4.02      0.00367  0.0000000    0.0056     0.0337     0.0000     0.0333   5.33238080    1.5429567     4.241     5.722
followdec23        geo-0001:sv1-20231212-U-18-1       60290.988742 23-DEC-12 23:43:47.30      2.566080     8  17.70  17.70  43066.36534  0.0000000    9.6679   298.6758     0.0000   144.0860   -11.54      0.00393  0.0000000    0.0064     0.0273     0.0000     0.0269   5.45465882    1.5306306     5.789     5.653
followdec23        geo-0001:sv1-20231212-U-19-1       60290.993094 23-DEC-12 23:50:03.32      2.933280     8  19.30  19.30  42087.90461  0.0000000    8.0222   304.8281     0.0000   135.5226     0.98      0.00424  0.0000000    0.0062     0.0434     0.0000     0.0430   5.33453878    1.4438594     1.700     5.611
followdec23        geo-0002:sv1-20231212-U-19-1       60290.993858 23-DEC-12 23:51:09.33      2.200320     7  17.30  17.40  47870.52272  0.0000000    7.7299   300.5278     0.0000   140.2414   -73.04      0.00894  0.0000000    0.0122     0.0751     0.0000     0.0744   5.33511639    1.3031912     1.818     4.935
followdec23        geo-0001:sv1-20231212-U-21-1       60291.013670 23-DEC-13 00:19:41.08      2.200320     6  16.60  16.70  40371.30201  0.0000000   10.5330    26.0649     0.0000    56.7940    22.95      0.00556  0.0000000    0.0066     0.0553     0.0000     0.0544   5.38014442    5.1547030    -3.949     8.798
followdec23        geo-0001:sv1-20231212-U-22-1       60291.017003 23-DEC-13 00:24:29.05      2.566080     6  19.00  19.10  42120.92273  0.0000000    8.4289   299.3024     0.0000   143.2598     0.56      0.00516  0.0000000    0.0085     0.0430     0.0000     0.0425   5.38537246    1.0503902    -4.703     5.030
followdec23        geo-0001:sv1-20231212-U-27-1       60291.080406 23-DEC-13 01:55:47.07      2.566080     7  18.20  18.20  40530.98736  0.0000000    8.3039   302.2089     0.0000   139.7450    20.91      0.00282  0.0000000    0.0046     0.0270     0.0000     0.0267   5.21452060    1.1623072   -28.199     5.355
followdec23        geo-0002:sv1-20231212-U-27-1       60291.080661 23-DEC-13 01:56:09.11      2.933280     8  18.60  18.60  42481.53634  0.0000000    8.2534   304.7301     0.0000   137.1794    -4.06      0.00455  0.0000000    0.0068     0.0437     0.0000     0.0432   5.21523300    1.4614257   -28.336     5.599
followdec23        geo-0001:sv1-20231212-U-33-1       60291.113044 23-DEC-13 02:42:47.00      0.732960     3  18.50  18.60  44585.01284  0.0000000   11.0023    31.9962     0.0000    50.2258   -30.98      0.01975  0.0000000    0.0243     0.1532     0.0000     0.1505   5.13326423    5.1004963   -40.534     8.435
followdec23        geo-0001:sv1-20231212-U-34-1       60291.117140 23-DEC-13 02:48:40.89      3.300480    10  18.80  18.80  44989.97733  0.0000000   11.6455    31.2580     0.0000    51.0719   -36.17      0.00357  0.0000000    0.0042     0.0263     0.0000     0.0258   5.13072985    5.5221095   -41.965     9.035
followdec23        geo-0001:sv1-20231212-U-35-1       60291.122004 23-DEC-13 02:55:41.14      2.200320     7  17.30  17.30  44669.71315  0.0000000   14.1510    39.9464     0.0000    44.1339   -32.07      0.00311  0.0000000    0.0043     0.0171     0.0000     0.0166   5.18378968    6.4252124   -42.268     9.802
followdec23        geo-0001:sv1-20231212-U-36-1       60291.125975 23-DEC-13 03:01:24.24      1.100160     4  16.90  17.00  38600.38961  0.0000000   23.8313   264.5414     0.0000   170.5983    45.62      0.00762  0.0000000    0.0172     0.0077     0.0000     0.0068   4.42274882   -0.4652552   -50.972     3.784
followdec23        geo-0001:sv1-20231212-U-39-1       60291.175211 23-DEC-13 04:12:18.23      0.732960     3  19.10  19.10  45067.20662  0.0000000    8.8346   299.4757     0.0000   142.2161   -37.15      0.03222  0.0000000    0.0486     0.2453     0.0000     0.2421   5.05376458    1.4222583   -62.651     5.399
followdec23        geo-0002:sv1-20231212-U-39-1       60291.175465 23-DEC-13 04:12:40.17      2.933280     9  18.10  18.10  42089.48018  0.0000000    9.1515   304.0408     0.0000   137.5027     0.96      0.00437  0.0000000    0.0067     0.0380     0.0000     0.0375   5.03193109    2.1542915   -62.857     6.168
followdec23        geo-0001:sv1-20231212-U-41-1       60291.195975 23-DEC-13 04:42:12.24      1.833120     4  19.00  19.00  43168.69552  0.0000000    9.4333   301.8960     0.0000   133.6239   -12.85      0.00786  0.0000000    0.0109     0.0692     0.0000     0.0682   4.36043671    2.5927441   -76.260     6.814
followdec23        geo-0001:sv1-20231212-U-42-1       60291.199562 23-DEC-13 04:47:22.15      3.300480    10  18.50  18.60  44762.18997  0.0000000    8.9135   299.3845     0.0000   150.3385   -33.25      0.00353  0.0000000    0.0059     0.0215     0.0000     0.0212   5.37135706    0.3452699   -63.443     4.398
followdec23        geo-0001:sv1-20231212-U-47-1       60291.273682 23-DEC-13 06:34:06.12      1.833120     6  17.90  18.30  42353.99109  0.0000000   16.1061   357.1577     0.0000   134.5788    -2.43      0.00521  0.0000000    0.0075     0.0274     0.0000     0.0263   8.33456816    8.1623433   -47.337    11.397
follow_aiub2       geo-0002:sv1-20231212-U-7-1        60290.893463 23-DEC-12 21:26:35.20      1.465920     3  19.50  19.70  47600.80180  0.0000000    2.3616   124.2806     0.0000   297.0558   -69.58      0.01980  0.0000000    0.0162     0.7604     0.0000     0.7597   4.22425476   -6.1646759    18.389    -2.103
follow_aiub2       geo-0004:sv1-20231212-U-7-1        60290.893718 23-DEC-12 21:26:57.23      2.933280     6  19.30  19.50  56159.38671  0.0000000    7.9497    78.0470     0.0000   343.5144  -179.13      0.01336  0.0000000    0.0190     0.0404     0.0000     0.0399   4.21215720   -5.4459667    18.652    -2.249
