Campaign           Name                              Osc_epoch     Date      Time        arcl [min]    # obs mag_c   mag_u  a(km)        e          i(dg)     raan(dg)   w(dg)      s(dg)      dn(dg/d) da(km)       de         di(dg)    draan(dg)  dw(dg)     ds(dg)     R.A.(h)      Decl.(dg)    lon(dg)   lat(dg)  
svyjan23_gto105    geo-0003:sv1-20230121-S-14-1A      59966.059308 23-JAN-22 01:25:24.21      0.732960     2  18.10  18.30  36444.14498  0.0000000   40.5134   335.2945     0.0000   171.3476    73.22      0.00000  0.0000000    0.0000     0.0000     0.0000     0.0000  10.10580945    1.0021489     6.196     5.608
svyjan23           geo-0002:sv1-20230121-S-18-1A      59966.151264 23-JAN-22 03:37:49.20      0.732960     2  16.20  16.80  35070.33747  0.0000000   14.0966    26.7754     0.0000   153.4837    90.81      0.00000  0.0000000    0.0000     0.0000     0.0000     0.0000  12.20059828    1.3151296     5.258     6.242
svyjan23           geo-0007:sv1-20230121-S-18-1B      59966.151519 23-JAN-22 03:38:11.24      0.732960     2   0.00  17.30  26280.81073  0.0000000   50.5800   172.7123     0.0000    10.8299   203.31      0.00000  0.0000000    0.0000     0.0000     0.0000     0.0000  12.20237593    2.1109594     3.852     8.346
svyjan23           geo-0017:sv1-20230121-S-18-1B      59966.155083 23-JAN-22 03:43:19.17      0.732960     2  15.30  15.80  26508.93169  0.0000000   30.0029   164.8053     0.0000    17.1197   200.39      0.00000  0.0000000    0.0000     0.0000     0.0000     0.0000  12.19260457    2.2423332     2.668     8.465
svyjan23           geo-0019:sv1-20230121-S-18-1B      59966.160685 23-JAN-22 03:51:23.18      0.732960     2  15.50  16.10  26165.40615  0.0000000   31.1678    14.6511     0.0000   163.1090   204.79      0.00000  0.0000000    0.0000     0.0000     0.0000     0.0000  12.19294645    2.3245205     0.991     8.649
svyjan23           geo-0039:sv1-20230121-S-2-1A       59965.849123 23-JAN-21 20:22:44.22      1.467360     2  16.00  16.60  33799.65243  0.0000000   58.5631   245.6460     0.0000   163.6912   107.07      0.00000  0.0000000    0.0000     0.0000     0.0000     0.0000   3.53487813   10.3609368    -9.656    13.863
svyjan23           geo-0023:sv1-20230121-S-3-1A       59965.859470 23-JAN-21 20:37:38.20      0.732960     2   9.20  17.80  27515.63043  0.0000000   25.6134    23.7166     0.0000    35.3656   187.51      0.00000  0.0000000    0.0000     0.0000     0.0000     0.0000   3.48227816   10.2811557   -14.024    14.490
svyjan23           geo-0038:sv1-20230121-S-3-1A       59965.864053 23-JAN-21 20:44:14.17      0.732960     2  17.10  17.70  28883.38948  0.0000000   19.4597     9.8696     0.0000    48.3302   170.00      0.00000  0.0000000    0.0000     0.0000     0.0000     0.0000   3.47276977   10.3644316   -15.494    14.410
svyjan23           geo-0040:sv1-20230121-S-3-1A       59965.869655 23-JAN-21 20:52:18.19      0.732960     2  17.40  18.00  26914.21185  0.0000000   60.0788    48.6833     0.0000    16.7350   195.20      0.00000  0.0000000    0.0000     0.0000     0.0000     0.0000   3.48537585   10.1823170   -16.824    14.452
svyjan23           geo-0036:sv1-20230121-S-3-1B       59965.864308 23-JAN-21 20:44:36.21      0.732960     2  16.70  17.40  25698.03078  0.0000000   37.2612   257.5976     0.0000   154.2071   210.77      0.00000  0.0000000    0.0000     0.0000     0.0000     0.0000   3.47468925   11.0742890   -15.547    15.274
svyjan23           geo-0043:sv1-20230121-S-3-1B       59965.877549 23-JAN-21 21:03:40.23      0.732960     2   0.00   0.00  29656.67570  0.0000000   62.6709    50.0275     0.0000    16.4650   160.10      0.00000  0.0000000    0.0000     0.0000     0.0000     0.0000   0.00000000    0.0000000   -19.132    14.584
svyjan23           geo-0042:sv1-20230121-S-4-1A       59965.883926 23-JAN-21 21:12:51.20      0.732960     2   8.50  17.90  26056.22993  0.0000000   42.4522   253.7402     0.0000   158.0108   206.19      0.00000  0.0000000    0.0000     0.0000     0.0000     0.0000   3.42400812   10.2119497   -22.040    14.639
svyjan23           geo-0038:sv1-20230121-S-4-1B       59965.884181 23-JAN-21 21:13:13.23      0.732960     2   8.30  16.90  26045.09542  0.0000000   51.4019   249.7735     0.0000   160.1469   206.33      0.00000  0.0000000    0.0000     0.0000     0.0000     0.0000   3.42104665   11.2000918   -22.202    15.392
svyjan23           geo-0032:sv1-20230121-S-5-1B       59965.910928 23-JAN-21 21:51:44.17      0.732960     2  15.20  15.80  27289.73388  0.0000000   50.4649   250.9409     0.0000   160.1700   190.40      0.00000  0.0000000    0.0000     0.0000     0.0000     0.0000   3.37050838   11.1052074   -30.924    15.167
svyjan23           geo-0013:sv1-20230121-S-6-1B       59965.932028 23-JAN-21 22:22:07.21      0.732960     2  16.80  17.50  27908.69184  0.0000000   14.8468   323.6987     0.0000    94.5452   182.47      0.00000  0.0000000    0.0000     0.0000     0.0000     0.0000   3.32090613   10.4136381   -38.153    14.799
svyjan23           geo-0009:sv1-20230121-S-7-1A       59965.951287 23-JAN-21 22:49:51.19      0.732960     2  16.80  17.60  26290.24288  0.0000000   41.6814    42.2901     0.0000    22.3587   203.19      0.00000  0.0000000    0.0000     0.0000     0.0000     0.0000   3.28441629   10.0154393   -44.138    14.653
svyjan23           geo-0032:sv1-20230121-S-7-1B       59965.956125 23-JAN-21 22:56:49.20      0.732960     2  16.50  17.20  25168.94330  0.0000000   15.7767   324.3661     0.0000    95.4814   217.54      0.00000  0.0000000    0.0000     0.0000     0.0000     0.0000   3.28443801   11.0342258   -45.191    15.703
svyjan23           geo-0022:sv1-20230123-S-25-1A      59968.291264 23-JAN-24 06:59:25.20      0.732960     2  17.30  17.70  30053.88582  0.0000000   65.4906     7.1266     0.0000   171.8854   155.02      0.00000  0.0000000    0.0000     0.0000     0.0000     0.0000  11.50579376    1.5556677   -44.462     7.379
svyjan23           geo-0023:sv1-20230123-S-25-1A      59968.291264 23-JAN-24 06:59:25.20      0.732960     2  18.20  18.70  28546.86086  0.0000000    7.3281    97.3710     0.0000    86.8421   174.31      0.00000  0.0000000    0.0000     0.0000     0.0000     0.0000  11.51348099    1.3030181   -44.016     7.317
svyjan23           geo-0001:sv1-20230123-S-25-1A      59968.292282 23-JAN-24 07:00:53.16      1.467360     3  13.00  13.40  42686.87788  0.0000000    5.8966    74.1877     0.0000   107.8586    -6.69      0.00372  0.0000000    0.0023     0.0695     0.0000     0.0691  11.51376335    1.4523639   -46.436     5.612
svyjan23           geo-0001:sv1-20230123-S-25-1B      59968.285917 23-JAN-24 06:51:43.22      2.933280     5  15.40  15.80  43192.18460  0.0000000    7.3487    58.3439     0.0000   123.0089   -13.15      0.00652  0.0000000    0.0072     0.0851     0.0000     0.0844  11.50254713    2.2543560   -44.704     6.157
svyjan23           geo-0028:sv1-20230123-S-2-1A       59967.838695 23-JAN-23 20:07:43.24      0.732960     2  16.00  16.70  29378.12536  0.0000000   20.6821   277.6334     0.0000   136.3974   163.67      0.00000  0.0000000    0.0000     0.0000     0.0000     0.0000   3.51308251   10.1626949    -8.900    14.098
svyjan23           geo-0001:sv1-20230123-S-2-1B       59967.837421 23-JAN-23 20:05:53.17      1.467360     3   5.60  17.60  37732.65641  0.0000000   13.9539   313.8904     0.0000   101.9585    56.73      0.04030  0.0000000    0.0202     0.3833     0.0000     0.3720   3.51039288   10.4429159    -8.171    13.645
svyjan23           geo-0019:sv1-20230123-S-3-1B       59967.859991 23-JAN-23 20:38:23.22      0.732960     2   0.00  17.40  37293.32748  0.0000000   61.7824   244.2098     0.0000   164.3028    62.35      0.00000  0.0000000    0.0000     0.0000     0.0000     0.0000   3.47171708   10.5358196   -15.879    13.792
svyjan23           geo-0043:sv1-20230123-S-3-1B       59967.866102 23-JAN-23 20:47:11.21      0.732960     2  15.90  16.60  25237.37338  0.0000000   42.7240    39.8715     0.0000    22.7865   216.67      0.00000  0.0000000    0.0000     0.0000     0.0000     0.0000   3.47047057   10.5826006   -17.704    15.234
svyjan23           geo-0044:sv1-20230123-S-3-1B       59967.871704 23-JAN-23 20:55:15.22      0.732960     2  15.70  16.30  31575.15782  0.0000000   30.7011    31.8970     0.0000    28.8331   135.54      0.00000  0.0000000    0.0000     0.0000     0.0000     0.0000   3.46311117   10.4859338   -19.521    14.254
svyjan23           geo-0045:sv1-20230123-S-3-1B       59967.873741 23-JAN-23 20:58:11.22      0.732960     2  15.40  16.10  30257.02915  0.0000000   15.7767   348.3779     0.0000    69.7934   152.42      0.00000  0.0000000    0.0000     0.0000     0.0000     0.0000   3.46464091   11.1721500   -20.036    14.783
svyjan23           geo-0046:sv1-20230123-S-3-1B       59967.876287 23-JAN-23 21:01:51.19      1.467360     2   8.70   9.00  33240.54306  0.0000000   48.4419    44.3628     0.0000    19.1092   114.23      0.00000  0.0000000    0.0000     0.0000     0.0000     0.0000   3.45392251   10.5552450   -21.096    14.180
svyjan23           geo-0047:sv1-20230123-S-3-1B       59967.879343 23-JAN-23 21:06:15.23      0.732960     2   0.00   0.00  33972.63108  0.0000000   56.7769    48.5743     0.0000    16.6844   104.86      0.00000  0.0000000    0.0000     0.0000     0.0000     0.0000   0.00000000    0.0000000   -21.606    13.897
svyjan23           geo-0009:sv1-20230123-S-4-1A       59967.882306 23-JAN-23 21:10:31.23      0.732960     2   8.30  17.20  30657.43380  0.0000000   14.3076   323.3680     0.0000    93.5018   147.29      0.00000  0.0000000    0.0000     0.0000     0.0000     0.0000   3.41400267   10.4205555   -23.594    14.280
svyjan23           geo-0038:sv1-20230123-S-5-1A       59967.906912 23-JAN-23 21:45:57.19      0.732960     2   8.20  17.00  33892.31657  0.0000000   13.3899   331.2238     0.0000    86.0986   105.88      0.00000  0.0000000    0.0000     0.0000     0.0000     0.0000   3.36278373    9.5522975   -32.244    13.358
svyjan23           geo-0002:sv1-20230123-S-6-1B       59967.928393 23-JAN-23 22:16:53.15      1.467360     3   4.60  15.90  38929.05080  0.0000000   49.7566   248.7012     0.0000   161.8193    41.41      0.05373  0.0000000    0.1203     0.0524     0.0000     0.0338   3.31062832   10.5014368   -40.490    13.778
svyjan23           geo-0013:sv1-20230123-S-6-1B       59967.928393 23-JAN-23 22:16:53.15      0.732960     2   8.40  16.90  29490.82308  0.0000000   15.6854   305.3476     0.0000   111.9460   162.22      0.00000  0.0000000    0.0000     0.0000     0.0000     0.0000   3.31214091   10.3627151   -39.155    14.523
svyjan23           geo-0029:sv1-20230124-S-1-1B       59968.819308 23-JAN-24 19:39:48.21      0.732960     2   8.40  17.30  26239.43738  0.0000000   18.0784   290.2165     0.0000   123.4980   203.84      0.00000  0.0000000    0.0000     0.0000     0.0000     0.0000   3.54561642   10.4712203    -3.757    14.997
svyjan23           geo-0026:sv1-20230124-S-2-1A       59968.840604 23-JAN-24 20:10:28.18      0.732960     2   0.00  16.80  28131.09065  0.0000000   17.8077     4.5325     0.0000    52.8628   179.63      0.00000  0.0000000    0.0000     0.0000     0.0000     0.0000   3.50443174   10.0505211   -10.474    14.111
svyjan23           geo-0050:sv1-20230124-S-2-1A       59968.846715 23-JAN-24 20:19:16.17      1.467360     2  15.10  15.80  34667.18537  0.0000000   54.1992   246.7818     0.0000   163.0207    95.97      0.00000  0.0000000    0.0000     0.0000     0.0000     0.0000   3.50278136   10.3055752   -12.058    13.701
svyjan23           geo-0027:sv1-20230124-S-2-1B       59968.840859 23-JAN-24 20:10:50.21      0.732960     2   0.00  17.50  26134.65561  0.0000000   57.7311    46.1128     0.0000    17.7240   205.18      0.00000  0.0000000    0.0000     0.0000     0.0000     0.0000   3.50061171   10.4401071   -10.803    14.917
svyjan23           geo-0036:sv1-20230124-S-3-1A       59968.863174 23-JAN-24 20:42:58.23      0.732960     2  16.40  17.10  29621.65836  0.0000000   53.7370    46.3865     0.0000    17.3784   160.55      0.00000  0.0000000    0.0000     0.0000     0.0000     0.0000   3.46363366   10.0800793   -17.780    13.936
svymar23           geo-0001:sv1-20230316-S-27-1A      60020.203799 23-MAR-17 04:53:28.23      2.933280     5  18.70  18.80  41380.72550  0.0000000   10.3726    40.5408     0.0000   160.8382    10.03      0.02448  0.0000000    0.0486     0.0935     0.0000     0.0916  13.09194677   -0.5337324   -46.213     3.388
svymar23           geo-0003:sv1-20230316-S-27-1A      60020.212965 23-MAR-17 05:06:40.17      3.666240     6  17.80  17.90  50284.73322  0.0000000    3.3967    73.4259     0.0000   127.7494  -103.94      0.03084  0.0000000    0.0320     0.6882     0.0000     0.6869  13.09253592   -0.4937727   -49.968     2.685
svymar23           geo-0002:sv1-20230317-S-27-1A      60021.211089 23-MAR-18 05:03:58.08      1.465920     3  17.10  17.10  38731.85507  0.0000000   17.7285    34.3025     0.0000   167.3743    43.94      0.02562  0.0000000    0.0568     0.0433     0.0000     0.0407  13.08412672   -0.4403892   -49.242     3.816
svymar23           geo-0003:sv1-20230319-S-24-1B      60023.193706 23-MAR-20 04:38:56.19      1.467360     3  10.80  10.80  37501.98978  0.0000000    4.9234    91.9404     0.0000   110.5065    59.68      0.01034  0.0000000    0.0086     0.2639     0.0000     0.2629  13.11302520   -0.0003538   -44.680     4.611
svymar23           geo-0001:sv1-20230319-S-27-1A      60023.213961 23-MAR-20 05:08:06.23      2.200320     4  17.70  17.80  47315.50464  0.0000000    3.0153   148.6750     0.0000    52.4465   -65.93      0.00386  0.0000000    0.0042     0.1049     0.0000     0.1047  13.06230766   -1.2322712   -53.425     2.390
svymar23           geo-0002:sv1-20230319-S-27-1A      60023.213961 23-MAR-20 05:08:06.23      1.467360     3  16.50  16.50  42330.16631  0.0000000    8.1239    46.9766     0.0000   154.5289    -2.12      0.00696  0.0000000    0.0128     0.0433     0.0000     0.0428  13.06527684   -0.4004461   -52.779     3.484
svymar23           geo-0003:sv1-20230319-S-27-1A      60023.218035 23-MAR-20 05:13:58.22      2.200320     4  15.70  15.80  37098.06679  0.0000000   15.9299    35.8681     0.0000   165.9697    64.85      0.00492  0.0000000    0.0114     0.0106     0.0000     0.0100  13.05448929   -0.5717689   -53.623     3.815
svymar23           geo-0003:sv1-20230320-S-24-1A      60024.156752 23-MAR-21 03:45:43.37      0.732960     2  14.10  14.20  31721.19116  0.0000000   62.9542    25.1182     0.0000   174.7059   133.67      0.00000  0.0000000    0.0000     0.0000     0.0000     0.0000  13.17486209   -0.5342313   -32.137     4.714
svymar23           geo-0003:sv1-20230320-S-26-1A      60024.194623 23-MAR-21 04:40:15.42      2.933280     5  18.10  18.10  42817.17080  0.0000000    3.0895   106.7426     0.0000    95.0817    -8.35      0.00651  0.0000000    0.0014     0.2414     0.0000     0.2411  13.10239930   -1.0448594   -46.682     3.077
svymar23           geo-0005:sv1-20230320-S-26-1A      60024.199206 23-MAR-21 04:46:51.39      2.200320     4  19.80  19.90  44175.43537  0.0000000    5.8526    56.1585     0.0000   145.6384   -25.74      0.00927  0.0000000    0.0149     0.0994     0.0000     0.0988  13.10402953   -0.4110635   -48.232     3.299
svymar23           geo-0001:sv1-20230320-S-26-1B      60024.190803 23-MAR-21 04:34:45.37      2.933280     5  17.80  17.80  41499.76473  0.0000000   15.9892    36.3052     0.0000   164.9624     8.51      0.01602  0.0000000    0.0325     0.0319     0.0000     0.0304  13.10268833   -0.0438145   -45.310     4.098
svymar23           geo-0008:sv1-20230320-S-33-1A      60024.255222 23-MAR-21 06:07:31.18      0.732960     2  17.50  17.60  44716.36139  0.0000000   15.0435    31.3510     0.0000   169.9236   -32.66      0.00000  0.0000000    0.0000     0.0000     0.0000     0.0000  13.01543076   -1.2115130   -68.776     2.603
svymar23           geo-0001:sv1-20230320-S-5-1B       60023.908671 23-MAR-20 21:48:29.17      3.666240     6  15.80  15.90  52897.86230  0.0000000   10.3652    77.2717     0.0000    73.1560  -137.39      0.01003  0.0000000    0.0045     0.0849     0.0000     0.0835  10.10491662    7.2352632     4.875     9.916
svymar23           geo-0002:sv1-20230320-S-5-1B       60023.912745 23-MAR-20 21:54:21.16      2.933280     5  13.60  17.10  44869.61704  0.0000000   12.4110    91.3672     0.0000    59.0387   -34.63      0.02635  0.0000000    0.0258     0.2025     0.0000     0.1977  10.10302720    7.4156067     3.045    10.620
svyapr23           geo-0001:sv1-20230420-S-25-1A      60055.208868 23-APR-21 05:00:46.19      2.200320     3  19.90  20.20  40984.81595  0.0000000    3.5229    69.1872     0.0000   184.8130    15.10      0.00777  0.0000000    0.0164     0.0284     0.0000     0.0282  16.47306295   -5.1030135   -30.220    -0.295
svyapr23           geo-0003:sv1-20230420-S-25-1A      60055.225164 23-APR-21 05:24:14.16      2.200320     3  19.40  19.70  42429.92580  0.0000000    1.3185    63.9299     0.0000   190.8570    -3.40      0.00377  0.0000000    0.0075     0.0667     0.0000     0.0667  16.48049390   -4.5432736   -35.310    -0.248
svyapr23           geo-0003:sv1-20230422-S-26-1A      60057.186786 23-APR-23 04:28:58.31      2.200320     4  16.50  16.80  39221.08549  0.0000000    0.3095   251.6853     0.0000   362.5865    37.68      0.00849  0.0000000    0.0188     0.2707     0.0000     0.2708  16.52172926   -5.0535835   -23.939     0.014
svyapr23           geo-0004:sv1-20230422-S-26-1A      60057.189842 23-APR-23 04:33:22.34      2.933280     5  15.90  16.20  45138.88708  0.0000000    0.9590   296.9907     0.0000   317.2822   -38.07      0.00761  0.0000000    0.0106     0.5799     0.0000     0.5798  16.52245388   -5.0501273   -25.037    -0.651
svyapr23           geo-0005:sv1-20230422-S-26-1A      60057.190351 23-APR-23 04:34:06.32      2.200320     4  18.20  18.50  43419.87853  0.0000000    2.0654   262.1596     0.0000   352.2492   -16.07      0.01089  0.0000000    0.0213     0.0838     0.0000     0.0839  16.52429625   -4.5135917   -25.084    -0.278
svyapr23           geo-0006:sv1-20230422-S-26-1A      60057.196462 23-APR-23 04:42:54.31      2.200320     4  16.90  17.20  41235.46928  0.0000000    0.6116   353.4047     0.0000   261.3526    11.89      0.00449  0.0000000    0.0015     0.8725     0.0000     0.8724  16.52379330   -5.3025199   -26.947    -0.605
svyapr23           geo-0007:sv1-20230422-S-26-1A      60057.199008 23-APR-23 04:46:34.29      2.200320     3  18.50  18.70  41051.31714  0.0000000    3.5746    69.2423     0.0000   185.7199    14.25      0.00424  0.0000000    0.0089     0.0171     0.0000     0.0170  16.52557143   -5.1441155   -27.672    -0.356
svyapr23           geo-0001:sv1-20230423-S-21-1A      60058.159111 23-APR-24 03:49:07.19      2.200320     4  19.30  19.60  43438.93189  0.0000000    2.1203   262.0341     0.0000   352.1347   -16.31      0.00634  0.0000000    0.0124     0.0482     0.0000     0.0481  16.57426971   -4.5257097   -15.032    -0.290
svyapr23           geo-0002:sv1-20230423-S-21-1A      60058.159620 23-APR-24 03:49:51.16      2.200320     3  13.70  13.90  42293.55770  0.0000000    2.6876    67.1409     0.0000   187.1114    -1.65      0.00302  0.0000000    0.0061     0.0182     0.0000     0.0182  16.57573226   -5.0426092   -15.146    -0.333
svyapr23           geo-0003:sv1-20230423-S-21-1A      60058.163185 23-APR-24 03:54:59.18      2.933280     5  18.20  18.50  41240.08056  0.0000000    0.6061   346.0585     0.0000   268.2645    11.83      0.00578  0.0000000    0.0008     1.1450     0.0000     1.1450  16.57320616   -5.3137829   -16.354    -0.606
svyapr23           geo-0004:sv1-20230423-S-21-1A      60058.165222 23-APR-24 03:57:55.18      2.200320     4  13.90  18.80  43745.34811  0.0000000    1.6645   287.6811     0.0000   326.8557   -20.23      0.00265  0.0000000    0.0044     0.0974     0.0000     0.0973  16.58070465   -5.3305866   -16.865    -0.910
svyapr23           geo-0001:sv1-20230423-S-27-1A      60058.224204 23-APR-24 05:22:51.22      1.467360     3  19.30  19.60  40463.53277  0.0000000    0.6108    44.2820     0.0000   210.0890    21.77      0.00242  0.0000000    0.0045     0.2463     0.0000     0.2463  16.44019310   -5.1257100   -38.334    -0.306
svyapr23           geo-0001:sv1-20230424-S-26-1A      60059.175581 23-APR-25 04:12:50.19      3.666240     6  13.10  13.40  50273.19075  0.0000000   11.1449   261.3979     0.0000   352.4245  -103.79      0.01456  0.0000000    0.0241     0.0167     0.0000     0.0165  16.53074656   -5.2913459   -22.174    -1.460
svyapr23           geo-0002:sv1-20230424-S-26-1B      60059.179910 23-APR-25 04:19:04.22      2.933280     5  18.50  18.80  41673.02519  0.0000000    6.8391    78.1721     0.0000   176.1133     6.29      0.00565  0.0000000    0.0117     0.0082     0.0000     0.0081  16.53071079   -4.1405181   -23.387     0.462
svyapr23           geo-0004:sv1-20230424-S-28-1A      60059.193891 23-APR-25 04:39:12.18      0.732960     2  20.00  20.30  41335.58558  0.0000000    0.8199   281.3983     0.0000   333.1180    10.61      0.00000  0.0000000    0.0000     0.0000     0.0000     0.0000  16.50547816   -5.1316477   -28.228    -0.371
svyapr23           geo-0001:sv1-20230424-S-28-1A      60059.198475 23-APR-25 04:45:48.24      2.933280     5  18.60  18.80  43740.29873  0.0000000    1.6520   287.8990     0.0000   326.3055   -20.17      0.00667  0.0000000    0.0109     0.2498     0.0000     0.2497  16.49019846   -5.3148353   -30.186    -0.916
svyapr23           geo-0002:sv1-20230424-S-28-1A      60059.202039 23-APR-25 04:50:56.16      2.200320     3  17.80  18.00  43965.34546  0.0000000    4.2103    66.0363     0.0000   188.3326   -23.05      0.01374  0.0000000    0.0265     0.0580     0.0000     0.0577  16.48574473   -5.0904040   -31.342    -0.610
svyapr23           geo-0003:sv1-20230424-S-28-1A      60059.205604 23-APR-25 04:56:04.18      2.933280     5  17.90  18.10  45209.09773  0.0000000    1.0126   294.3641     0.0000   320.0120   -38.97      0.00628  0.0000000    0.0091     0.4281     0.0000     0.4280  16.48407233   -5.0304834   -32.595    -0.651
svymay23           geo-0001:sv1-20230514-S-30-1B      60079.191773 23-MAY-15 04:36:09.18      2.200320     4  19.10  19.90  47638.95606  0.0000000   10.7223   300.7686     0.0000     4.0582   -70.07      0.01734  0.0000000    0.0308     0.0152     0.0000     0.0145  20.29197065   -3.1232747     3.061     0.754
svymay23           geo-0001:sv1-20230515-S-25-1B      60080.200155 23-MAY-16 04:48:13.39      2.933280     4  17.20  18.10  44708.48537  0.0000000    0.9437   207.5517     0.0000    96.8686   -32.56      0.00612  0.0000000    0.0016     0.7048     0.0000     0.7047  20.26255800   -3.1827481    -1.286     0.937
svymay23           geo-0002:sv1-20230515-S-25-1B      60080.200664 23-MAY-16 04:48:57.36      2.200320     3  18.10  18.90  38056.48674  0.0000000    5.6279   287.8786     0.0000    16.2088    52.58      0.00183  0.0000000    0.0040     0.0125     0.0000     0.0124  20.26113074   -3.2619026    -1.877     1.569
svymay23           geo-0001:sv1-20230516-S-35-1A      60081.212120 23-MAY-17 05:05:27.16      2.933280     3  18.00  18.80  43745.70832  0.0000000    8.7400   301.3749     0.0000     2.9304   -20.24      0.00350  0.0000000    0.0069     0.0035     0.0000     0.0034  20.22567288   -3.5904054    -6.740     0.445
svyaug23           geo-0001:sv1-20230813-S-2-1A       60169.893208 23-AUG-13 21:26:13.17      2.200320     4  18.30  19.50  44008.67521  0.0000000    1.7177    74.6437     0.0000   164.2721   -23.61      0.01166  0.0000000    0.0218     0.2056     0.0000     0.2053  15.40147277   -3.5228735   -44.689     0.466
svyaug23           geo-0008:sv1-20230814-S-3-1A       60170.912653 23-AUG-14 21:54:13.21      0.732960     2  15.10  16.30  27230.81038  0.0000000    5.8723   211.4439     0.0000    30.6618   191.15      0.00000  0.0000000    0.0000     0.0000     0.0000     0.0000  15.36561304   -3.5953694   -49.643     2.991
svyaug23           geo-0002:sv1-20230814-S-5-1B       60170.946704 23-AUG-14 22:43:15.22      2.933280     5  13.90  15.10  42751.79242  0.0000000    4.0689   226.6443     0.0000    12.7015    -7.52      0.00903  0.0000000    0.0176     0.0586     0.0000     0.0587  15.32498023   -3.2440477   -64.594     0.894
svyaug23           geo-0001:sv1-20230814-S-6-1B       60170.966403 23-AUG-14 23:11:37.21      2.200320     4  14.10  15.30  44334.59714  0.0000000    7.0543    68.3000     0.0000   170.7144   -27.78      0.01410  0.0000000    0.0269     0.0372     0.0000     0.0363  15.30417459   -2.5615812   -71.936     1.135
svyaug23           geo-0001:sv1-20230815-S-3-1B       60171.894852 23-AUG-15 21:28:35.21      2.933280     5  15.60  16.80  44351.30677  0.0000000    7.0676    68.2782     0.0000   170.6870   -27.99      0.00935  0.0000000    0.0179     0.0244     0.0000     0.0240  15.39393421   -3.0414149   -47.142     1.141
svyaug23           geo-0002:sv1-20230815-S-5-1A       60171.933625 23-AUG-15 22:24:25.20      0.732960     2  18.10  19.40  41970.50617  0.0000000    3.8742    69.0572     0.0000   170.3200     2.48      0.00000  0.0000000    0.0000     0.0000     0.0000     0.0000  15.34033667   -3.4732714   -60.774     0.651
svyoct23           geo-0001:sv1-20231013-S-38-1A      60231.241958 23-OCT-14 05:48:25.17      1.465920     3  17.10  17.20  52044.80949  0.0000000   11.9202   329.1739     0.0000    74.3342  -126.47      0.00947  0.0000000    0.0042     0.0719     0.0000     0.0704   2.32041540    8.4640900   -66.450    11.471
svyoct23           geo-0002:sv1-20231013-S-38-1A      60231.252144 23-OCT-14 06:03:05.24      3.666240     5  16.80  16.80  53540.01283  0.0000000   11.5528   323.7314     0.0000    79.3269  -145.61      0.01814  0.0000000    0.0052     0.1411     0.0000     0.1382   2.30202422    8.4017035   -70.464    11.350
svyoct23           geo-0001:sv1-20231013-S-5-1A       60230.877051 23-OCT-13 21:02:57.20      1.467360     3  16.60  16.90  38836.21841  0.0000000    7.2118   298.8645     0.0000    30.4833    42.60      0.00241  0.0000000    0.0047     0.0222     0.0000     0.0220  22.02008867   -0.5414098    -8.754     3.651
svyoct23           geo-0002:sv1-20231013-S-6-1A       60230.895546 23-OCT-13 21:29:35.17      1.467360     3  19.00  19.40  42512.29291  0.0000000    8.0365   304.4531     0.0000    25.0107    -4.45      0.01082  0.0000000    0.0199     0.0674     0.0000     0.0667  21.57524090   -0.4508237   -15.332     3.389
svyoct23           geo-0003:sv1-20231013-S-6-1A       60230.905732 23-OCT-13 21:44:15.24      1.467360     3  17.60  18.00  34221.78017  0.0000000    6.4009   194.4955     0.0000   134.8262   101.67      0.02392  0.0000000    0.0445     0.3985     0.0000     0.3961  21.56264658   -0.3457360   -18.756     4.535
svyoct23           geo-0004:sv1-20231013-S-6-1A       60230.906241 23-OCT-13 21:44:59.22      2.200320     4  16.50  16.80  41844.12967  0.0000000    8.0296   305.2159     0.0000    24.5655     4.10      0.00914  0.0000000    0.0172     0.0573     0.0000     0.0567  21.56582682   -0.5347788   -18.872     3.329
svyoct23           geo-0002:sv1-20231014-S-37-1A      60232.243243 23-OCT-15 05:50:16.19      3.666240     6  17.40  17.50  52036.26174  0.0000000   11.9279   329.2598     0.0000    74.1354  -126.36      0.00433  0.0000000    0.0019     0.0329     0.0000     0.0322   2.31107451    8.4459597   -68.016    11.467
svyoct23           geo-0003:sv1-20231014-S-37-1A      60232.250882 23-OCT-15 06:01:16.20      1.467360     3  17.90  17.90  43758.90100  0.0000000   13.7454   344.5764     0.0000    60.4244   -20.41      0.01518  0.0000000    0.0146     0.1091     0.0000     0.1060   2.31141289    8.3904338   -69.556    11.926
svyoct23           geo-0001:sv1-20231014-S-4-1A       60231.869030 23-OCT-14 20:51:24.19      3.666240     6  14.30  14.70  51239.89862  0.0000000    2.8922   227.5724     0.0000   101.7194  -116.17      0.02885  0.0000000    0.0100     0.9154     0.0000     0.9143  22.02103972   -0.3504930    -6.688     2.832
svyoct23           geo-0003:sv1-20231014-S-4-1A       60231.872086 23-OCT-14 20:55:48.23      2.200320     3  16.30  16.70  38815.07132  0.0000000    7.2264   298.9187     0.0000    30.2534    42.87      0.01339  0.0000000    0.0261     0.1231     0.0000     0.1221  22.01441841   -0.5538395    -8.123     3.634
svyoct23           geo-0002:sv1-20231014-S-4-1A       60231.872595 23-OCT-14 20:56:32.20      2.933280     5  16.50  16.90  41205.45740  0.0000000   30.5406   323.7214     0.0000     6.3166    12.28      0.02732  0.0000000    0.0580     0.0148     0.0000     0.0129  22.02072245   -1.0700925    -8.113     3.205
svyoct23           geo-0004:sv1-20231014-S-4-1A       60231.878706 23-OCT-14 21:05:20.19      2.200320     4  17.80  18.10  42526.76375  0.0000000    8.0802   304.6133     0.0000    25.1327    -4.64      0.00488  0.0000000    0.0090     0.0305     0.0000     0.0302  22.02153434   -0.4242345    -9.960     3.422
svyoct23           geo-0001:sv1-20231014-S-4-1B       60231.873359 23-OCT-14 20:57:38.21      2.200320     4  14.50  14.90  42484.74544  0.0000000    5.7697   282.5416     0.0000    46.8486    -4.10      0.00429  0.0000000    0.0059     0.0636     0.0000     0.0633  22.02079444    0.1106098    -8.312     4.206
svydec23           geo-0001:sv1-20231209-S-33-1B      60288.259574 23-DEC-10 06:13:47.19      3.666240     6  17.30  17.60  47038.42225  0.0000000   14.4282    65.1041     0.0000    61.9128   -62.39      0.00316  0.0000000    0.0027     0.0204     0.0000     0.0197   8.09448406   10.0625600   -45.924    12.699
svydec23           geo-0001:sv1-20231210-S-28-1A      60289.202411 23-DEC-11 04:51:28.31      1.467360     3  15.50  15.80  38080.72704  0.0000000   13.2933    51.5937     0.0000    75.5395    52.27      0.02786  0.0000000    0.0160     0.2725     0.0000     0.2652   8.20420082    9.4838923   -25.769    12.865
svydec23           geo-0002:sv1-20231210-S-31-1B      60289.261461 23-DEC-11 06:16:30.23      2.933280     5  17.30  17.60  47035.96093  0.0000000   14.4168    64.8766     0.0000    62.5120   -62.35      0.00282  0.0000000    0.0023     0.0182     0.0000     0.0177   8.10415672   10.0932270   -47.206    12.760
svydec23           geo-0001:sv1-20231212-S-40-1A      60291.184910 23-DEC-13 04:26:16.22      2.200320     4  12.20  12.50  42278.46079  0.0000000   14.2913     8.9473     0.0000   117.1363    -1.46      0.00605  0.0000000    0.0057     0.0447     0.0000     0.0434   8.24276327    9.5843265   -21.354    12.690
svydec23           geo-0005:sv1-20231212-S-45-1A      60291.256252 23-DEC-13 06:09:00.17      0.732960     2  18.80  19.10  44417.54602  0.0000000   15.8046   357.4436     0.0000   128.1175   -28.84      0.00000  0.0000000    0.0000     0.0000     0.0000     0.0000   8.09396922    9.3240100   -47.291    12.373
svydec23           geo-0001:sv1-20231212-S-45-1A      60291.256252 23-DEC-13 06:09:00.17      3.666240     4  15.80  16.00  49531.53742  0.0000000   25.1440   333.5173     0.0000   150.3440   -94.30      0.00844  0.0000000    0.0128     0.0170     0.0000     0.0154   8.09534029    9.3615424   -47.679    12.136
svydec23           geo-0006:sv1-20231212-S-45-1B      60291.257016 23-DEC-13 06:10:06.18      0.732960     2  18.80  19.10  42233.90308  0.0000000   13.3972    47.0059     0.0000    80.4886    -0.89      0.00000  0.0000000    0.0000     0.0000     0.0000     0.0000   8.11091907   10.2003965   -46.971    13.210
svydec23           geo-0001:sv1-20231212-S-45-1B      60291.258544 23-DEC-13 06:12:18.20      1.467360     3  15.60  15.90  38072.34778  0.0000000   13.7068    50.7084     0.0000    77.2375    52.38      0.00175  0.0000000    0.0009     0.0166     0.0000     0.0161   8.10121886   10.0818101   -47.171    13.362
svydec23           geo-0001:sv1-20231212-S-46-1B      60291.261530 23-DEC-13 06:16:36.19      2.200320     4  17.40  17.70  47164.12987  0.0000000   14.4366    64.8073     0.0000    62.1969   -64.00      0.00725  0.0000000    0.0061     0.0466     0.0000     0.0452   8.08070191   10.0641564   -49.595    12.740
