Campaign           Name                              Osc_epoch     Date      Time        arcl [min]    # obs mag_c   mag_u  a(km)        e          i(dg)     raan(dg)   w(dg)      s(dg)      dn(dg/d) da(km)       de         di(dg)    draan(dg)  dw(dg)     ds(dg)     R.A.(h)      Decl.(dg)    lon(dg)   lat(dg)  
follow_aiub        geo-0016:sv1-20120119-U-10-1       55945.944997 12-JAN-19 22:40:47.74      1.833120     6  15.80  16.20  45074.02988  0.0000000    5.9371   315.7981     0.0000   118.8982   -37.24      0.00192  0.0000000    0.0018     0.0308     0.0000     0.0306   4.55049106    1.3401036   -24.105     5.196
svyjan12           geo-0028:sv1-20120120-S-56-1A      55947.182102 12-JAN-21 04:22:13.61      3.100320     4  18.00  18.10  47689.59235  0.0000000   11.3230    48.1797     0.0000    95.9235   -70.72      0.00249  0.0000000    0.0005     0.0225     0.0000     0.0221   9.24010071    8.3506558   -41.289    11.262
svyjan12           geo-0007:sv1-20120120-S-8-1B       55946.861443 12-JAN-20 20:40:28.67      1.033920     2  18.80  19.20  41958.83279  0.0000000   11.6536   313.1969     0.0000   113.4423     2.63      0.00000  0.0000000    0.0000     0.0000     0.0000     0.0000   4.37018949    7.3536642    -2.678    10.680
svymar12           geo-0006:sv1-20120324-S-52-1A      56011.127890 12-MAR-25 03:04:09.69      2.066400     3  15.30  15.30  42926.78204  0.0000000   13.4874    40.3209     0.0000   158.4119    -9.76      0.00770  0.0000000    0.0145     0.0245     0.0000     0.0238  13.09166648    1.0148485   -29.746     4.923
svymar12           geo-0015:sv1-20120324-S-52-1A      56011.130043 12-MAR-25 03:07:15.71      4.132800     5  15.40  15.40  62334.23603  0.0000000    4.4010   131.9023     0.0000    66.8656  -258.17      0.01236  0.0000000    0.0063     0.1949     0.0000     0.1943  13.09099413    1.2355776   -31.091     4.046
svymar12           geo-0033:sv1-20120324-S-52-1A      56011.140807 12-MAR-25 03:22:45.72      4.132800     5  13.10  13.10  59622.86349  0.0000000    3.9718   127.3001     0.0000    71.8289  -223.47      0.02591  0.0000000    0.0110     0.4919     0.0000     0.4907  13.09014998    0.5749465   -34.596     3.773
svymar12           geo-0001:sv1-20120324-S-52-1B      56011.125379 12-MAR-25 03:00:32.74      1.033920     2  11.70  11.70  42140.64309  0.0000000    8.7046    62.8708     0.0000   136.0564     0.31      0.00000  0.0000000    0.0000     0.0000     0.0000     0.0000  13.09334970    2.1315186   -28.856     6.028
svymar12           geo-0027:sv1-20120324-S-52-1B      56011.141883 12-MAR-25 03:24:18.69      2.066400     2  15.50  15.50  38247.07940  0.0000000    6.8255   136.2100     0.0000    64.1036    50.14      0.00000  0.0000000    0.0000     0.0000     0.0000     0.0000  13.08547742    1.5307871   -33.919     6.137
svymar12           geo-0001:sv1-20120324-S-6-1B       56010.879302 12-MAR-24 21:06:11.69      2.066400     3  16.40  16.40  59201.83076  0.0000000    9.3472    84.7307     0.0000    84.1264  -218.08      0.01149  0.0000000    0.0017     0.0996     0.0000     0.0983  11.32076355    6.5004559    29.494     9.298
svymay12           geo-0001:sv1-20120517-S-17-1A      56064.955574 12-MAY-17 22:56:01.59      1.033920     2  14.50  14.50  42299.67511  0.0000000   10.2156   321.7941     0.0000   260.0952    -1.73      0.00000  0.0000000    0.0000     0.0000     0.0000     0.0000  14.58049051  -15.5802705     1.690   -10.062
svydec12           geo-0001:sv1-20121211-S-14-1A      56272.905733 12-DEC-11 21:44:15.33      2.066400     3  16.10  16.40  43647.61778  0.0000000   12.4218   330.2479     0.0000    67.4588   -18.98      0.00441  0.0000000    0.0033     0.0376     0.0000     0.0367   2.33013678    8.4003516    -9.843    11.459
svydec12           geo-0002:sv1-20121211-S-14-1A      56272.905733 12-DEC-11 21:44:15.33      2.066400     3  17.70  18.00  42005.96990  0.0000000   14.7674   348.6327     0.0000    49.4429     2.03      0.01100  0.0000000    0.0147     0.0683     0.0000     0.0660   2.32446615    8.1156202    -9.943    11.166
svydec12           geo-0003:sv1-20121211-S-14-1A      56272.915061 12-DEC-11 21:57:41.27      2.066400     3  17.00  17.20  42002.44414  0.0000000   14.7807   350.0574     0.0000    48.4935     2.07      0.00631  0.0000000    0.0086     0.0386     0.0000     0.0373   2.32481859    8.0140457   -12.840    11.014
svydec12           geo-0001:sv1-20121211-S-14-1B      56272.896045 12-DEC-11 21:30:18.28      2.066400     3  18.20  18.50  43535.21022  0.0000000   12.7775   330.1625     0.0000    67.1564   -17.55      0.02403  0.0000000    0.0184     0.1993     0.0000     0.1943   2.33115654    8.5946415    -6.768    11.760
svydec12           geo-0002:sv1-20121211-S-14-1B      56272.905374 12-DEC-11 21:43:44.31      2.066400     3  16.20  16.40  43673.41437  0.0000000   12.4082   330.1144     0.0000    67.4665   -19.31      0.00532  0.0000000    0.0040     0.0453     0.0000     0.0443   2.32314593    8.3920447    -9.838    11.448
svydec12           geo-0001:sv1-20121211-S-8-1B       56272.867143 12-DEC-11 20:48:41.15      2.066400     3  17.90  18.10  42417.02814  0.0000000   12.9743   334.8604     0.0000    63.3593    -3.23      0.00147  0.0000000    0.0013     0.0120     0.0000     0.0117   2.43177714    8.3707582     4.486    11.577
