Campaign           Name                              Osc_epoch     Date      Time        arcl [min]    # obs mag_c   mag_u  a(km)        e          i(dg)     raan(dg)   w(dg)      s(dg)      dn(dg/d) da(km)       de         di(dg)    draan(dg)  dw(dg)     ds(dg)     R.A.(h)      Decl.(dg)    lon(dg)   lat(dg)  
svyjan17_gto105    geo-0001:sv1-20170128-S-13-1A      57781.992080 17-JAN-28 23:48:35.71      2.299680     4  16.90  17.00  42251.47846  0.0000000   12.3129    36.2835     0.0000   112.5712    -1.11      0.01300  0.0000000    0.0103     0.1146     0.0000     0.1120  10.19470231    8.0542771    23.754    11.357
followjan17        geo-0001:sv1-20170128-U-15-1       57782.014781 17-JAN-29 00:21:17.07      1.465920     5  17.30  17.40  39201.77584  0.0000000   12.6135    35.6970     0.0000   121.2813    37.92      0.00790  0.0000000    0.0092     0.0683     0.0000     0.0667  10.54477521    7.0728216    23.831    10.756
followjan17        geo-0001:sv1-20170128-U-16-1       57782.018877 17-JAN-29 00:27:10.97      1.833120     5  16.90  17.10  32489.96381  0.0000000   20.0726     4.9703     0.0000   149.3393   123.83      0.01113  0.0000000    0.0262     0.0447     0.0000     0.0422  10.51424301    5.3033147    20.610    10.080
followjan17        geo-0001:sv1-20170128-U-21-1       57782.072906 17-JAN-29 01:44:59.07      2.933280     8  17.30  17.40  43211.06412  0.0000000   12.0674    36.0807     0.0000   120.0561   -13.40      0.00276  0.0000000    0.0028     0.0227     0.0000     0.0222  10.37525938    7.2122470     1.941    10.425
followjan17        geo-0001:sv1-20170128-U-22-1       57782.076749 17-JAN-29 01:50:31.11      3.300480     6  19.10  19.20  47650.68200  0.0000000   11.5768    71.2184     0.0000    85.8143   -70.22      0.00523  0.0000000    0.0007     0.0465     0.0000     0.0455  10.37109008    8.5740606     0.805    11.545
followjan17        geo-0002:sv1-20170128-U-23-1       57782.080846 17-JAN-29 01:56:25.09      1.100160     4  18.00  18.10  40304.71418  0.0000000   12.8910    33.8285     0.0000   124.1440    23.81      0.01246  0.0000000    0.0152     0.0999     0.0000     0.0974  10.46057286    7.2115452     1.035    10.640
followjan17        geo-0001:sv1-20170128-U-31-1       57782.174631 17-JAN-29 04:11:28.11      1.833120     6  17.70  17.80  41729.96808  0.0000000   13.0146    33.3184     0.0000   123.4895     5.56      0.00776  0.0000000    0.0090     0.0599     0.0000     0.0583  10.19170399    7.4156892   -33.978    10.825
followjan17        geo-0001:sv1-20170128-U-32-1       57782.180407 17-JAN-29 04:19:47.16      2.200320     7  18.40  18.40  42581.52646  0.0000000   12.9046    33.7087     0.0000   120.6205    -5.34      0.00968  0.0000000    0.0101     0.0759     0.0000     0.0740  10.06488813    8.0142920   -38.585    11.080
followjan17        geo-0001:sv1-20170128-U-33-1       57782.184250 17-JAN-29 04:25:19.20      2.200320     6  18.20  18.30  42105.08656  0.0000000   12.9874    33.4375     0.0000   122.2906     0.76      0.01151  0.0000000    0.0128     0.0892     0.0000     0.0869  10.12228081    7.5026806   -38.545    10.952
followjan17        geo-0001:sv1-20170128-U-37-1       57782.228775 17-JAN-29 05:29:26.16      2.200320     5  17.60  17.70  31468.42893  0.0000000   32.7203   357.9446     0.0000   158.7358   136.91      0.01805  0.0000000    0.0496     0.0361     0.0000     0.0300  10.11361582    6.4822690   -51.205    11.305
followjan17        geo-0002:sv1-20170128-U-37-1       57782.229285 17-JAN-29 05:30:10.22      2.200320     7  16.20  16.30  37479.02698  0.0000000   19.1463    11.1039     0.0000   146.1499    59.97      0.00158  0.0000000    0.0031     0.0063     0.0000     0.0060  10.11461287    6.4356153   -52.459    10.527
followjan17        geo-0001:sv1-20170128-U-39-1       57782.245027 17-JAN-29 05:52:50.33      1.100160     4  18.00  18.20  28761.08711  0.0000000   33.0714   359.1500     0.0000   167.6964   171.56      0.02174  0.0000000    0.0696     0.0303     0.0000     0.0246  10.47063775    0.4709674   -48.095     6.677
followjan17        geo-0001:sv1-20170128-U-40-1       57782.249887 17-JAN-29 05:59:50.23      2.200320     7  16.30  16.30  38199.93353  0.0000000   11.5230    57.4353     0.0000    96.8092    50.75      0.00442  0.0000000    0.0013     0.0501     0.0000     0.0491   9.49264716    7.3944971   -64.258    11.441
followjan17        geo-0002:sv1-20170128-U-7-1        57781.916102 17-JAN-28 21:59:11.21      0.367200     2  19.00  19.40  43659.88624  0.0000000   15.5867     2.6259     0.0000    77.4560   -19.14      0.00000  0.0000000    0.0000     0.0000     0.0000     0.0000   5.17237462   13.0126365   -18.531    15.205
followjan17        geo-0001:sv1-20170129-U-11-1       57782.977226 17-JAN-29 23:27:12.32      3.300480     9  16.50  16.70  45873.17600  0.0000000   25.7919   350.5499     0.0000   166.7941   -47.47      0.00381  0.0000000    0.0069     0.0036     0.0000     0.0034  10.59029811    2.0503642    37.419     5.705
followjan17        geo-0001:sv1-20170129-U-17-1       57783.033870 17-JAN-30 00:48:46.36      2.566080     8  17.80  18.00  41763.92921  0.0000000   14.8841    16.5420     0.0000   141.0089     5.13      0.00216  0.0000000    0.0035     0.0108     0.0000     0.0105  10.53291308    5.4911500    16.855     9.301
followjan17        geo-0001:sv1-20170129-U-18-1       57783.037713 17-JAN-30 00:54:18.40      2.933280     9  17.70  17.90  41781.14363  0.0000000   14.8848    16.5350     0.0000   142.4247     4.91      0.00184  0.0000000    0.0030     0.0089     0.0000     0.0087  10.59030689    5.2940911    16.865     9.012
followjan17        geo-0001:sv1-20170129-U-33-1       57783.198752 17-JAN-30 04:46:12.17      2.566080     8  18.10  18.20  41953.38058  0.0000000   14.8985    13.4995     0.0000   141.3493     2.70      0.00435  0.0000000    0.0071     0.0219     0.0000     0.0211  10.06189509    5.4828216   -45.368     9.241
followjan17        geo-0001:sv1-20170129-U-40-1       57783.276600 17-JAN-30 06:38:18.24      3.300480    10  16.50  16.60  45947.49149  0.0000000   10.2225    45.4736     0.0000   109.8263   -48.42      0.00360  0.0000000    0.0023     0.0356     0.0000     0.0350   9.56554754    6.1506199   -73.676     9.611
followjan17        geo-0001:sv1-20170129-U-41-1       57783.280698 17-JAN-30 06:44:12.30      3.666240    11  16.90  17.00  58654.23514  0.0000000    9.9256    62.3412     0.0000    91.4795  -211.07      0.00559  0.0000000    0.0003     0.0467     0.0000     0.0460   9.55062058    7.1915754   -76.907     9.922
followjan17        geo-0002:sv1-20170129-U-41-1       57783.280698 17-JAN-30 06:44:12.30      1.833120     3  16.70  16.80  44917.66781  0.0000000   16.5692    16.3156     0.0000   137.9714   -35.24      0.02444  0.0000000    0.0351     0.1108     0.0000     0.1060   9.55239445    7.3836904   -75.257    11.007
followjan17        geo-0001:sv1-20170129-U-43-1       57783.288115 17-JAN-30 06:54:53.13      2.933280     7  16.40  16.40  44940.42630  0.0000000   16.4999    16.5308     0.0000   140.1913   -35.53      0.00518  0.0000000    0.0077     0.0225     0.0000     0.0215  10.05025249    7.0424121   -75.525    10.477
followjan17        geo-0001:sv1-20170129-U-6-1        57782.913579 17-JAN-29 21:55:33.22      2.566080     8  18.90  19.30  43018.94419  0.0000000   15.5385   353.7615     0.0000    83.6084   -10.94      0.00304  0.0000000    0.0007     0.0227     0.0000     0.0219   5.05487786   13.1513356   -21.095    15.440
followjan17        geo-0001:sv1-20170130-U-16-1       57784.090373 17-JAN-31 02:10:08.22      3.666240    10  16.70  16.80  45775.46183  0.0000000   34.3290   342.3929     0.0000   167.9966   -46.22      0.01556  0.0000000    0.0289     0.0107     0.0000     0.0091  10.13122498    3.2239470   -10.596     6.735
followjan17        geo-0001:sv1-20170130-U-20-1       57784.134713 17-JAN-31 03:13:59.20      0.732960     3  17.40  17.50  50381.61095  0.0000000    8.0769    63.5596     0.0000    93.1146  -105.18      0.02668  0.0000000    0.0029     0.3173     0.0000     0.3141  10.23594393    5.1337271   -22.331     8.065
followjan17        geo-0002:sv1-20170130-U-20-1       57784.136241 17-JAN-31 03:16:11.22      1.100160     4  17.10  17.20  50368.70756  0.0000000    8.0828    62.9881     0.0000    94.1028  -105.01      0.01149  0.0000000    0.0015     0.1365     0.0000     0.1351  10.25379644    5.1321203   -22.456     8.062
followjan17        geo-0001:sv1-20170130-U-21-1       57784.138556 17-JAN-31 03:19:31.23      3.300480    10  17.80  17.90  44657.23352  0.0000000   15.6529     2.0132     0.0000   155.1164   -31.91      0.00269  0.0000000    0.0047     0.0080     0.0000     0.0077  10.28279808    3.0153487   -22.478     6.519
followjan17        geo-0002:sv1-20170130-U-21-1       57784.140338 17-JAN-31 03:22:05.20      1.100160     4  11.70  11.80  42163.39642  0.0000000    8.1299    34.2375     0.0000   123.5609     0.01      0.03778  0.0000000    0.0431     0.4572     0.0000     0.4526  10.28235951    3.0448360   -23.002     6.768
followjan17        geo-0001:sv1-20170130-U-26-1       57784.191752 17-JAN-31 04:36:07.37      2.200320     7  18.10  18.20  50289.29012  0.0000000   10.0831    26.5033     0.0000   127.9072  -104.00      0.00801  0.0000000    0.0083     0.0607     0.0000     0.0597  10.05533022    4.5958323   -44.784     7.940
followfeb17        geo-0001:sv1-20170226-U-23-1       57811.070850 17-FEB-27 01:42:01.44      2.200320     5  19.70  19.70  46404.57433  0.0000000   21.2452   339.2273     0.0000   169.5583   -54.27      0.00907  0.0000000    0.0165     0.0086     0.0000     0.0080   9.49035049    0.0238782   -33.114     3.765
followfeb17        geo-0001:sv1-20170226-U-24-1       57811.073927 17-FEB-27 01:46:27.29      3.666240    11  17.70  17.70  71709.08180  0.0000000   32.4667   332.7885     0.0000   173.2521  -378.17      0.00000  0.0000000    0.0000     0.0000     0.0000     0.0000   9.41448223    1.1808069   -36.619     3.616
follow_aiub2       geo-0001:sv1-20170226-U-25-1       57811.078534 17-FEB-27 01:53:05.33      1.467360     5  18.80  19.00  53183.63982  0.0000000    8.6940   326.9354     0.0000   157.3897  -141.04      0.01269  0.0000000    0.0186     0.0514     0.0000     0.0507   8.00012907    0.0512295   -60.810     3.332
followfeb17        geo-0001:sv1-20170226-U-27-1       57811.094644 17-FEB-27 02:16:17.24      3.666240    10  18.40  18.60  52523.09792  0.0000000    8.8049   327.0074     0.0000   161.5079  -132.59      0.00822  0.0000000    0.0126     0.0273     0.0000     0.0269   8.15555801   -0.3255126   -62.466     2.783
followfeb17        geo-0001:sv1-20170226-U-29-1       57811.113787 17-FEB-27 02:43:51.19      4.033440    10  18.10  18.10  57023.99257  0.0000000    6.0127    61.0631     0.0000    88.8908  -190.20      0.00280  0.0000000    0.0001     0.0391     0.0000     0.0388   9.46526385    3.1511466   -48.148     6.012
followfeb17        geo-0001:sv1-20170226-U-33-1       57811.147352 17-FEB-27 03:32:11.21      3.666240    11  17.20  17.30  64111.65096  0.0000000    6.8641     9.6999     0.0000   137.0414  -280.92      0.01140  0.0000000    0.0109     0.0841     0.0000     0.0834   9.32145086    2.0556706   -63.265     4.672
followfeb17        geo-0001:sv1-20170226-U-41-1       57811.264563 17-FEB-27 06:20:58.24      2.933280     9  18.60  18.70  43441.49809  0.0000000   12.6443    42.2991     0.0000   143.1079   -16.35      0.00502  0.0000000    0.0080     0.0273     0.0000     0.0266  11.59292772    3.5318867   -66.443     7.551
followfeb17        geo-0001:sv1-20170226-U-4-1        57810.880615 17-FEB-26 21:08:05.13      3.300480     9  19.00  19.00  73760.22580  0.0000000    9.8741   356.9587     0.0000   153.8714  -404.43      0.00970  0.0000000    0.0098     0.0278     0.0000     0.0274  10.19292306    2.0504123    37.243     4.331
followfeb17        geo-0001:sv1-20170226-U-5-1        57810.884456 17-FEB-26 21:13:36.99      3.666240    10  18.10  18.10  73640.41361  0.0000000    9.9173   356.8539     0.0000   154.5681  -402.89      0.00779  0.0000000    0.0079     0.0217     0.0000     0.0214  10.21434954    1.5919065    36.445     4.242
followfeb17        geo-0001:sv1-20170226-U-6-1        57810.890081 17-FEB-26 21:21:42.99      1.100160     3  18.10  18.10  78580.51545  0.0000000   10.3082   117.8373     0.0000    34.8394  -466.12      0.02576  0.0000000    0.0222     0.0866     0.0000     0.0851  10.22287886    3.5030989    34.900     5.867
followfeb17        geo-0002:sv1-20170226-U-6-1        57810.890590 17-FEB-26 21:22:26.97      0.732960     3  18.60  18.60  74991.26239  0.0000000    6.7908    28.3407     0.0000   123.3609  -420.18      0.06678  0.0000000    0.0404     0.5181     0.0000     0.5145  10.21383649    3.3156892    34.363     5.668
followfeb17        geo-0001:sv1-20170226-U-8-1        57810.906703 17-FEB-26 21:45:39.13      2.933280     8  18.40  18.40  77996.27771  0.0000000    6.7537    27.7550     0.0000   126.4653  -458.65      0.02163  0.0000000    0.0135     0.1549     0.0000     0.1539  10.30334359    3.2239496    31.070     5.427
followfeb17        geo-0001:sv1-20170227-U-10-1       57811.936253 17-FEB-27 22:28:12.25      1.467360     3  17.10  17.10  65670.35509  0.0000000    6.3734    64.4971     0.0000    87.5709  -300.87      0.00054  0.0000000    0.0000     0.0061     0.0000     0.0061  10.20020364    4.0137427    17.059     6.368
followfeb17        geo-0002:sv1-20170227-U-13-1       57811.966485 17-FEB-27 23:11:44.30      3.300480     9  19.60  19.60  57918.49730  0.0000000    7.5490    24.1494     0.0000   125.4288  -201.65      0.01791  0.0000000    0.0149     0.1583     0.0000     0.1570  10.07565463    3.2857779     3.907     6.145
followfeb17        geo-0001:sv1-20170227-U-15-1       57811.984123 17-FEB-27 23:37:08.22      0.732960     3  18.60  18.70  41250.18410  0.0000000   33.7971   337.4703     0.0000   174.5870    11.70      0.02458  0.0000000    0.0519     0.0091     0.0000     0.0088  10.22386667   -1.2120682     0.694     3.008
followfeb17        geo-0001:sv1-20170227-U-17-1       57811.991285 17-FEB-27 23:47:27.02      4.033440    12  17.90  17.90  68529.10503  0.0000000    6.7405    30.9178     0.0000   116.1146  -337.47      0.01665  0.0000000    0.0087     0.1500     0.0000     0.1489   9.52004512    3.5043281    -7.670     6.050
followfeb17        geo-0002:sv1-20170227-U-17-1       57811.991539 17-FEB-27 23:47:48.96      3.666240    10  17.20  17.20  50542.42052  0.0000000   17.0474   350.2574     0.0000   155.6253  -107.24      0.01194  0.0000000    0.0182     0.0278     0.0000     0.0267   9.51409536    3.5829369    -8.115     6.949
followfeb17        geo-0001:sv1-20170227-U-20-1       57812.013023 17-FEB-28 00:18:45.18      3.666240     9  18.20  18.30  66125.97087  0.0000000    9.9263     2.3101     0.0000   144.8574  -306.71      0.01262  0.0000000    0.0127     0.0515     0.0000     0.0508   9.50539508    3.2220547   -15.133     5.695
followfeb17        geo-0001:sv1-20170227-U-21-1       57812.017118 17-FEB-28 00:24:38.99      3.666240    10  18.90  19.00  57271.06697  0.0000000   13.1139   358.3850     0.0000   148.8735  -193.36      0.00803  0.0000000    0.0100     0.0263     0.0000     0.0256   9.51547985    4.0751958   -16.261     6.735
followfeb17        geo-0001:sv1-20170227-U-24-1       57812.048111 17-FEB-28 01:09:16.79      2.933280     9  16.90  16.90  42597.45571  0.0000000    7.6883    44.8387     0.0000   106.2289    -5.54      0.00199  0.0000000    0.0012     0.0289     0.0000     0.0287  10.00177429    3.4949612   -24.166     7.380
followfeb17        geo-0001:sv1-20170227-U-27-1       57812.078598 17-FEB-28 01:53:10.86      2.933280     8  18.20  18.20  52787.19697  0.0000000   18.2064   345.7988     0.0000   162.6420  -135.97      0.00237  0.0000000    0.0036     0.0036     0.0000     0.0034   9.47341754    2.1814515   -37.117     5.349
followfeb17        geo-0001:sv1-20170227-U-29-1       57812.085252 17-FEB-28 02:02:45.77      2.200320     7  18.10  18.10  57016.48557  0.0000000    6.0136    61.0410     0.0000    89.0077  -190.11      0.00591  0.0000000    0.0003     0.0821     0.0000     0.0816   9.50487011    3.1658057   -38.737     6.013
followfeb17        geo-0001:sv1-20170227-U-35-1       57812.130419 17-FEB-28 03:07:48.20      0.367200     2  20.20  20.20  44328.23117  0.0000000   13.3179   354.2345     0.0000   157.9499   -27.70      0.00000  0.0000000    0.0000     0.0000     0.0000     0.0000   9.51592622    1.1041720   -52.362     4.961
followfeb17        geo-0001:sv1-20170227-U-36-1       57812.133037 17-FEB-28 03:11:34.39      0.732960     3  18.60  18.70  48983.37569  0.0000000   10.7891     6.5793     0.0000   145.8887   -87.28      0.01450  0.0000000    0.0209     0.0757     0.0000     0.0742   9.54312115    2.4447642   -53.089     6.026
followfeb17        geo-0001:sv1-20170227-U-40-1       57812.176368 17-FEB-28 04:13:58.19      4.033440    12  18.00  18.00  60321.35011  0.0000000   11.2330   357.3384     0.0000   148.9124  -232.41      0.00615  0.0000000    0.0074     0.0227     0.0000     0.0223   9.27489167    3.0303952   -74.933     5.773
followfeb17        geo-0001:sv1-20170227-U-44-1       57812.233671 17-FEB-28 05:36:29.17      4.033440    12  18.00  18.10  52886.09289  0.0000000   22.2559    16.4835     0.0000   165.0197  -137.24      0.00474  0.0000000    0.0074     0.0052     0.0000     0.0048  11.52123961    2.3243137   -59.783     5.618
followfeb17        geo-0001:sv1-20170227-U-45-1       57812.238532 17-FEB-28 05:43:29.16      2.933280     6   8.60  17.40  41849.26782  0.0000000   12.4226    41.6332     0.0000   145.6622     4.03      0.00254  0.0000000    0.0043     0.0138     0.0000     0.0134  12.09450652    3.0943363   -56.187     6.970
followfeb17        geo-0002:sv1-20170227-U-45-1       57812.239806 17-FEB-28 05:45:19.23      0.732960     3  10.60  10.60  25487.30295  0.0000000   64.1690   187.6499     0.0000    10.0975   213.47      0.01777  0.0000000    0.0653     0.0135     0.0000     0.0077  12.12066298    2.4558020   -52.485     9.080
followfeb17        geo-0001:sv1-20170227-U-9-1        57811.932411 17-FEB-27 22:22:40.31      2.566080     8  16.20  16.20  40580.01089  0.0000000    8.7693    82.2970     0.0000    67.5190    20.28      0.00183  0.0000000    0.0015     0.0238     0.0000     0.0235  10.17547212    4.2052666    15.970     8.098
followfeb17        geo-0001:sv1-20170228-U-13-1       57813.020706 17-MAR-01 00:29:48.99      3.666240    10  17.60  17.60  48408.22517  0.0000000    9.3132    52.0171     0.0000    98.4568   -79.92      0.00318  0.0000000    0.0009     0.0341     0.0000     0.0336  10.02483918    6.2418347   -15.880     9.211
followfeb17        geo-0002:sv1-20170228-U-13-1       57813.022488 17-MAR-01 00:32:22.96      1.100160     4  17.70  17.70  54514.25410  0.0000000    9.3329    49.2598     0.0000   101.2328  -158.08      0.01492  0.0000000    0.0045     0.1380     0.0000     0.1361  10.02413779    6.4132804   -16.470     9.153
followfeb17        geo-0001:sv1-20170228-U-17-1       57813.054927 17-MAR-01 01:19:05.69      2.200320     7  19.70  19.70  42198.13450  0.0000000   14.8349     1.8027     0.0000   167.4587    -0.43      0.00374  0.0000000    0.0075     0.0065     0.0000     0.0063  11.23190652   -1.0257641    -9.152     3.187
followfeb17        geo-0001:sv1-20170228-U-18-1       57813.059023 17-MAR-01 01:24:59.58      3.666240     6  16.80  16.80  71804.55107  0.0000000   31.6866   335.8253     0.0000   171.0503  -379.39      0.00000  0.0000000    0.0000     0.0000     0.0000     0.0000   9.47369202    2.2805131   -32.105     4.687
followfeb17        geo-0001:sv1-20170228-U-24-1       57813.119552 17-MAR-01 02:52:09.29      3.300480     9  17.60  17.70  71119.38785  0.0000000   11.2123     5.2017     0.0000   140.3663  -370.62      0.00611  0.0000000    0.0054     0.0231     0.0000     0.0227   9.32079510    5.0007775   -56.038     7.125
followfeb17        geo-0003:sv1-20170228-U-36-1       57813.267512 17-MAR-01 06:25:13.03      0.367200     2  19.60  19.70  40215.86814  0.0000000   57.5258   181.9050     0.0000     9.2955    24.94      0.00000  0.0000000    0.0000     0.0000     0.0000     0.0000  11.59579839    3.5110514   -68.632     7.832
followfeb17        geo-0002:sv1-20170228-U-36-1       57813.267766 17-MAR-01 06:25:34.98      2.200320     4  18.60  18.70  43544.20983  0.0000000    7.7584    74.3159     0.0000   111.8712   -17.66      0.00679  0.0000000    0.0051     0.0921     0.0000     0.0912  11.59522789    3.2931800   -69.281     7.197
followfeb17        geo-0001:sv1-20170228-U-36-1       57813.268021 17-MAR-01 06:25:57.01      0.732960     3  10.40  10.50  25765.69077  0.0000000   63.8928   186.5720     0.0000    10.6316   209.90      0.04635  0.0000000    0.1640     0.0367     0.0000     0.0203  12.01377537    3.1554098   -64.449     9.536
follow_aiub2       geo-0001:sv1-20170228-U-4-1        57812.929273 17-FEB-28 22:18:09.18      1.467360     5  20.10  20.20  42265.16464  0.0000000   13.3806   327.1278     0.0000   169.2362    -1.29      0.00676  0.0000000    0.0135     0.0112     0.0000     0.0111   9.18294424   -1.5002543     3.190     2.477
followfeb17        geo-0001:sv1-20170228-U-6-1        57812.945707 17-FEB-28 22:41:49.08      2.933280     9  19.50  19.50  42377.51818  0.0000000   13.3907   327.0764     0.0000   175.2033    -2.73      0.00199  0.0000000    0.0040     0.0015     0.0000     0.0016   9.41231362   -3.2239392     3.017     1.110
followaug17        geo-0001:sv1-20170823-U-12-1       57989.020894 17-AUG-24 00:30:05.24      2.200320     7  18.30  18.40  41185.47921  0.0000000    4.1819    97.5399     0.0000   259.3586    12.53      0.00225  0.0000000    0.0009     0.0632     0.0000     0.0630   0.07015465   -9.1514576    16.863    -4.110
followaug17        geo-0001:sv1-20170823-U-14-1       57989.029086 17-AUG-24 00:41:53.03      3.300480    10  17.60  17.70  46219.06961  0.0000000   24.8528   353.3170     0.0000   357.7393   -51.90      0.00558  0.0000000    0.0104     0.0017     0.0000     0.0014  23.38183387   -5.1326956     8.301    -0.950
followaug17        geo-0001:sv1-20170823-U-17-1       57989.079708 17-AUG-24 01:54:46.77      2.200320     7  19.40  19.50  43164.44198  0.0000000   15.4644     9.6331     0.0000   349.4493   -12.80      0.00290  0.0000000    0.0057     0.0040     0.0000     0.0039   0.06386428   -7.4240450    -1.782    -2.798
followaug17        geo-0002:sv1-20170823-U-17-1       57989.080218 17-AUG-24 01:55:30.83      2.200320     7  18.10  18.30  42654.67112  0.0000000    5.1246    34.0307     0.0000   325.2384    -6.27      0.00181  0.0000000    0.0030     0.0232     0.0000     0.0231   0.06176444   -7.5457404    -2.046    -2.919
followaug17        geo-0001:sv1-20170823-U-19-1       57989.088411 17-AUG-24 02:07:18.71      2.566080     8  18.40  18.50  42614.71173  0.0000000    5.1127    34.0456     0.0000   328.1304    -5.76      0.00239  0.0000000    0.0041     0.0284     0.0000     0.0283   0.17527077   -7.4010515    -2.102    -2.697
followaug17        geo-0001:sv1-20170823-U-20-1       57989.092512 17-AUG-24 02:13:13.03      2.933280     9  17.50  17.70  42899.93682  0.0000000   15.9430   358.0173     0.0000     4.6051    -9.41      0.00284  0.0000000    0.0057     0.0022     0.0000     0.0020   0.17429958   -3.0812552    -3.414     1.264
followaug17        geo-0001:sv1-20170823-U-21-1       57989.096352 17-AUG-24 02:18:44.81      3.300480    10  16.60  16.80  46647.21378  0.0000000    8.2411    18.4723     0.0000   346.6895   -57.38      0.00446  0.0000000    0.0079     0.0130     0.0000     0.0128   0.29095757   -6.1700749    -1.952    -1.891
followaug17        geo-0002:sv1-20170823-U-21-1       57989.096607 17-AUG-24 02:19:06.84      2.933280     9  18.10  18.20  43138.68983  0.0000000   15.4858     9.6041     0.0000   355.3703   -12.47      0.00351  0.0000000    0.0070     0.0025     0.0000     0.0023   0.29089440   -5.5645142    -2.197    -1.235
followaug17        geo-0001:sv1-20170823-U-24-1       57989.147554 17-AUG-24 03:32:28.66      1.467360     4  19.00  19.10  43615.23485  0.0000000    4.5664   117.4061     0.0000   240.6605   -18.57      0.00845  0.0000000    0.0081     0.1818     0.0000     0.1812  23.45287598   -9.0030254   -27.741    -3.980
followaug17        geo-0001:sv1-20170823-U-25-1       57989.150377 17-AUG-24 03:36:32.57      3.300480    10  18.60  18.70  44404.30816  0.0000000   11.1580     8.4300     0.0000   338.1759   -28.67      0.01699  0.0000000    0.0303     0.0620     0.0000     0.0609  22.55025473   -8.5856936   -39.769    -4.125
followaug17        geo-0001:sv1-20170823-U-29-1       57989.204657 17-AUG-24 04:54:42.36      2.566080     8  20.10  20.10  41184.43129  0.0000000    5.1248    34.0658     0.0000   323.7161    12.54      0.00294  0.0000000    0.0050     0.0403     0.0000     0.0402  23.32578057   -8.0447429   -48.452    -3.030
followaug17        geo-0001:sv1-20170823-U-30-1       57989.208248 17-AUG-24 04:59:52.62      3.666240     9  19.10  19.10  62265.76829  0.0000000   15.8530    17.7346     0.0000   338.2611  -257.30      0.01638  0.0000000    0.0202     0.0291     0.0000     0.0280  23.34228619   -9.1220159   -50.890    -5.807
followaug17        geo-0002:sv1-20170823-U-30-1       57989.208757 17-AUG-24 05:00:36.60      2.933280     9  17.50  17.60  43157.35501  0.0000000    4.3512    74.2932     0.0000   283.7076   -12.71      0.00077  0.0000000    0.0004     0.0195     0.0000     0.0194  23.33513740   -9.0755570   -49.784    -4.227
followaug17        geo-0001:sv1-20170823-U-31-1       57989.212853 17-AUG-24 05:06:30.49      1.467360     4  20.20  20.30  45769.10644  0.0000000    6.9869   356.3091     0.0000     5.9104   -46.14      0.00915  0.0000000    0.0169     0.0159     0.0000     0.0161  23.52477410   -3.2306330   -47.126     0.718
followaug17        geo-0001:sv1-20170823-U-32-1       57989.216440 17-AUG-24 05:11:40.41      3.666240    11  17.80  17.80  61228.76752  0.0000000   15.7773    17.6744     0.0000   340.0480  -244.02      0.01055  0.0000000    0.0134     0.0176     0.0000     0.0170  23.40259565   -8.4416784   -52.179    -5.324
followaug17        geo-0001:sv1-20170823-U-8-1        57988.961252 17-AUG-23 23:04:12.17      1.833120     6  16.70  16.80  61529.58346  0.0000000   19.5281     4.0191     0.0000   312.2089  -247.87      0.02477  0.0000000    0.0221     0.0724     0.0000     0.0682  21.18173624  -18.3508560    -0.557   -14.335
followaug17        geo-0001:sv1-20170823-U-12-1       57989.020894 17-AUG-24 00:30:05.24      2.200320     7  18.30  18.40  41185.47921  0.0000000    4.1819    97.5399     0.0000   259.3586    12.53      0.00225  0.0000000    0.0009     0.0632     0.0000     0.0630   0.07015465   -9.1514576    16.863    -4.110
followaug17        geo-0001:sv1-20170823-U-14-1       57989.029086 17-AUG-24 00:41:53.03      3.300480    10  17.60  17.70  46219.06961  0.0000000   24.8528   353.3170     0.0000   357.7393   -51.90      0.00558  0.0000000    0.0104     0.0017     0.0000     0.0014  23.38183387   -5.1326956     8.301    -0.950
followaug17        geo-0001:sv1-20170823-U-17-1       57989.079708 17-AUG-24 01:54:46.77      2.200320     7  19.40  19.50  43164.44198  0.0000000   15.4644     9.6331     0.0000   349.4493   -12.80      0.00290  0.0000000    0.0057     0.0040     0.0000     0.0039   0.06386428   -7.4240450    -1.782    -2.798
followaug17        geo-0002:sv1-20170823-U-17-1       57989.080218 17-AUG-24 01:55:30.83      2.200320     7  18.10  18.30  42654.67112  0.0000000    5.1246    34.0307     0.0000   325.2384    -6.27      0.00181  0.0000000    0.0030     0.0232     0.0000     0.0231   0.06176444   -7.5457404    -2.046    -2.919
followaug17        geo-0001:sv1-20170823-U-19-1       57989.088411 17-AUG-24 02:07:18.71      2.566080     8  18.40  18.50  42614.71173  0.0000000    5.1127    34.0456     0.0000   328.1304    -5.76      0.00239  0.0000000    0.0041     0.0284     0.0000     0.0283   0.17527077   -7.4010515    -2.102    -2.697
followaug17        geo-0001:sv1-20170823-U-20-1       57989.092512 17-AUG-24 02:13:13.03      2.933280     9  17.50  17.70  42899.93682  0.0000000   15.9430   358.0173     0.0000     4.6051    -9.41      0.00284  0.0000000    0.0057     0.0022     0.0000     0.0020   0.17429958   -3.0812552    -3.414     1.264
followaug17        geo-0001:sv1-20170823-U-21-1       57989.096352 17-AUG-24 02:18:44.81      3.300480    10  16.60  16.80  46647.21378  0.0000000    8.2411    18.4723     0.0000   346.6895   -57.38      0.00446  0.0000000    0.0079     0.0130     0.0000     0.0128   0.29095757   -6.1700749    -1.952    -1.891
followaug17        geo-0002:sv1-20170823-U-21-1       57989.096607 17-AUG-24 02:19:06.84      2.933280     9  18.10  18.20  43138.68983  0.0000000   15.4858     9.6041     0.0000   355.3703   -12.47      0.00351  0.0000000    0.0070     0.0025     0.0000     0.0023   0.29089440   -5.5645142    -2.197    -1.235
followaug17        geo-0001:sv1-20170823-U-24-1       57989.147554 17-AUG-24 03:32:28.66      1.467360     4  19.00  19.10  43615.23485  0.0000000    4.5664   117.4061     0.0000   240.6605   -18.57      0.00845  0.0000000    0.0081     0.1818     0.0000     0.1812  23.45287598   -9.0030254   -27.741    -3.980
followaug17        geo-0001:sv1-20170823-U-25-1       57989.150377 17-AUG-24 03:36:32.57      3.300480    10  18.60  18.70  44404.30816  0.0000000   11.1580     8.4300     0.0000   338.1759   -28.67      0.01699  0.0000000    0.0303     0.0620     0.0000     0.0609  22.55025473   -8.5856936   -39.769    -4.125
followaug17        geo-0001:sv1-20170823-U-29-1       57989.204657 17-AUG-24 04:54:42.36      2.566080     8  20.10  20.10  41184.43129  0.0000000    5.1248    34.0658     0.0000   323.7161    12.54      0.00294  0.0000000    0.0050     0.0403     0.0000     0.0402  23.32578057   -8.0447429   -48.452    -3.030
followaug17        geo-0001:sv1-20170823-U-30-1       57989.208248 17-AUG-24 04:59:52.62      3.666240     9  19.10  19.10  62265.76829  0.0000000   15.8530    17.7346     0.0000   338.2611  -257.30      0.01638  0.0000000    0.0202     0.0291     0.0000     0.0280  23.34228619   -9.1220159   -50.890    -5.807
followaug17        geo-0002:sv1-20170823-U-30-1       57989.208757 17-AUG-24 05:00:36.60      2.933280     9  17.50  17.60  43157.35501  0.0000000    4.3512    74.2932     0.0000   283.7076   -12.71      0.00077  0.0000000    0.0004     0.0195     0.0000     0.0194  23.33513740   -9.0755570   -49.784    -4.227
followaug17        geo-0001:sv1-20170823-U-31-1       57989.212853 17-AUG-24 05:06:30.49      1.467360     4  20.20  20.30  45769.10644  0.0000000    6.9869   356.3091     0.0000     5.9104   -46.14      0.00915  0.0000000    0.0169     0.0159     0.0000     0.0161  23.52477410   -3.2306330   -47.126     0.718
followaug17        geo-0001:sv1-20170823-U-32-1       57989.216440 17-AUG-24 05:11:40.41      3.666240    11  17.80  17.80  61228.76752  0.0000000   15.7773    17.6744     0.0000   340.0480  -244.02      0.01055  0.0000000    0.0134     0.0176     0.0000     0.0170  23.40259565   -8.4416784   -52.179    -5.324
followaug17        geo-0001:sv1-20170823-U-8-1        57988.961252 17-AUG-23 23:04:12.17      1.833120     6  16.70  16.80  61529.58346  0.0000000   19.5281     4.0191     0.0000   312.2089  -247.87      0.02477  0.0000000    0.0221     0.0724     0.0000     0.0682  21.18173624  -18.3508560    -0.557   -14.335
follow_aiub2       geo-0002:sv1-20170921-U-11-1       58017.964991 17-SEP-21 23:09:35.22      4.033440    10  17.60  17.70  61113.07084  0.0000000   17.1747   332.0029     0.0000     3.2931  -242.54      0.01617  0.0000000    0.0217     0.0054     0.0000     0.0052  22.21596024   -2.0129737   -13.262     0.972
follow_aiub2       geo-0001:sv1-20170921-U-11-1       58017.965245 17-SEP-21 23:09:57.16      1.100160     3  20.00  20.10  43934.09051  0.0000000   11.1491   322.4527     0.0000    12.8518   -22.65      0.01630  0.0000000    0.0311     0.0380     0.0000     0.0373  22.22123030   -1.3934142   -13.433     2.465
followsep17        geo-0001:sv1-20170921-U-13-1       58017.991656 17-SEP-21 23:47:59.07      3.666240    11  17.70  17.80  60577.29233  0.0000000   16.9638   331.8346     0.0000     9.0045  -235.68      0.00307  0.0000000    0.0041     0.0024     0.0000     0.0023  22.41275220   -0.1431180   -17.584     2.617
followsep17        geo-0001:sv1-20170921-U-17-1       58018.044988 17-SEP-22 01:04:46.96      3.666240    11  17.50  17.60  59138.44341  0.0000000   10.7361    54.4601     0.0000   327.9458  -217.27      0.00416  0.0000000    0.0049     0.0164     0.0000     0.0161   1.40334470   -9.2117994     5.570    -5.674
followsep17        geo-0001:sv1-20170921-U-18-1       58018.049086 17-SEP-22 01:10:41.03      3.300480    10  17.30  17.40  49119.36115  0.0000000    5.9526    76.5508     0.0000   303.3576   -89.02      0.00889  0.0000000    0.0085     0.1221     0.0000     0.1214   1.29212382   -9.2623393     1.283    -4.969
followsep17        geo-0001:sv1-20170921-U-25-1       58018.184771 17-SEP-22 04:26:04.21      1.100160     4  17.50  17.60  44732.53114  0.0000000    9.5046    47.6270     0.0000   347.0986   -32.87      0.00730  0.0000000    0.0136     0.0190     0.0000     0.0188   2.10304533   -6.4436999   -32.852    -2.113
followsep17        geo-0001:sv1-20170921-U-27-1       58018.197965 17-SEP-22 04:45:04.17      1.465920     5  18.90  19.00  30924.34589  0.0000000    5.2484   209.2937     0.0000   186.2976   143.87      0.02190  0.0000000    0.0639     0.0970     0.0000     0.0954   2.04578779   -7.2020045   -36.946    -0.575
followsep17        geo-0001:sv1-20170921-U-33-1       58018.250107 17-SEP-22 06:00:09.24      3.300480    10  16.40  18.30  48223.72239  0.0000000    7.2934    68.6282     0.0000   313.1325   -77.56      0.00382  0.0000000    0.0046     0.0382     0.0000     0.0380   1.05062045   -9.2754348   -69.341    -5.316
followsep17        geo-0001:sv1-20170922-U-12-1       58018.974191 17-SEP-22 23:22:50.10      2.933280     9  18.70  18.80  46979.81376  0.0000000   12.4785    63.5643     0.0000   290.1150   -61.64      0.00198  0.0000000    0.0013     0.0153     0.0000     0.0150  23.46217424  -17.0653170     1.408   -11.706
followsep17        geo-0002:sv1-20170922-U-16-1       58019.046252 17-SEP-23 01:06:36.17      2.200320     4  20.20  20.40  42480.71467  0.0000000   12.1901    43.9915     0.0000   339.6579    -4.05      0.00767  0.0000000    0.0146     0.0256     0.0000     0.0250   1.49191877   -9.1959017     5.341    -4.209
followsep17        geo-0001:sv1-20170922-U-18-1       58019.054195 17-SEP-23 01:18:02.44      3.300480    10  17.90  18.00  49253.37955  0.0000000   18.1868    36.2756     0.0000   341.8185   -90.74      0.00225  0.0000000    0.0037     0.0038     0.0000     0.0036   1.22594397  -10.0822611    -2.651    -5.589
follow_aiub2       geo-0001:sv1-20170922-U-1-1        58018.832572 17-SEP-22 19:58:54.22      0.732960     3  12.80  14.80  42155.84901  0.0000000   14.4293    22.5762     0.0000   229.7601     0.11      0.03200  0.0000000    0.0420     0.1989     0.0000     0.1925  16.26230164  -16.3949340   -50.167   -10.965
followsep17        geo-0001:sv1-20170922-U-21-1       58019.104450 17-SEP-23 02:30:24.48      1.833120     6  16.40  16.50  36550.08681  0.0000000    5.8995   118.8208     0.0000   268.5928    71.86      0.00294  0.0000000    0.0005     0.0687     0.0000     0.0683   1.52514954  -12.2315410   -12.333    -5.898
followsep17        geo-0001:sv1-20170922-U-22-1       58019.107273 17-SEP-23 02:34:28.38      3.666240    11  18.00  18.10  58860.17255  0.0000000    8.5556   111.9035     0.0000   265.0468  -213.70      0.01091  0.0000000    0.0014     0.1016     0.0000     0.1004   1.04329441  -12.3322134   -23.864    -8.523
followsep17        geo-0001:sv1-20170922-U-25-1       58019.160016 17-SEP-23 03:50:25.38      1.467360     4  19.60  19.70  52534.30458  0.0000000   20.1944    35.0886     0.0000   345.3741  -132.73      0.01920  0.0000000    0.0296     0.0223     0.0000     0.0211   1.15115089   -9.0754279   -38.472    -5.001
follow_aiub2       geo-0003:sv1-20170922-U-2-1        58018.837942 17-SEP-22 20:06:38.18      1.467360     5  18.50  18.70  42349.69046  0.0000000   13.4225   330.5891     0.0000   355.9797    -2.37      0.00551  0.0000000    0.0112     0.0045     0.0000     0.0040  22.08214223   -5.3124080    23.144    -0.933
follow_aiub2       geo-0001:sv1-20170922-U-3-1        58018.842051 17-SEP-22 20:12:33.20      1.833120     6  19.20  19.30  40471.52443  0.0000000    1.1728   345.1308     0.0000   343.2283    21.67      0.01510  0.0000000    0.0308     0.4544     0.0000     0.4539  22.16177341   -5.0556327    23.345    -0.338
follow_aiub2       geo-0003:sv1-20170922-U-3-1        58018.843069 17-SEP-22 20:14:01.16      2.566080     8  18.30  18.40  42362.85248  0.0000000   13.4508   330.5940     0.0000   357.8142    -2.54      0.00363  0.0000000    0.0074     0.0023     0.0000     0.0019  22.15289588   -5.0318283    23.083    -0.508
followsep17        geo-0002:sv1-20170922-U-4-1        58018.846912 17-SEP-22 20:19:33.19      2.566080     8  18.90  19.00  42354.39530  0.0000000   13.4290   330.5929     0.0000   359.1919    -2.43      0.00377  0.0000000    0.0077     0.0022     0.0000     0.0017  22.20493256   -4.4211246    23.035    -0.188
followsep17        geo-0004:sv1-20170922-U-4-1        58018.847931 17-SEP-22 20:21:01.23      1.467360     5  13.00  13.10  41883.53733  0.0000000    0.1592    84.7050     0.0000   244.9618     3.60      0.00647  0.0000000    0.0056     4.3309     0.0000     4.3309  22.20189878   -4.4255114    22.527    -0.144
followsep17        geo-0001:sv1-20170922-U-5-1        58018.850757 17-SEP-22 20:25:05.40      2.933280     9  17.60  17.70  40950.42188  0.0000000    1.1547   348.3970     0.0000   343.3472    15.54      0.00279  0.0000000    0.0056     0.0830     0.0000     0.0829  22.29385953   -5.0134575    23.588    -0.331
followsep17        geo-0001:sv1-20170923-U-13-1       58020.137826 17-SEP-24 03:18:28.16      1.100160     4  16.20  16.20  42246.73048  0.0000000   15.3337    44.5055     0.0000   334.8698    -1.05      0.01831  0.0000000    0.0337     0.0597     0.0000     0.0577   1.11022497  -11.5647777   -32.609    -6.448
followsep17        geo-0001:sv1-20170923-U-14-1       58020.143569 17-SEP-24 03:26:44.36      3.300480    10  18.30  18.30  58924.14336  0.0000000   10.0316    90.1204     0.0000   287.1065  -214.52      0.01298  0.0000000    0.0054     0.0989     0.0000     0.0974   1.01192597  -13.3707873   -37.370    -9.584
follow_aiub2       geo-0001:sv1-20171024-U-10-1       58050.973787 17-OCT-24 23:22:15.19      0.732960     3  16.00  16.30  50822.53628  0.0000000   24.4713   318.3442     0.0000    24.5308  -110.82      0.00000  0.0000000    0.0000     0.0000     0.0000     0.0000  22.30511175    7.1526137   -43.212     9.903
followoct17        geo-0001:sv1-20171024-U-11-1       58050.978741 17-OCT-24 23:29:23.22      2.566080     8  16.60  16.70  42096.49638  0.0000000    8.0097   296.6140     0.0000   113.6530     0.87      0.00475  0.0000000    0.0040     0.0637     0.0000     0.0631   3.44308023    3.3616744    24.573     7.333
follow_aiub2       geo-0001:sv1-20171024-U-14-1       58051.034771 17-OCT-25 00:50:04.21      0.732960     3  14.80  15.00  26418.84257  0.0000000   56.0376   335.6202     0.0000    58.4455   201.54      0.00000  0.0000000    0.0000     0.0000     0.0000     0.0000   0.52156551   49.5053811   -28.214    44.973
follow_aiub2       geo-0001:sv1-20171024-U-4-1        58050.928058 17-OCT-24 22:16:24.21      1.100160     4  19.90  20.60  42186.85946  0.0000000   12.7045   320.8732     0.0000     8.7893    -0.29      0.01501  0.0000000    0.0303     0.0225     0.0000     0.0223  21.45033689   -2.2646779   -38.155     1.926
follow_aiub2       geo-0001:sv1-20171024-U-5-1        58050.932664 17-OCT-24 22:23:02.16      1.833120     3  18.20  19.50  42271.38933  0.0000000   17.8829   344.2860     0.0000   320.0095    -1.37      0.00373  0.0000000    0.0057     0.0156     0.0000     0.0149  19.57486846  -16.4132484   -63.582   -11.382
follow_aiub2       geo-0001:sv1-20171024-U-7-1        58050.941982 17-OCT-24 22:36:27.24      0.732960     3  13.10  13.80  43103.32483  0.0000000   15.2618     8.4658     0.0000   318.3986   -12.02      0.02052  0.0000000    0.0304     0.1020     0.0000     0.0985  21.35236338  -15.3934942   -44.748   -10.065
follow_aiub2       geo-0003:sv1-20171024-U-7-1        58050.944018 17-OCT-24 22:39:23.15      0.732960     3  15.10  15.80  41860.24939  0.0000000   14.8561    10.8826     0.0000   316.1221     3.89      0.02452  0.0000000    0.0361     0.1349     0.0000     0.1305  21.34528678  -16.0100668   -45.390   -10.236
follow_aiub2       geo-0001:sv1-20171025-U-2-1        58051.831368 17-OCT-25 19:57:10.19      2.200320     5  17.10  17.90  39074.01598  0.0000000   10.8992   323.4496     0.0000   355.5126    39.56      0.01181  0.0000000    0.0264     0.0130     0.0000     0.0128  21.17332613   -6.0621014   -14.644    -0.848
followoct17        geo-0001:sv1-20171025-U-8-1        58051.895859 17-OCT-25 21:30:02.21      1.467360     4  17.90  18.00  52922.93442  0.0000000   11.2641    67.0053     0.0000   297.4820  -137.71      0.00830  0.0000000    0.0061     0.0591     0.0000     0.0580   0.31141659  -14.2944032     7.979    -9.979
followoct17        geo-0001:sv1-20171026-U-14-1       58053.086669 17-OCT-27 02:04:48.20      2.566080     8  17.00  17.10  45501.70549  0.0000000    5.9049   336.7626     0.0000    74.7994   -42.72      0.00236  0.0000000    0.0011     0.0417     0.0000     0.0415   3.26449823    2.1124656   -15.348     5.698
follow_aiub2       geo-0002:sv1-20171027-U-16-1       58053.999215 17-OCT-27 23:58:52.17      2.200320     6  18.50  18.60  44536.27904  0.0000000    6.1853    65.0051     0.0000   346.9282   -30.36      0.00370  0.0000000    0.0069     0.0150     0.0000     0.0149   3.45250871   -5.5039033    15.758    -1.396
followoct17        geo-0001:sv1-20171027-U-18-1       58054.006645 17-OCT-28 00:09:34.12      2.566080     8  17.40  17.50  41359.51790  0.0000000   12.5619    25.8024     0.0000    31.2784    10.30      0.00127  0.0000000    0.0023     0.0065     0.0000     0.0063   4.05455444    2.3701880    17.537     6.484
followoct17        geo-0002:sv1-20171027-U-18-1       58054.007409 17-OCT-28 00:10:40.13      1.833120     6  12.50  12.70  36969.49681  0.0000000    7.1579   345.2280     0.0000    70.7890    66.50      0.00284  0.0000000    0.0022     0.0513     0.0000     0.0509   4.05376905    2.2424084    16.671     6.757
followoct17        geo-0001:sv1-20171027-U-19-1       58054.010742 17-OCT-28 00:15:28.10      2.566080     7  18.90  19.10  44556.50424  0.0000000    6.1206    65.1367     0.0000   350.6298   -30.62      0.00453  0.0000000    0.0086     0.0136     0.0000     0.0134   4.00298984   -5.2359949    15.409    -0.995
followoct17        geo-0002:sv1-20171027-U-19-1       58054.012015 17-OCT-28 00:17:18.09      1.100160     4  19.80  20.00  42225.84013  0.0000000    6.8559    60.2511     0.0000   355.4024    -0.79      0.01981  0.0000000    0.0403     0.0329     0.0000     0.0316   4.00448314   -5.1040360    14.817    -0.548
follow_aiub2       geo-0001:sv1-20171028-U-11-1       58055.142236 17-OCT-29 03:24:49.19      2.200320     7  16.90  17.20  41887.36238  0.0000000   13.3226   329.0621     0.0000   109.6711     3.55      0.00190  0.0000000    0.0014     0.0161     0.0000     0.0157   5.21289798    9.4633169    -9.629    12.532
follow_aiub2       geo-0002:sv1-20171028-U-11-1       58055.143764 17-OCT-29 03:27:01.20      1.100160     4  17.70  18.00  42138.57916  0.0000000   13.3001   331.1031     0.0000   107.6150     0.33      0.00745  0.0000000    0.0047     0.0636     0.0000     0.0619   5.20494686    9.5711485   -10.242    12.666
followoct17        geo-0001:sv1-20171028-U-13-1       58055.151449 17-OCT-29 03:38:05.19      2.200320     7  17.30  17.70  41880.49236  0.0000000   13.3299   328.9834     0.0000   113.1068     3.64      0.00419  0.0000000    0.0034     0.0346     0.0000     0.0337   5.35148564    9.2612544    -9.528    12.243
followoct17        geo-0001:sv1-20171028-U-17-1       58055.185799 17-OCT-29 04:27:33.03      2.933280     8  18.40  18.50  49065.64825  0.0000000    8.5597   235.2679     0.0000   172.6060   -88.33      0.00522  0.0000000    0.0090     0.0082     0.0000     0.0079   2.53244831   -2.3811719   -56.633     1.098
followoct17        geo-0001:sv1-20171028-U-18-1       58055.189644 17-OCT-29 04:33:05.24      2.933280     7  18.10  18.10  43572.11899  0.0000000    2.5098   317.9718     0.0000    94.5369   -18.02      0.00362  0.0000000    0.0007     0.1622     0.0000     0.1621   3.10226840   -1.3656913   -53.463     2.502
followoct17        geo-0002:sv1-20171028-U-18-1       58055.190153 17-OCT-29 04:33:49.21      2.933280     9  18.50  18.50  43451.52414  0.0000000    3.0634   301.0781     0.0000   111.4309   -16.47      0.00364  0.0000000    0.0027     0.1250     0.0000     0.1249   3.10202425   -1.1425739   -53.623     2.851
followoct17        geo-0001:sv1-20171028-U-21-1       58055.232583 17-OCT-29 05:34:55.17      1.833120     5  18.40  18.60  44087.38982  0.0000000    2.4839   315.5213     0.0000   111.5459   -24.61      0.00841  0.0000000    0.0061     0.3503     0.0000     0.3499   4.08324323   -1.4633365   -54.391     2.310
followoct17        geo-0002:sv1-20171028-U-21-1       58055.233347 17-OCT-29 05:36:01.18      1.100160     4  19.30  19.40  44481.31674  0.0000000    2.9750   300.4162     0.0000   126.6272   -29.66      0.00379  0.0000000    0.0044     0.1127     0.0000     0.1125   4.08357936   -1.3901095   -54.672     2.387
followoct17        geo-0001:sv1-20171028-U-23-1       58055.240778 17-OCT-29 05:46:43.21      2.200320     7  17.60  17.70  42020.01181  0.0000000    3.6219   284.8202     0.0000   134.0264     1.85      0.00365  0.0000000    0.0052     0.0848     0.0000     0.0846   3.30247361   -1.3819053   -65.531     2.603
followoct17        geo-0002:sv1-20171028-U-24-1       58055.244366 17-OCT-29 05:51:53.22      2.566080     6  19.30  19.40  39211.30503  0.0000000    3.2666   303.7944     0.0000   117.9014    37.80      0.00336  0.0000000    0.0035     0.1149     0.0000     0.1147   3.40187126   -1.4001926   -63.996     2.886
follow_aiub2       geo-0001:sv1-20171028-U-25-1       58055.248718 17-OCT-29 05:58:09.23      2.566080     8  11.50  12.60  42182.76190  0.0000000    7.6445    37.9427     0.0000    79.6625    -0.23      0.01097  0.0000000    0.0040     0.1667     0.0000     0.1653   7.54232764    3.5738123    -9.787     7.520
followoct17        geo-0001:sv1-20171029-U-14-1       58055.995273 17-OCT-29 23:53:11.58      3.300480     9  18.50  18.60  47384.27952  0.0000000    3.3199   232.0043     0.0000   179.2756   -66.81      0.00451  0.0000000    0.0081     0.0063     0.0000     0.0068   3.40485648   -3.5820279    14.484     0.042
followoct17        geo-0001:sv1-20171029-U-15-1       58055.999624 17-OCT-29 23:59:27.51      2.933280     9  15.30  15.40  51155.96234  0.0000000    2.7456    32.1617     0.0000    16.7657  -115.09      0.00778  0.0000000    0.0122     0.0791     0.0000     0.0789   3.28262420   -2.5015904    10.542     0.792
followoct17        geo-0001:sv1-20171029-U-17-1       58056.007815 17-OCT-30 00:11:15.21      2.200320     6  18.60  18.70  47132.88279  0.0000000    3.3755   232.3524     0.0000   182.7195   -63.60      0.00283  0.0000000    0.0051     0.0060     0.0000     0.0061   3.55434536   -4.1325298    13.743    -0.160
followoct17        geo-0001:sv1-20171029-U-18-1       58056.011915 17-OCT-30 00:17:09.45      2.933280     9  16.00  16.10  52221.16214  0.0000000    2.6395    33.1580     0.0000    19.1084  -128.73      0.00717  0.0000000    0.0109     0.0837     0.0000     0.0835   3.41029997   -2.4049018     9.443     0.864
followoct17        geo-0001:sv1-20171029-U-29-1       58056.139860 17-OCT-30 03:21:23.90      1.100160     3  20.00  20.00  46704.63692  0.0000000    3.8629   233.3564     0.0000   176.2836   -58.11      0.01856  0.0000000    0.0337     0.0407     0.0000     0.0400   3.06416701   -3.5114219   -39.342     0.250
followoct17        geo-0002:sv1-20171029-U-33-1       58056.176333 17-OCT-30 04:13:55.17      0.367200     2  12.20  12.30  42220.75284  0.0000000   11.6462    38.2985     0.0000    12.8229    -0.72      0.00000  0.0000000    0.0000     0.0000     0.0000     0.0000   3.04041061   -1.4140914   -51.291     2.568
followoct17        geo-0001:sv1-20171029-U-33-1       58056.176333 17-OCT-30 04:13:55.17      3.300480    10  17.20  17.30  46663.79025  0.0000000   16.1537    43.8274     0.0000     6.3947   -57.59      0.00559  0.0000000    0.0101     0.0044     0.0000     0.0045   3.02105564   -2.0706268   -52.186     1.776
followoct17        geo-0004:sv1-20171029-U-33-1       58056.178116 17-OCT-30 04:16:29.22      0.367200     2  19.90  20.00  39109.85519  0.0000000   10.1754   247.2269     0.0000   163.5954    39.10      0.00000  0.0000000    0.0000     0.0000     0.0000     0.0000   3.02543290   -1.4447256   -51.734     2.860
followoct17        geo-0002:sv1-20171029-U-34-1       58056.186542 17-OCT-30 04:28:37.22      0.367200     2  18.60  18.70  38101.15642  0.0000000   10.1467   248.2718     0.0000   166.1193    52.01      0.00000  0.0000000    0.0000     0.0000     0.0000     0.0000   3.16396394   -2.2253218   -51.242     2.422
followoct17        geo-0001:sv1-20171029-U-34-1       58056.187051 17-OCT-30 04:29:21.20      2.566080     5  18.00  18.10  47073.98855  0.0000000    5.2118    36.6235     0.0000    16.8222   -62.84      0.00161  0.0000000    0.0028     0.0095     0.0000     0.0095   3.15477756   -2.2237246   -52.646     1.506
followoct17        geo-0001:sv1-20171029-U-37-1       58056.198836 17-OCT-30 04:46:19.43      2.933280     7  17.50  17.50  44838.60998  0.0000000   16.1503    43.4596     0.0000    14.1346   -34.23      0.00493  0.0000000    0.0091     0.0085     0.0000     0.0083   3.29147163    0.0314072   -53.223     3.895
follow_aiub2       geo-0001:sv1-20171119-U-11-1       58076.940905 17-NOV-19 22:34:54.19      2.566080     8  18.60  19.10  40596.53016  0.0000000   18.1108   343.3994     0.0000    17.3348    20.07      0.00288  0.0000000    0.0059     0.0061     0.0000     0.0058  23.46273666    1.1420501   -37.946     5.314
follownov17        geo-0001:sv1-20171119-U-12-1       58076.945002 17-NOV-19 22:40:48.17      3.666240    11  18.10  18.20  50396.91383  0.0000000    7.2730   337.4117     0.0000    76.7343  -105.37      0.00682  0.0000000    0.0026     0.0881     0.0000     0.0873   3.51018229    4.0317427    14.694     7.078
follownov17        geo-0001:sv1-20171119-U-13-1       58076.949354 17-NOV-19 22:47:04.18      2.933280     9  19.20  19.20  42400.27157  0.0000000    7.9910   303.7319     0.0000   105.5636    -3.02      0.00348  0.0000000    0.0020     0.0490     0.0000     0.0485   3.32392308    4.0831044     8.521     7.696
follownov17        geo-0001:sv1-20171121-U-11-1       58079.060267 17-NOV-22 01:26:47.06      2.566080     8  17.70  17.70  44228.88394  0.0000000   10.0823   312.4840     0.0000   100.5706   -26.42      0.00259  0.0000000    0.0010     0.0283     0.0000     0.0278   3.25179277    6.5342186   -29.712     9.909
follownov17        geo-0001:sv1-20171121-U-12-1       58079.063855 17-NOV-22 01:31:57.07      3.300480    10  17.10  17.20  46415.25497  0.0000000   10.3061   306.3754     0.0000   105.6543   -54.41      0.00228  0.0000000    0.0012     0.0225     0.0000     0.0222   3.20438075    7.0331681   -31.951     9.920
follownov17        geo-0001:sv1-20171121-U-4-1        58079.011332 17-NOV-22 00:16:19.08      2.566080     8  18.50  18.50  42647.36967  0.0000000   10.3476   319.6925     0.0000    94.0926    -6.18      0.00316  0.0000000    0.0005     0.0356     0.0000     0.0350   3.38435927    7.1621119   -11.412    10.321
follownov17        geo-0001:sv1-20171121-U-5-1        58079.015430 17-NOV-22 00:22:13.15      2.566080     8  17.20  17.20  42173.10020  0.0000000   10.7096   311.5389     0.0000    98.0374    -0.11      0.00175  0.0000000    0.0005     0.0192     0.0000     0.0188   3.18427277    7.3400355   -17.026    10.603
follownov17        geo-0001:sv1-20171121-U-7-1        58079.024388 17-NOV-22 00:35:07.12      1.833120     6  16.80  16.80  40098.40454  0.0000000   10.9334   323.9850     0.0000    96.2608    26.45      0.00171  0.0000000    0.0004     0.0196     0.0000     0.0192   4.06119071    7.4048852    -9.616    10.867
