Campaign           Name                              Osc_epoch     Date      Time        arcl [min]    # obs mag_c   mag_u  a(km)        e          i(dg)     raan(dg)   w(dg)      s(dg)      dn(dg/d) da(km)       de         di(dg)    draan(dg)  dw(dg)     ds(dg)     R.A.(h)      Decl.(dg)    lon(dg)   lat(dg)  
svyjan17_gto105    geo-0001:sv1-20170128-S-13-1A      57781.992080 17-JAN-28 23:48:35.71      2.299680     4  16.90  17.00  42251.47846  0.0000000   12.3129    36.2835     0.0000   112.5712    -1.11      0.01300  0.0000000    0.0103     0.1146     0.0000     0.1120  10.19470231    8.0542771    23.754    11.357
svyjan17           geo-0001:sv1-20170128-S-5-1A       57781.878856 17-JAN-28 21:05:33.15      2.200320     4  15.20  15.70  43794.49308  0.0000000   15.1438   327.4288     0.0000    99.2169   -20.86      0.00272  0.0000000    0.0009     0.0202     0.0000     0.0195   4.27178152   12.4353311   -17.734    14.944
svyjan17           geo-0011:sv1-20170128-S-5-1A       57781.881912 17-JAN-28 21:09:57.19      0.732960     2  18.60  19.20  42339.68692  0.0000000   15.5506   352.8475     0.0000    75.0002    -2.24      0.00000  0.0000000    0.0000     0.0000     0.0000     0.0000   4.28070117   12.4300215   -18.503    15.008
svyjan17           geo-0001:sv1-20170128-S-5-1B       57781.880130 17-JAN-28 21:07:23.23      2.933280     4  16.20  16.70  42652.82670  0.0000000   15.5515   328.0378     0.0000    98.5922    -6.25      0.00361  0.0000000    0.0012     0.0271     0.0000     0.0261   4.26536349   13.0946735   -18.213    15.373
svyjan17           geo-0004:sv1-20170129-S-4-1A       57782.887027 17-JAN-29 21:17:19.13      2.200320     4   9.20  19.20  43016.18871  0.0000000   15.5394   353.7823     0.0000    74.2904   -10.90      0.00422  0.0000000    0.0023     0.0306     0.0000     0.0295   4.27184639   12.4045472   -21.132    14.945
svyjan17           geo-0001:sv1-20170129-S-5-1B       57782.902212 17-JAN-29 21:39:11.11      2.200320     4  16.00  16.70  42644.34789  0.0000000   15.5477   328.0547     0.0000    98.6843    -6.14      0.00190  0.0000000    0.0006     0.0143     0.0000     0.0137   4.21475317   13.0652844   -21.160    15.156
svyjan17           geo-0001:sv1-20170130-S-2-1A       57783.842029 17-JAN-30 20:12:31.30      1.467360     3  16.30  16.80  38590.87822  0.0000000   18.3650    11.6672     0.0000    56.0547    45.74      0.00839  0.0000000    0.0107     0.0508     0.0000     0.0482   4.32083555   12.3525260    -7.061    15.152
svyfeb17           geo-0001:sv1-20170226-S-36-1A      57811.186238 17-FEB-27 04:28:10.96      1.467360     3  18.10  18.10  40234.85814  0.0000000    7.6461    86.7587     0.0000    92.5238    24.70      0.02100  0.0000000    0.0029     0.3409     0.0000     0.3379  11.39487200    3.4836159   -44.944     7.639
svyfeb17           geo-0002:sv1-20170226-S-36-1A      57811.190313 17-FEB-27 04:34:03.04      2.200320     4  16.40  16.40  41119.63711  0.0000000   15.7618    29.1933     0.0000   149.3784    13.37      0.00530  0.0000000    0.0097     0.0211     0.0000     0.0202  11.40268915    4.1519575   -46.195     7.953
svyfeb17           geo-0003:sv1-20170226-S-36-1A      57811.199479 17-FEB-27 04:47:14.98      2.933280     5  17.90  17.90  44329.57891  0.0000000   12.6860    37.9222     0.0000   140.8343   -27.71      0.02597  0.0000000    0.0394     0.1448     0.0000     0.1411  11.39594969    4.3330080   -49.581     7.972
svyfeb17           geo-0001:sv1-20170226-S-40-1B      57811.244771 17-FEB-27 05:52:28.21      2.200320     4  18.40  18.50  43590.99073  0.0000000   12.6529    42.1030     0.0000   136.4661   -18.26      0.01480  0.0000000    0.0214     0.0922     0.0000     0.0898  11.32230902    5.0800518   -66.107     8.678
svyfeb17           geo-0001:sv1-20170227-S-1-1B       57811.840998 17-FEB-27 20:11:02.22      1.467360     3  15.40  15.60  43418.18055  0.0000000   16.0357    30.0022     0.0000    89.5970   -16.05      0.00267  0.0000000    0.0001     0.0192     0.0000     0.0185   8.18322224   13.3235292    18.975    16.035
svyfeb17           geo-0001:sv1-20170227-S-41-1A      57812.197097 17-FEB-28 04:43:49.18      2.933280     5  16.30  16.30  40792.05733  0.0000000   13.8857    34.2321     0.0000   144.7268    17.57      0.00132  0.0000000    0.0023     0.0068     0.0000     0.0066  11.39342870    4.1253686   -49.399     7.966
svyfeb17           geo-0001:sv1-20170227-S-41-1B      57812.185639 17-FEB-28 04:27:19.20      2.933280     5  18.00  18.10  44805.28211  0.0000000   12.5599    38.3265     0.0000   139.9758   -33.80      0.02363  0.0000000    0.0350     0.1338     0.0000     0.1305  11.39591038    4.4149670   -46.034     8.039
svyfeb17           geo-0001:sv1-20170227-S-42-1A      57812.216103 17-FEB-28 05:11:11.29      3.666240     6  19.00  19.00  53379.69086  0.0000000   22.0682    16.5183     0.0000   160.4814  -143.55      0.01436  0.0000000    0.0217     0.0204     0.0000     0.0188  11.36015537    4.1854923   -57.683     7.211
svyfeb17           geo-0001:sv1-20170227-S-42-1B      57812.215848 17-FEB-28 05:10:49.26      2.200320     4  18.00  18.10  41050.22403  0.0000000   12.4641    41.9818     0.0000   137.0068    14.26      0.00837  0.0000000    0.0130     0.0560     0.0000     0.0546  11.36085284    4.4452587   -56.254     8.463
svyfeb17           geo-0001:sv1-20170227-S-46-1A      57812.265384 17-FEB-28 06:22:09.17      1.467360     3  15.20  15.30  44207.69107  0.0000000   65.8703   176.3659     0.0000     7.9710   -26.15      0.04666  0.0000000    0.0920     0.0151     0.0000     0.0073  11.32054542    3.3541296   -74.163     7.271
svyfeb17           geo-0002:sv1-20170227-S-46-1A      57812.271495 17-FEB-28 06:30:57.16      2.933280     4  13.10  13.20  43095.89759  0.0000000   49.9168   173.1298     0.0000     9.8464   -11.92      0.04046  0.0000000    0.0799     0.0190     0.0000     0.0130  11.30155263    3.4416895   -76.505     7.518
svyfeb17           geo-0001:sv1-20170228-S-30-1B      57813.184088 17-MAR-01 04:25:05.20      5.133600     8  17.80  17.90  58422.46971  0.0000000   21.2398    18.1452     0.0000   158.3864  -208.10      0.02984  0.0000000    0.0400     0.0433     0.0000     0.0403  11.39046157    5.0819895   -47.568     7.668
svyfeb17           geo-0005:sv1-20170228-S-31-1A      57813.211357 17-MAR-01 05:04:21.24      0.732960     2  10.30  10.40  25386.87241  0.0000000   63.1021   177.7714     0.0000    11.2602   214.75      0.00000  0.0000000    0.0000     0.0000     0.0000     0.0000  11.35143796    3.5313663   -52.370    10.029
svyfeb17           geo-0007:sv1-20170228-S-31-1A      57813.214412 17-MAR-01 05:08:45.19      0.732960     2  19.10  19.10  46478.33429  0.0000000   17.6010    24.7294     0.0000   153.3112   -55.22      0.00000  0.0000000    0.0000     0.0000     0.0000     0.0000  11.36309208    4.2948414   -57.264     7.806
svyfeb17           geo-0005:sv1-20170228-S-31-1B      57813.213139 17-MAR-01 05:06:55.20      0.732960     2  19.30  19.30  46109.97179  0.0000000   17.6801    24.7299     0.0000   152.9414   -50.50      0.00000  0.0000000    0.0000     0.0000     0.0000     0.0000  11.34587993    4.3703143   -57.153     7.941
svyfeb17           geo-0001:sv1-20170228-S-33-1A      57813.247698 17-MAR-01 05:56:41.10      2.933280     4  18.10  18.10  41850.61188  0.0000000    7.5933    83.5233     0.0000    95.8828     4.02      0.01095  0.0000000    0.0027     0.1696     0.0000     0.1681  11.31110418    3.4258580   -68.949     7.553
svyaug17           geo-0001:sv1-20170823-S-34-1A      57989.239412 17-AUG-24 05:44:45.19      2.200320     4  16.80  17.10  54498.95022  0.0000000    8.4850    68.4166     0.0000   309.9895  -157.88      0.01754  0.0000000    0.0173     0.1383     0.0000     0.1368   1.04252149  -10.3454381   -40.173    -6.491
svyaug17           geo-0001:sv1-20170823-S-5-1A       57988.910292 17-AUG-23 21:50:49.22      2.933280     4  16.80  16.90  42126.97525  0.0000000   16.4828    14.4933     0.0000   291.1083     0.48      0.00546  0.0000000    0.0041     0.0361     0.0000     0.0346  20.39532670  -21.4347367     6.340   -15.349
svyaug17           geo-0001:sv1-20170823-S-5-1B       57988.910546 17-AUG-23 21:51:11.17      2.200320     4  17.40  17.50  65295.45465  0.0000000   21.8046   357.5870     0.0000   308.4708  -296.08      0.00716  0.0000000    0.0055     0.0186     0.0000     0.0173  20.41567926  -20.5741207     7.971   -16.907
svyaug17           geo-0001:sv1-20170823-S-34-1A      57989.239412 17-AUG-24 05:44:45.19      2.200320     4  16.80  17.10  54498.95022  0.0000000    8.4850    68.4166     0.0000   309.9895  -157.88      0.01754  0.0000000    0.0173     0.1383     0.0000     0.1368   1.04252149  -10.3454381   -40.173    -6.491
svyaug17           geo-0001:sv1-20170823-S-5-1A       57988.910292 17-AUG-23 21:50:49.22      2.933280     4  16.80  16.90  42126.97525  0.0000000   16.4828    14.4933     0.0000   291.1083     0.48      0.00546  0.0000000    0.0041     0.0361     0.0000     0.0346  20.39532670  -21.4347367     6.340   -15.349
svyaug17           geo-0001:sv1-20170823-S-5-1B       57988.910546 17-AUG-23 21:51:11.17      2.200320     4  17.40  17.50  65295.45465  0.0000000   21.8046   357.5870     0.0000   308.4708  -296.08      0.00716  0.0000000    0.0055     0.0186     0.0000     0.0173  20.41567926  -20.5741207     7.971   -16.907
svysep17           geo-0001:sv1-20170921-S-30-1A      58018.230002 17-SEP-22 05:31:12.17      1.465920     3  17.70  17.70  37408.93857  0.0000000    5.7527   127.8671     0.0000   249.9968    60.87      0.02876  0.0000000    0.0228     0.6218     0.0000     0.6186   0.42031053  -10.5434833   -66.306    -5.405
svysep17           geo-0001:sv1-20170921-S-30-1B      58018.230257 17-SEP-22 05:31:34.20      2.933280     4  17.80  17.80  48456.93121  0.0000000    7.3357    68.4891     0.0000   307.4060   -80.54      0.00531  0.0000000    0.0057     0.0573     0.0000     0.0569   0.42037689  -10.0003066   -68.046    -5.821
svysep17           geo-0001:sv1-20170921-S-7-1A       58017.921507 17-SEP-21 22:06:58.20      1.467360     3  17.90  18.00  45642.39319  0.0000000   16.2116    27.7234     0.0000   311.0736   -44.52      0.02224  0.0000000    0.0272     0.1110     0.0000     0.1066  22.53024520  -17.4055579     7.237   -12.150
svysep17           geo-0002:sv1-20170921-S-7-1A       58017.928637 17-SEP-21 22:17:14.23      2.200320     4  18.50  18.50  54770.50016  0.0000000   24.7895    11.4511     0.0000   326.9273  -161.36      0.04560  0.0000000    0.0580     0.0895     0.0000     0.0812  22.53351625  -17.5231017     5.572   -13.227
svysep17           geo-0001:sv1-20170922-S-8-1A       58018.915303 17-SEP-22 21:58:02.17      2.933280     5  15.30  15.40  45459.47107  0.0000000   16.1960    27.9249     0.0000   310.7767   -42.18      0.02299  0.0000000    0.0282     0.1156     0.0000     0.1110  22.53172385  -17.4356350     8.392   -12.194
svysep17           geo-0001:sv1-20170922-S-9-1A       58018.926738 17-SEP-22 22:14:30.16      3.666240     6  20.10  20.20  47317.64837  0.0000000   12.6220    62.0276     0.0000   277.1759   -65.96      0.00429  0.0000000    0.0011     0.0345     0.0000     0.0336  22.48322950  -17.5557629     3.791   -12.522
svyoct17           geo-0001:sv1-20171025-S-4-1B       58051.857097 17-OCT-25 20:34:13.18      2.933280     5  16.70  16.90  43538.83100  0.0000000    8.8974   109.1443     0.0000   249.7558   -17.59      0.00731  0.0000000    0.0049     0.0868     0.0000     0.0858   0.12413195  -13.3720330    15.699    -8.344
svyoct17           geo-0001:sv1-20171025-S-5-1A       58051.873810 17-OCT-25 20:58:17.18      3.666240     4  18.20  18.50  51032.75820  0.0000000   11.1931    65.5986     0.0000   292.9426  -113.51      0.01918  0.0000000    0.0125     0.1483     0.0000     0.1454   0.08323407  -14.5942343     9.931   -10.298
svyoct17           geo-0006:sv1-20171029-S-2-1B       58055.836519 17-OCT-29 20:04:35.24      0.732960     2  18.30  18.50  27803.78028  0.0000000   64.6281   173.0152     0.0000   185.9321   183.82      0.00000  0.0000000    0.0000     0.0000     0.0000     0.0000   0.12299785  -13.3509390    16.075    -5.358
svyoct17           geo-0007:sv1-20171029-S-2-1B       58055.837028 17-OCT-29 20:05:19.21      0.732960     2  16.70  16.90  25204.04200  0.0000000   15.5982   158.0689     0.0000   197.6025   217.09      0.00000  0.0000000    0.0000     0.0000     0.0000     0.0000   0.13398027  -13.4718223    15.388    -4.664
