Campaign           Name                              Osc_epoch     Date      Time        arcl [min]    # obs mag_c   mag_u  a(km)        e          i(dg)     raan(dg)   w(dg)      s(dg)      dn(dg/d) da(km)       de         di(dg)    draan(dg)  dw(dg)     ds(dg)     R.A.(h)      Decl.(dg)    lon(dg)   lat(dg)  
svyjan17_gto105    geo-0001:sv1-20170128-S-13-1A      57781.992080 17-JAN-28 23:48:35.71      2.299680     4  16.90  17.00  42251.47846  0.0000000   12.3129    36.2835     0.0000   112.5712    -1.11      0.01300  0.0000000    0.0103     0.1146     0.0000     0.1120  10.19470231    8.0542771    23.754    11.357
svyjan17_gto105    geo-0001:sv1-20170128-S-14-1A      57782.002635 17-JAN-29 00:03:47.66      1.533600     3  17.40  17.50  34561.91375  0.0000000   20.1304     4.3601     0.0000   142.1751    97.31      0.00475  0.0000000    0.0096     0.0215     0.0000     0.0203  10.18403171    8.1724568    18.883    12.184
svyjan17_gto105    geo-0001:sv1-20170128-S-18-1A      57782.040332 17-JAN-29 00:58:04.68      2.299680     4  16.90  17.00  53320.87079  0.0000000   22.3491   357.4146     0.0000   150.9041  -142.80      0.00205  0.0000000    0.0028     0.0041     0.0000     0.0038  10.11462990    8.1358308     7.184    10.656
svyjan17_gto105    geo-0005:sv1-20170128-S-19-1A      57782.052612 17-JAN-29 01:15:45.67      0.766080     2  17.20  17.30  43424.00763  0.0000000   12.0422    36.1861     0.0000   112.9249   -16.12      0.00000  0.0000000    0.0000     0.0000     0.0000     0.0000  10.09280219    8.0727334     2.144    11.078
svyjan17_gto105    geo-0001:sv1-20170128-S-19-1A      57782.053145 17-JAN-29 01:16:31.72      3.067200     4  19.20  19.30  48281.57112  0.0000000   11.5514    71.5566     0.0000    78.5015   -78.30      0.01607  0.0000000    0.0056     0.1387     0.0000     0.1358  10.09157834    8.4352588     2.206    11.316
svyjan17_gto105    geo-0003:sv1-20170128-S-19-1A      57782.055807 17-JAN-29 01:20:21.72      2.299680     3  19.40  19.40  43324.97458  0.0000000   12.5389    34.8227     0.0000   114.2818   -14.85      0.02735  0.0000000    0.0227     0.2283     0.0000     0.2229  10.09066510    8.3039565     1.046    11.414
svyjan17_gto105    geo-0004:sv1-20170128-S-19-1A      57782.056339 17-JAN-29 01:21:07.68      2.299680     4  16.50  16.60  42051.28525  0.0000000   11.4520    52.9474     0.0000    96.5009     1.45      0.00523  0.0000000    0.0013     0.0540     0.0000     0.0529  10.09087885    8.2205766     0.805    11.377
svyjan17_gto105    geo-0002:sv1-20170128-S-24-1A      57782.096837 17-JAN-29 02:19:26.71      1.533600     3  18.60  18.70  48444.94886  0.0000000   16.2789    13.8273     0.0000   134.9472   -80.39      0.00711  0.0000000    0.0088     0.0315     0.0000     0.0302  10.01336039    8.5707272   -13.446    11.443
svyjan17_gto105    geo-0001:sv1-20170128-S-29-1A      57782.151675 17-JAN-29 03:38:24.72      2.299680     3  18.00  18.00  44335.70563  0.0000000   12.6157    34.7399     0.0000   113.9680   -27.79      0.01779  0.0000000    0.0142     0.1445     0.0000     0.1410   9.46556519    8.4159613   -33.956    11.512
svyjan17_gto105    geo-0001:sv1-20170128-S-30-1A      57782.164082 17-JAN-29 03:56:16.68      1.533600     3  20.00  20.00  44531.95105  0.0000000   12.5867    35.1111     0.0000   113.5234   -30.30      0.05179  0.0000000    0.0403     0.4212     0.0000     0.4110   9.44103498    8.4128823   -38.519    11.526
svyjan17_gto105    geo-0006:sv1-20170128-S-30-1A      57782.164615 17-JAN-29 03:57:02.73      0.766080     2  20.20  20.20  44432.02651  0.0000000   12.6158    34.8835     0.0000   113.9297   -29.02      0.00000  0.0000000    0.0000     0.0000     0.0000     0.0000   9.44533494    8.4022268   -38.523    11.516
svyjan17_gto105    geo-0001:sv1-20170128-S-30-1B      57782.167010 17-JAN-29 04:00:29.66      2.299680     4  10.20  10.30  42174.69522  0.0000000   12.0706    66.5759     0.0000    83.0598    -0.13      0.01354  0.0000000    0.0034     0.1321     0.0000     0.1292   9.44163507    9.0128928   -39.244    11.981
svyjan17_gto105    geo-0001:sv1-20170128-S-34-1A      57782.192659 17-JAN-29 04:37:25.73      2.299680     4  11.10  11.20  42166.49574  0.0000000   14.1068    24.1580     0.0000   124.4731    -0.03      0.00821  0.0000000    0.0097     0.0571     0.0000     0.0554   9.39171203    8.2801446   -48.529    11.591
svyjan17_gto105    geo-0001:sv1-20170128-S-35-1B      57782.209337 17-JAN-29 05:01:26.71      1.533600     3  16.70  16.80  37611.37442  0.0000000   19.0737    11.2267     0.0000   137.4358    58.28      0.00087  0.0000000    0.0015     0.0042     0.0000     0.0040   9.37056614    9.1736583   -53.734    12.770
svyjan17_gto105    geo-0001:sv1-20170128-S-38-1A      57782.240332 17-JAN-29 05:46:04.68      1.533600     3  18.60  18.60  37434.14244  0.0000000   11.6029    57.3198     0.0000    92.9899    60.55      0.01724  0.0000000    0.0028     0.1996     0.0000     0.1955   9.32317403    7.4338189   -64.821    11.587
svyjan17_gto105    geo-0001:sv1-20170128-S-41-1B      57782.256154 17-JAN-29 06:08:51.70      3.067200     5  15.50  15.50  42811.15615  0.0000000   33.6775   348.2868     0.0000   157.4968    -8.28      0.00000  0.0000000    0.0000     0.0000     0.0000     0.0000   9.29537234    8.5225193   -71.639    12.253
svyjan17_gto105    geo-0001:sv1-20170129-S-14-1A      57783.006166 17-JAN-30 00:08:52.74      1.533600     3  14.50  14.60  41674.70012  0.0000000   11.6267    27.9697     0.0000   121.0566     6.27      0.00291  0.0000000    0.0031     0.0256     0.0000     0.0251  10.18168939    6.3138384    17.906     9.942
svyjan17_gto105    geo-0001:sv1-20170129-S-15-1B      57783.009001 17-JAN-30 00:12:57.68      1.533600     3  19.20  19.30  41535.92221  0.0000000   14.9599    16.2928     0.0000   132.1019     8.05      0.02145  0.0000000    0.0301     0.1280     0.0000     0.1237  10.17095989    7.4629518    16.708    11.042
svyjan17_gto105    geo-0005:sv1-20170129-S-15-1B      57783.009534 17-JAN-30 00:13:43.73      0.766080     2  19.00  19.10  41627.03543  0.0000000   14.8713    16.6467     0.0000   131.9668     6.88      0.00000  0.0000000    0.0000     0.0000     0.0000     0.0000  10.17565518    7.4410224    16.722    11.001
svyjan17_gto105    geo-0003:sv1-20170129-S-22-1B      57783.085737 17-JAN-30 02:03:27.67      2.299680     4  15.70  15.70  44201.05580  0.0000000   10.7322    53.2878     0.0000    96.1653   -26.07      0.00802  0.0000000    0.0018     0.0833     0.0000     0.0819  10.01463558    7.4632193   -10.810    10.669
svyjan17_gto105    geo-0002:sv1-20170129-S-23-1A      57783.093365 17-JAN-30 02:14:26.73      0.766080     2  19.40  19.50  25053.27110  0.0000000   12.4870    72.2396     0.0000    77.0178   219.02      0.00000  0.0000000    0.0000     0.0000     0.0000     0.0000   9.58534768    6.5012582   -14.171    12.163
svyjan17_gto105    geo-0001:sv1-20170129-S-23-1A      57783.098156 17-JAN-30 02:21:20.67      2.299680     4  19.10  19.20  46702.50568  0.0000000   10.8542    85.0984     0.0000    64.8473   -58.09      0.01904  0.0000000    0.0147     0.1677     0.0000     0.1647   9.58591494    6.5843365   -15.309     9.814
svyjan17_gto105    geo-0001:sv1-20170129-S-24-1B      57783.106848 17-JAN-30 02:33:51.66      4.599360     7  16.70  16.70  52779.02265  0.0000000   22.3481   355.5243     0.0000   151.8398  -135.87      0.00735  0.0000000    0.0104     0.0144     0.0000     0.0134   9.55443521    7.5611019   -18.808    10.338
svyjan17_gto105    geo-0001:sv1-20170129-S-31-1A      57783.181396 17-JAN-30 04:21:12.61      2.299680     3  17.30  17.40  42003.72258  0.0000000   14.8806    13.5392     0.0000   134.9985     2.06      0.00153  0.0000000    0.0022     0.0087     0.0000     0.0084   9.41069990    7.1218319   -45.388    10.463
svyjan17_gto105    geo-0001:sv1-20170129-S-32-1A      57783.195678 17-JAN-30 04:41:46.57      1.533600     3  11.80  11.80  27676.13353  0.0000000   55.1168   340.9130     0.0000   165.1279   185.45      0.00216  0.0000000    0.0074     0.0025     0.0000     0.0014   9.39251991    7.0833424   -47.782    12.154
svyjan17_gto105    geo-0004:sv1-20170129-S-34-1B      57783.209267 17-JAN-30 05:01:20.66      0.766080     2  14.80  14.80  33274.20567  0.0000000   54.3676   340.0640     0.0000   165.2954   113.80      0.00000  0.0000000    0.0000     0.0000     0.0000     0.0000   9.38055601    7.4513768   -53.593    11.906
svyjan17_gto105    geo-0001:sv1-20170129-S-38-1A      57783.255089 17-JAN-30 06:07:19.68      3.067200     5  16.40  16.50  46488.08258  0.0000000   10.1637    45.6978     0.0000   102.7739   -55.34      0.00482  0.0000000    0.0020     0.0491     0.0000     0.0483   9.29429464    6.3730185   -72.837     9.910
svyjan17_gto105    geo-0001:sv1-20170129-S-38-1B      57783.252161 17-JAN-30 06:03:06.71      3.067200     5  16.60  16.60  59580.74871  0.0000000    9.8909    63.5243     0.0000    84.0404  -222.93      0.00705  0.0000000    0.0010     0.0577     0.0000     0.0569   9.30410328    7.1904446   -72.973     9.837
svyjan17_gto105    geo-0003:sv1-20170129-S-8-1A       57782.947693 17-JAN-29 22:44:40.67      0.766080     2  17.50  17.60  46515.92897  0.0000000   25.9864   350.3297     0.0000   157.8242   -55.70      0.00000  0.0000000    0.0000     0.0000     0.0000     0.0000  10.25500338    6.1254262    39.668     9.519
svyjan17_gto105    geo-0002:sv1-20170130-S-14-1A      57784.079950 17-JAN-31 01:55:07.68      1.533600     3  18.10  18.20  47538.59461  0.0000000   34.3839   342.2089     0.0000   165.0306   -68.79      0.05997  0.0000000    0.1054     0.0498     0.0000     0.0417  10.02590678    5.2403347    -9.503     8.388
svyjan17_gto105    geo-0005:sv1-20170130-S-14-1B      57784.079152 17-JAN-31 01:53:58.73      0.766080     2  19.80  19.90  47640.31778  0.0000000   34.5495   342.1163     0.0000   164.8742   -70.09      0.00000  0.0000000    0.0000     0.0000     0.0000     0.0000  10.02133028    5.3251727    -9.415     8.510
svyjan17_gto105    geo-0001:sv1-20170130-S-17-1A      57784.100679 17-JAN-31 02:24:58.66      2.299680     4  12.10  12.10  42744.87751  0.0000000   15.4904     1.5362     0.0000   146.9214    -7.43      0.02736  0.0000000    0.0466     0.1129     0.0000     0.1089   9.57193857    5.0043448   -17.331     8.382
svyjan17_gto105    geo-0001:sv1-20170130-S-18-1A      57784.108573 17-JAN-31 02:36:20.70      1.533600     3  17.40  17.50  49956.52916  0.0000000    8.1056    63.9780     0.0000    85.4413   -99.74      0.00750  0.0000000    0.0011     0.0896     0.0000     0.0887   9.55428012    5.1310086   -20.227     8.080
svyjan17_gto105    geo-0002:sv1-20170130-S-18-1A      57784.111767 17-JAN-31 02:40:56.66      3.067200     3  18.70  18.70  44815.51233  0.0000000   15.5901     2.1096     0.0000   146.1799   -33.93      0.00643  0.0000000    0.0103     0.0255     0.0000     0.0245   9.54215520    5.2631979   -21.478     8.603
svyjan17_gto105    geo-0001:sv1-20170130-S-19-1B      57784.128446 17-JAN-31 03:04:57.73      2.299680     4  16.70  16.80  42806.31476  0.0000000   15.6955     4.7698     0.0000   143.7411    -8.22      0.00298  0.0000000    0.0049     0.0132     0.0000     0.0127   9.51476685    5.5719481   -27.231     9.207
svyjan17_gto105    geo-0001:sv1-20170130-S-24-1B      57784.168573 17-JAN-31 04:02:44.70      3.833280     6  17.00  17.00  52801.34166  0.0000000    9.7594    27.6745     0.0000   120.4476  -136.15      0.01546  0.0000000    0.0126     0.1249     0.0000     0.1231   9.41593228    5.4048272   -42.772     8.403
svyjan17_gto105    geo-0001:sv1-20170130-S-6-1A       57783.954638 17-JAN-30 22:54:40.72      2.299680     4  14.60  14.70  41889.91998  0.0000000   14.6851     4.9198     0.0000   143.6929     3.51      0.02292  0.0000000    0.0380     0.1089     0.0000     0.1056  10.24462620    4.5409844    35.484     8.633
svyjan17_gto105    geo-0001:sv1-20170130-S-9-1A       57783.973503 17-JAN-30 23:21:50.65      2.299680     4  15.40  15.50  37593.47782  0.0000000   17.5158   358.6240     0.0000   148.7231    58.51      0.00378  0.0000000    0.0075     0.0149     0.0000     0.0143  10.21170065    4.5433159    27.698     8.990
svyfeb17_gto75     geo-0001:sv1-20170226-S-12-1B      57810.945569 17-FEB-26 22:41:37.16      1.599840     3  12.40  12.40  42075.12330  0.0000000   15.0727   349.2678     0.0000   154.1403     1.14      0.06204  0.0000000    0.1148     0.2128     0.0000     0.2061   9.50472848    2.4441783     6.816     6.513
svyfeb17_gto75     geo-0001:sv1-20170226-S-17-1B      57810.998451 17-FEB-26 23:57:46.16      3.199680     5  15.50  15.50  58550.47912  0.0000000   38.0076   332.8025     0.0000   170.1287  -209.74      0.01311  0.0000000    0.0186     0.0052     0.0000     0.0043   9.42144308    3.2635787   -11.465     6.060
svyfeb17_gto75     geo-0005:sv1-20170226-S-21-1A      57811.054146 17-FEB-27 01:17:58.21      0.800640     2  19.80  19.90  43982.72742  0.0000000   21.7543   339.4620     0.0000   163.9864   -23.27      0.00000  0.0000000    0.0000     0.0000     0.0000     0.0000   9.29177566    2.1240082   -32.030     5.868
svyfeb17_gto75     geo-0001:sv1-20170226-S-21-1B      57811.052202 17-FEB-27 01:15:10.25      4.000320     6  17.10  17.10  68337.49306  0.0000000   32.3004   333.0849     0.0000   169.3253  -335.01      0.00000  0.0000000    0.0000     0.0000     0.0000     0.0000   9.30464676    3.2538571   -31.832     5.680
svyfeb17_gto75     geo-0001:sv1-20170226-S-26-1B      57811.085420 17-FEB-27 02:03:00.28      4.000320     6  18.40  18.50  56412.89822  0.0000000    6.0549    62.4944     0.0000    80.9357  -182.38      0.00651  0.0000000    0.0015     0.0901     0.0000     0.0896   9.21486815    3.1149252   -44.475     5.979
svyfeb17_gto75     geo-0001:sv1-20170226-S-2-1A       57810.854678 17-FEB-26 20:30:44.17      0.800640     2  11.00  11.00  42275.73224  0.0000000    9.6134     1.4204     0.0000   142.7167    -1.42      0.00000  0.0000000    0.0000     0.0000     0.0000     0.0000  10.05371845    1.5109992    39.966     5.806
svyfeb17_gto75     geo-0007:sv1-20170226-S-2-1A       57810.859678 17-FEB-26 20:37:56.17      0.800640     2  19.60  19.60  74478.51689  0.0000000    9.9117   356.7105     0.0000   150.9124  -413.62      0.00000  0.0000000    0.0000     0.0000     0.0000     0.0000  10.07194369    2.3507288    41.622     4.800
svyfeb17_gto75     geo-0001:sv1-20170226-S-2-1B       57810.854956 17-FEB-26 20:31:08.19      7.200000    10  19.40  19.40  74425.90634  0.0000000    9.6916   357.4439     0.0000   149.4591  -412.95      0.01417  0.0000000    0.0137     0.0473     0.0000     0.0466  10.04347488    2.4131951    42.601     4.907
svyfeb17_gto75     geo-0002:sv1-20170226-S-2-1B       57810.857178 17-FEB-26 20:34:20.17      7.999200     9  18.60  18.70  76254.42020  0.0000000   10.6867   118.6366     0.0000    29.1723  -436.35      0.01792  0.0000000    0.0170     0.0522     0.0000     0.0512  10.04354563    3.0220730    41.921     5.186
svyfeb17_gto75     geo-0001:sv1-20170226-S-31-1A      57811.124448 17-FEB-27 02:59:12.30      4.799520     7  17.30  17.40  61990.52287  0.0000000    6.7711    11.6747     0.0000   130.6657  -253.77      0.01560  0.0000000    0.0137     0.1342     0.0000     0.1332   9.15015801    2.3023740   -59.405     5.131
svyfeb17_gto75     geo-0002:sv1-20170226-S-31-1A      57811.131115 17-FEB-27 03:08:48.33      1.599840     3  19.20  19.30  47656.24379  0.0000000    5.9834    48.5865     0.0000    95.4498   -70.29      0.00792  0.0000000    0.0015     0.1351     0.0000     0.1343   9.15504838    2.3220273   -60.284     5.956
svyfeb17_gto75     geo-0001:sv1-20170226-S-7-1B       57810.894745 17-FEB-26 21:28:25.96      2.400480     4  20.20  20.20  39268.96073  0.0000000   15.5029   351.2311     0.0000   151.7701    37.06      0.04948  0.0000000    0.0963     0.1911     0.0000     0.1849  10.00021696    3.1210704    24.853     7.263
svyfeb17_gto75     geo-0002:sv1-20170226-S-7-1B       57810.894745 17-FEB-26 21:28:25.96      1.599840     3   0.00   0.00  39454.45305  0.0000000   15.4328   351.3171     0.0000   151.7264    34.69      0.00800  0.0000000    0.0155     0.0310     0.0000     0.0300   0.00000000    0.0000000     0.000     0.000
svyfeb17_gto75     geo-0003:sv1-20170226-S-7-1B       57810.895301 17-FEB-26 21:29:14.00      1.599840     3   0.00   0.00  39487.26009  0.0000000   15.4135   351.3538     0.0000   151.9112    34.27      0.05461  0.0000000    0.1057     0.2106     0.0000     0.2039   0.00000000    0.0000000     0.000     0.000
svyfeb17_gto75     geo-0002:sv1-20170226-S-9-1A       57810.915269 17-FEB-26 21:57:59.24      0.800640     2  13.60  13.60  62264.74934  0.0000000    5.1823    51.1436     0.0000    95.1631  -257.28      0.00000  0.0000000    0.0000     0.0000     0.0000     0.0000   9.58403838    2.3431546    19.895     5.161
svyfeb17_gto75     geo-0001:sv1-20170226-S-9-1A       57810.923046 17-FEB-26 22:09:11.17      4.799520     6  15.20  15.20  82929.98350  0.0000000   40.3009   332.5844     0.0000   172.9239  -521.80      0.00000  0.0000000    0.0000     0.0000     0.0000     0.0000   9.58059031    2.3812574    17.936     4.570
svyfeb17_gto75     geo-0011:sv1-20170226-S-9-1A       57810.925824 17-FEB-26 22:13:11.19      0.800640     2  15.30  15.30  27265.35499  0.0000000   62.5165   326.4430     0.0000   170.6636   190.71      0.00000  0.0000000    0.0000     0.0000     0.0000     0.0000   9.56165396    2.2117975    11.861     8.275
svyfeb17_gto75     geo-0001:sv1-20170226-S-9-1B       57810.917769 17-FEB-26 22:01:35.24      7.999200    11  15.10  15.10  83550.34255  0.0000000   40.3030   332.5849     0.0000   172.2628  -529.74      0.02755  0.0000000    0.0269     0.0054     0.0000     0.0043   9.56191525    3.0557858    19.334     4.996
svyfeb17_gto75     geo-0001:sv1-20170227-S-11-1A      57811.945802 17-FEB-27 22:41:57.29      4.799520     7  19.40  19.50  61436.68153  0.0000000    7.0123    28.9689     0.0000   116.3879  -246.68      0.02618  0.0000000    0.0158     0.2566     0.0000     0.2547   9.51255222    3.4719175     7.088     6.279
svyfeb17_gto75     geo-0001:sv1-20170227-S-11-1B      57811.944413 17-FEB-27 22:39:57.28      1.599840     3  17.70  17.70  34909.35072  0.0000000    8.9793    67.0815     0.0000    76.7926    92.87      0.04907  0.0000000    0.0286     0.7833     0.0000     0.7736   9.51409977    4.2735059     5.777     8.740
svyfeb17_gto75     geo-0002:sv1-20170227-S-12-1B      57811.955039 17-FEB-27 22:55:15.36      0.800640     2  20.00  20.00  45260.23292  0.0000000   33.8059   337.0479     0.0000   165.3326   -39.63      0.00000  0.0000000    0.0000     0.0000     0.0000     0.0000   9.50076356    4.5134797     3.003     8.099
svyfeb17_gto75     geo-0001:sv1-20170227-S-12-1B      57811.961150 17-FEB-27 23:04:03.36      4.000320     6  16.70  16.70  54725.45186  0.0000000    9.5852    94.5563     0.0000    51.0193  -160.78      0.01522  0.0000000    0.0145     0.1091     0.0000     0.1076   9.48503984    4.4513881     1.200     7.437
svyfeb17_gto75     geo-0001:sv1-20170227-S-14-1A      57811.980176 17-FEB-27 23:31:27.20      3.199680     5  17.20  17.30  66225.40330  0.0000000    6.7554    32.1679     0.0000   112.8416  -307.98      0.02772  0.0000000    0.0133     0.2659     0.0000     0.2641   9.44424230    3.5659747    -5.697     6.223
svyfeb17_gto75     geo-0001:sv1-20170227-S-18-1A      57811.996088 17-FEB-27 23:54:22.00      4.799520     7  19.30  19.30  67405.15833  0.0000000    9.3410     4.6795     0.0000   139.4751  -323.08      0.01370  0.0000000    0.0126     0.0656     0.0000     0.0647   9.39507083    3.4848092   -12.061     6.054
svyfeb17_gto75     geo-0002:sv1-20170227-S-18-1B      57812.004144 17-FEB-28 00:05:58.04      1.599840     3  19.80  19.80  56463.73841  0.0000000   12.9796   358.9842     0.0000   145.2815  -183.03      0.00749  0.0000000    0.0091     0.0279     0.0000     0.0272   9.40488199    4.4628146   -14.545     7.350
svyfeb17_gto75     geo-0001:sv1-20170227-S-22-1A      57812.024699 17-FEB-28 00:35:33.99      2.400480     4  11.20  11.20  42190.97140  0.0000000    8.2463    32.9424     0.0000   111.1946    -0.34      0.01065  0.0000000    0.0080     0.1420     0.0000     0.1405   9.33446046    4.0850397   -22.583     7.685
svyfeb17_gto75     geo-0002:sv1-20170227-S-22-1A      57812.029699 17-FEB-28 00:42:45.99      2.400480     4  17.70  17.80  42347.93245  0.0000000    7.7021    45.0309     0.0000    99.4608    -2.35      0.02763  0.0000000    0.0098     0.4155     0.0000     0.4117   9.33450920    4.0327654   -24.150     7.597
svyfeb17_gto75     geo-0001:sv1-20170227-S-25-1A      57812.056850 17-FEB-28 01:21:51.84      4.000320     6  18.40  18.50  52367.37256  0.0000000   18.2254   345.8605     0.0000   156.9547  -130.60      0.01593  0.0000000    0.0237     0.0319     0.0000     0.0303   9.26564965    4.0941899   -34.669     7.032
svyfeb17_gto75     geo-0001:sv1-20170227-S-25-1B      57812.056572 17-FEB-28 01:21:27.82      2.400480     4  16.40  16.50  42334.30548  0.0000000   14.8714   358.2355     0.0000   145.3499    -2.17      0.03966  0.0000000    0.0673     0.1799     0.0000     0.1737   9.27333952    4.5637530   -33.934     8.391
svyfeb17_gto75     geo-0002:sv1-20170227-S-25-1B      57812.059905 17-FEB-28 01:26:15.79      4.000320     5  17.70  17.70  56432.04061  0.0000000   10.6718     5.7625     0.0000   137.5908  -182.62      0.04073  0.0000000    0.0446     0.2180     0.0000     0.2142   9.27070032    4.3244864   -35.780     7.174
svyfeb17_gto75     geo-0001:sv1-20170227-S-26-1B      57812.066086 17-FEB-28 01:35:09.83      0.800640     2  20.70  20.80  32584.65911  0.0000000   22.9260   123.0110     0.0000    23.9501   122.62      0.00000  0.0000000    0.0000     0.0000     0.0000     0.0000   9.24483401    4.3151559   -36.601     9.098
svyfeb17_gto75     geo-0001:sv1-20170227-S-32-1A      57812.104794 17-FEB-28 02:30:54.20      2.400480     4  11.90  11.90  43847.88485  0.0000000   16.8053   349.6110     0.0000   153.7336   -21.55      0.00369  0.0000000    0.0066     0.0112     0.0000     0.0106   9.18267477    3.4816627   -51.511     7.351
svyfeb17_gto75     geo-0001:sv1-20170227-S-32-1B      57812.100072 17-FEB-28 02:24:06.22      4.000320     6  18.40  18.50  49598.81113  0.0000000   10.7355     6.5049     0.0000   136.5056   -95.16      0.02713  0.0000000    0.0340     0.1709     0.0000     0.1679   9.17581504    4.1657833   -50.615     7.366
svyfeb17_gto75     geo-0002:sv1-20170227-S-32-1B      57812.101739 17-FEB-28 02:26:30.24      2.400480     4  16.90  17.00  41463.73457  0.0000000    8.9335    31.7333     0.0000   112.5072     8.97      0.01432  0.0000000    0.0117     0.1778     0.0000     0.1756   9.18269074    4.3540697   -50.243     8.248
svyfeb17_gto75     geo-0004:sv1-20170227-S-32-1B      57812.104516 17-FEB-28 02:30:30.18      0.800640     2  20.60  20.70  44071.98122  0.0000000   18.1227   349.2028     0.0000   153.9112   -24.42      0.00000  0.0000000    0.0000     0.0000     0.0000     0.0000   9.18139494    4.2349441   -51.487     7.862
svyfeb17_gto75     geo-0001:sv1-20170227-S-34-1A      57812.117583 17-FEB-28 02:49:19.17      3.199680     5  16.80  16.90  48799.25618  0.0000000    8.0153    83.9245     0.0000    59.7756   -84.92      0.01804  0.0000000    0.0157     0.1951     0.0000     0.1932   9.15009598    3.4150024   -56.997     6.920
svyfeb17_gto75     geo-0002:sv1-20170227-S-38-1A      57812.156243 17-FEB-28 03:44:59.39      4.000320     4  18.50  18.60  59839.60354  0.0000000   11.1878   357.6307     0.0000   144.3824  -226.24      0.01524  0.0000000    0.0175     0.0643     0.0000     0.0630   9.11229061    3.4749212   -71.875     6.488
svyfeb17_gto75     geo-0001:sv1-20170227-S-6-1A       57811.901611 17-FEB-27 21:38:19.19      2.400480     4  11.90  11.90  43283.75462  0.0000000   16.0209   351.0431     0.0000   152.5190   -14.33      0.00279  0.0000000    0.0049     0.0092     0.0000     0.0089   9.58473707    3.4158056    21.992     7.317
svyfeb17_gto75     geo-0002:sv1-20170227-S-6-1A       57811.906056 17-FEB-27 21:44:43.23      4.000320     4  18.30  18.30  64701.68226  0.0000000    6.4347    66.5728     0.0000    79.7905  -288.48      0.01093  0.0000000    0.0024     0.1226     0.0000     0.1218   9.58421875    3.5553444    22.207     6.332
svyfeb17_gto75     geo-0001:sv1-20170227-S-7-1A       57811.918220 17-FEB-27 22:02:14.20      2.400480     3  17.80  17.80  40437.82855  0.0000000    9.0147    85.3684     0.0000    59.0065    22.10      0.02033  0.0000000    0.0223     0.2405     0.0000     0.2374   9.55421702    3.5423285    15.575     7.719
svyfeb17_gto75     geo-0002:sv1-20170228-S-10-1A      57812.983845 17-FEB-28 23:36:44.20      0.800640     2  20.50  20.50  42515.94505  0.0000000   14.7055     2.0553     0.0000   141.6245    -4.50      0.00000  0.0000000    0.0000     0.0000     0.0000     0.0000   9.43279839    5.4640136    -9.557     8.974
svyfeb17_gto75     geo-0001:sv1-20170228-S-10-1A      57812.986623 17-FEB-28 23:40:44.22      1.599840     3   0.00   0.00  43529.25660  0.0000000   15.2808   359.9186     0.0000   143.7083   -17.47      0.01729  0.0000000    0.0277     0.0769     0.0000     0.0742   0.00000000    0.0000000     0.000     0.000
svyfeb17_gto75     geo-0001:sv1-20170228-S-11-1B      57812.999748 17-FEB-28 23:59:38.22      3.199680     5  18.90  18.90  48801.90876  0.0000000    9.2723    53.2490     0.0000    91.1342   -84.96      0.04761  0.0000000    0.0034     0.5129     0.0000     0.5062   9.38472827    6.2956031   -14.502     9.270
svyfeb17_gto75     geo-0001:sv1-20170228-S-12-1A      57813.015649 17-MAR-01 00:22:32.07      4.000320     5  16.20  16.30  72768.24909  0.0000000   28.1490   339.3388     0.0000   163.4235  -391.73      0.00000  0.0000000    0.0000     0.0000     0.0000     0.0000   9.37258227    5.4915825   -20.008     7.735
svyfeb17_gto75     geo-0001:sv1-20170228-S-12-1B      57813.012594 17-MAR-01 00:18:08.12      4.799520     7  16.60  16.70  72233.75714  0.0000000   28.2339   339.3149     0.0000   162.9477  -384.89      0.07261  0.0000000    0.0785     0.0505     0.0000     0.0446   9.35533309    6.0402175   -19.345     7.974
svyfeb17_gto75     geo-0011:sv1-20170228-S-12-1B      57813.018149 17-MAR-01 00:26:08.07      0.800640     2  13.30  13.30  42380.52973  0.0000000   14.4812     6.6075     0.0000   137.6010    -2.77      0.00000  0.0000000    0.0000     0.0000     0.0000     0.0000   9.38143696    6.3056249   -20.415     9.707
svyfeb17_gto75     geo-0002:sv1-20170228-S-14-1A      57813.027317 17-MAR-01 00:39:20.18      4.799520     6  17.00  17.10  71029.68356  0.0000000   31.6458   335.8898     0.0000   165.7990  -369.47      0.00770  0.0000000    0.0086     0.0041     0.0000     0.0035   9.32025114    5.2340758   -25.120     7.395
svyfeb17_gto75     geo-0001:sv1-20170228-S-16-1A      57813.047648 17-MAR-01 01:08:36.78      1.599840     3  18.00  18.10  59051.87141  0.0000000   17.1018   351.7975     0.0000   151.0436  -216.16      0.01801  0.0000000    0.0222     0.0417     0.0000     0.0399   9.29124558    5.4808173   -32.266     8.185
svyfeb17_gto75     geo-0001:sv1-20170228-S-20-1B      57813.077088 17-MAR-01 01:51:00.40      2.400480     4  12.10  12.10  42186.23846  0.0000000   10.7873    27.9145     0.0000   116.3072    -0.28      0.00207  0.0000000    0.0019     0.0204     0.0000     0.0200   9.23233972    6.1959546   -42.189     9.659
svyfeb17_gto75     geo-0004:sv1-20170228-S-21-1B      57813.084934 17-MAR-01 02:02:18.29      2.400480     3  17.60  17.70  40715.62587  0.0000000    9.2851    48.5989     0.0000    95.8124    18.55      0.00125  0.0000000    0.0003     0.0165     0.0000     0.0162   9.20358383    5.4107307   -45.163     9.237
svyfeb17_gto75     geo-0001:sv1-20170228-S-22-1A      57813.096948 17-MAR-01 02:19:36.30      6.399360     9  18.50  18.60  71391.12328  0.0000000   11.0621     5.8171     0.0000   136.0413  -374.10      0.00493  0.0000000    0.0041     0.0204     0.0000     0.0200   9.18278601    5.3555721   -51.593     7.654
svyfeb17_gto75     geo-0001:sv1-20170228-S-25-1A      57813.127434 17-MAR-01 03:03:30.29      4.000320     5  17.60  17.70  60530.85670  0.0000000    8.5355    81.2636     0.0000    61.6782  -235.09      0.01041  0.0000000    0.0067     0.0853     0.0000     0.0844   9.14195006    4.5822545   -62.319     7.507
svyfeb17_gto75     geo-0003:sv1-20170228-S-25-1A      57813.128545 17-MAR-01 03:05:06.28      0.800640     2  13.80  13.90  34298.67496  0.0000000   16.7581     1.6247     0.0000   143.3581   100.68      0.00000  0.0000000    0.0000     0.0000     0.0000     0.0000   9.15287752    5.3054513   -59.228     9.909
svyfeb17_gto75     geo-0006:sv1-20170228-S-25-1B      57813.127712 17-MAR-01 03:03:54.31      0.800640     2  13.20  13.30  34231.72315  0.0000000   16.7035     1.8156     0.0000   142.7752   101.54      0.00000  0.0000000    0.0000     0.0000     0.0000     0.0000   9.13474861    5.3721934   -59.320    10.013
svyfeb17_gto75     geo-0001:sv1-20170228-S-29-1A      57813.171044 17-MAR-01 04:06:18.20      1.599840     3  16.10  16.20  37727.57685  0.0000000   13.8871     6.6543     0.0000   137.8530    56.79      0.06790  0.0000000    0.1171     0.4400     0.0000     0.4261   9.09334993    5.0253660   -75.384     9.268
svyfeb17_gto75     geo-0001:sv1-20170228-S-5-1A       57812.933475 17-FEB-28 22:24:12.24      4.000320     6  19.90  19.90  58197.62751  0.0000000    9.1519    26.3536     0.0000   118.7090  -205.22      0.02312  0.0000000    0.0160     0.1813     0.0000     0.1790   9.52395366    5.3209506    10.396     8.019
svyfeb17_gto75     geo-0001:sv1-20170228-S-7-1A       57812.955245 17-FEB-28 22:55:33.16      2.400480     4  15.10  15.10  43520.47609  0.0000000   11.3887    12.4222     0.0000   131.5615   -17.36      0.01307  0.0000000    0.0173     0.0976     0.0000     0.0958   9.49009557    5.1020853     1.714     8.497
svyapr17_gto75     geo-0002:sv1-20170426-S-2-1A       57870.012676 17-APR-27 00:18:15.20      1.599840     3  18.30  18.30  49727.08905  0.0000000    7.9039   228.4944     0.0000   335.8397   -96.80      0.01910  0.0000000    0.0295     0.0959     0.0000     0.0950  13.38549421   -7.3120680   -15.211    -3.226
svyapr17_gto75     geo-0001:sv1-20170426-S-2-1B       57870.014065 17-APR-27 00:20:15.21      2.400480     4  11.70  11.80  42177.49865  0.0000000   12.9421    15.6109     0.0000   188.9104    -0.17      0.00315  0.0000000    0.0064     0.0049     0.0000     0.0048  13.37395896   -6.5920165   -15.952    -1.988
svyapr17_gto75     geo-0001:sv1-20170426-S-3-1A       57870.026079 17-APR-27 00:37:33.22      3.199680     5  16.20  16.20  46570.81947  0.0000000   10.9810    10.2973     0.0000   194.2365   -56.40      0.00656  0.0000000    0.0116     0.0161     0.0000     0.0158  13.35095131   -7.1420087   -20.304    -2.685
svyapr17_gto75     geo-0005:sv1-20170426-S-3-1B       57870.025801 17-APR-27 00:37:09.20      0.800640     2  16.40  16.40  46524.37662  0.0000000   10.9774    10.3182     0.0000   194.1290   -55.81      0.00000  0.0000000    0.0000     0.0000     0.0000     0.0000  13.34496049   -7.1314622   -20.288    -2.664
svyapr17_gto75     geo-0001:sv1-20170427-S-3-1A       57870.914516 17-APR-27 21:56:54.18      2.400480     3  12.00  12.10  43374.44395  0.0000000    6.2766   247.4803     0.0000   317.1451   -15.49      0.01803  0.0000000    0.0262     0.2201     0.0000     0.2186  13.58474679   -9.0724698    19.497    -4.264
svyapr17_gto75     geo-0001:sv1-20170427-S-3-1B       57870.911461 17-APR-27 21:52:30.23      2.400480     4  11.40  11.40  42161.59037  0.0000000    3.6727   323.5940     0.0000   240.9745     0.04      0.04301  0.0000000    0.0422     1.1962     0.0000     1.1939  13.58387078   -8.0615810    20.321    -3.211
svyapr17_gto75     geo-0002:sv1-20170427-S-3-1B       57870.912572 17-APR-27 21:54:06.22      2.400480     3  13.70  13.70  41837.72358  0.0000000   14.8520    12.6831     0.0000   192.2164     4.18      0.01860  0.0000000    0.0372     0.0326     0.0000     0.0321  13.58344305   -8.0223404    19.905    -3.109
svyapr17_gto75     geo-0001:sv1-20170428-S-1-1A       57871.928938 17-APR-28 22:17:40.24      3.199680     5  16.30  16.30  46559.11523  0.0000000   10.4557   239.7009     0.0000   324.4702   -56.25      0.03073  0.0000000    0.0458     0.1781     0.0000     0.1750  13.53564830  -10.4827822    13.132    -6.054
svyapr17_gto75     geo-0001:sv1-20170428-S-4-1A       57871.972583 17-APR-28 23:20:31.17      1.599840     3  18.90  18.90  34189.89399  0.0000000    5.1433   337.0481     0.0000   227.2988   102.07      0.03768  0.0000000    0.0663     0.8083     0.0000     0.8053  13.47336110  -10.2423029    -3.016    -3.777
svyapr17_gto75     geo-0002:sv1-20170428-S-4-1A       57871.972583 17-APR-28 23:20:31.17      1.599840     3  16.00  16.10  41823.25515  0.0000000   14.3155     5.5932     0.0000   199.8608     4.37      0.06822  0.0000000    0.1318     0.1963     0.0000     0.1910  13.48202735  -10.1228260    -2.364    -4.819
svyaug17_gto105    geo-0001:sv1-20170823-S-10-1A      57989.006958 17-AUG-24 00:10:01.17      1.467360     3  15.10  15.10  38749.53162  0.0000000    9.5874     4.8080     0.0000   339.1994    43.71      0.02732  0.0000000    0.0575     0.1316     0.0000     0.1293  23.13522004   -8.5512564     9.296    -3.391
svyaug17_gto105    geo-0004:sv1-20170823-S-10-1B      57989.006194 17-AUG-24 00:08:55.16      2.933280     4  18.60  18.60  47967.21620  0.0000000   25.0147   353.7456     0.0000   350.4131   -74.27      0.00000  0.0000000    0.0000     0.0000     0.0000     0.0000  23.13504875   -8.2712781    10.342    -4.038
svyaug17_gto105    geo-0005:sv1-20170823-S-10-1B      57989.007213 17-AUG-24 00:10:23.20      1.467360     3  14.80  14.90  38798.57749  0.0000000    9.5461     4.9514     0.0000   339.1667    43.08      0.02476  0.0000000    0.0521     0.1198     0.0000     0.1177  23.14174586   -8.5405061     9.313    -3.381
svyaug17_gto105    geo-0002:sv1-20170823-S-15-1A      57989.037440 17-AUG-24 00:53:54.81      2.200320     4  17.60  17.60  42853.41137  0.0000000    5.1294    34.3350     0.0000   309.8180    -8.82      0.00395  0.0000000    0.0051     0.0676     0.0000     0.0673  23.05599532   -9.0223202    -1.714    -3.938
svyaug17_gto105    geo-0003:sv1-20170823-S-15-1A      57989.038458 17-AUG-24 00:55:22.77      2.933280     3  19.50  19.60  61366.52756  0.0000000    7.2976    33.7482     0.0000   310.9393  -245.79      0.02566  0.0000000    0.0225     0.2024     0.0000     0.2007  23.05466109   -9.0409539    -1.430    -5.506
svyaug17_gto105    geo-0004:sv1-20170823-S-15-1A      57989.041514 17-AUG-24 00:59:46.80      2.933280     4  12.90  12.90  42673.11311  0.0000000    5.0973    34.5799     0.0000   309.6766    -6.51      0.00534  0.0000000    0.0069     0.0926     0.0000     0.0922  23.05393400   -9.0315934    -3.083    -3.921
svyaug17_gto105    geo-0001:sv1-20170823-S-15-1B      57989.037695 17-AUG-24 00:54:16.84      2.200320     4  17.60  17.60  42832.31173  0.0000000    5.1213    34.3963     0.0000   309.8452    -8.55      0.00343  0.0000000    0.0044     0.0589     0.0000     0.0586  23.06213123   -9.0202039    -1.718    -3.930
svyaug17_gto105    geo-0002:sv1-20170823-S-15-1B      57989.039222 17-AUG-24 00:56:28.78      2.200320     4  18.90  18.90  43048.90978  0.0000000   15.8597   358.1495     0.0000   345.7923   -11.32      0.01025  0.0000000    0.0199     0.0185     0.0000     0.0178  23.06287015   -8.5447314    -2.162    -3.846
svyaug17_gto105    geo-0003:sv1-20170823-S-15-1B      57989.040241 17-AUG-24 00:57:56.82      1.465920     3  19.70  19.70  60851.99121  0.0000000    7.1867    34.3863     0.0000   310.6622  -239.20      0.03460  0.0000000    0.0304     0.2815     0.0000     0.2793  23.07080712   -9.0214347    -1.719    -5.445
svyaug17_gto105    geo-0004:sv1-20170823-S-15-1B      57989.047880 17-AUG-24 01:08:56.83      2.933280     5  16.40  16.50  44760.09926  0.0000000    8.8590    11.7209     0.0000   332.7936   -33.22      0.01058  0.0000000    0.0180     0.0595     0.0000     0.0587  23.05528919   -8.5534105    -4.956    -4.038
svyaug17_gto105    geo-0005:sv1-20170823-S-15-1B      57989.052463 17-AUG-24 01:15:32.80      1.467360     3  15.90  15.90  31123.43606  0.0000000    2.9312   132.9520     0.0000   211.3615   141.33      0.01542  0.0000000    0.0384     0.4656     0.0000     0.4652  23.05311696   -8.3027685    -7.123    -1.525
svyaug17_gto105    geo-0001:sv1-20170823-S-16-1A      57989.071212 17-AUG-24 01:42:32.71      1.467360     3  11.90  11.90  35661.13199  0.0000000   22.5040   157.4116     0.0000   187.7501    83.24      0.01883  0.0000000    0.0465     0.0184     0.0000     0.0178  23.00392616   -9.0946177   -13.594    -2.959
svyaug17_gto105    geo-0001:sv1-20170823-S-16-1B      57989.061281 17-AUG-24 01:28:14.67      2.200320     4  15.70  15.70  39433.20048  0.0000000    7.9188     7.6837     0.0000   336.3035    34.96      0.02568  0.0000000    0.0521     0.1650     0.0000     0.1633  23.00571389   -8.4309820   -10.398    -3.174
svyaug17_gto105    geo-0001:sv1-20170823-S-22-1B      57989.107763 17-AUG-24 02:35:10.72      1.467360     3  19.70  19.70  43250.95879  0.0000000    4.4746   116.6762     0.0000   227.6736   -13.91      0.00023  0.0000000    0.0003     0.0043     0.0000     0.0042  22.50529801   -8.1752263   -27.103    -3.307
svyaug17_gto105    geo-0002:sv1-20170823-S-23-1A      57989.143318 17-AUG-24 03:26:22.67      1.467360     3  18.90  18.90  46078.85137  0.0000000   11.3072     8.9730     0.0000   335.2203   -50.10      0.01942  0.0000000    0.0325     0.0762     0.0000     0.0749  22.46116425   -9.2630359   -39.583    -4.714
svyaug17_gto105    geo-0001:sv1-20170823-S-26-1A      57989.162552 17-AUG-24 03:54:04.49      2.933280     5  19.20  19.20  44076.66554  0.0000000    4.7497    93.4708     0.0000   250.7457   -24.48      0.04019  0.0000000    0.0256     0.8880     0.0000     0.8849  22.40019886   -9.2017743   -46.989    -4.483
svyaug17_gto105    geo-0003:sv1-20170823-S-26-1A      57989.169682 17-AUG-24 04:04:20.52      1.467360     3  19.90  19.90  41404.00375  0.0000000    5.0910    34.9500     0.0000   309.7845     9.73      0.00778  0.0000000    0.0104     0.1394     0.0000     0.1389  22.40395513   -9.0118088   -48.872    -3.910
svyaug17_gto105    geo-0004:sv1-20170823-S-26-1A      57989.170191 17-AUG-24 04:05:04.50      2.200320     4  17.40  17.40  43373.00696  0.0000000    4.3823    74.6445     0.0000   269.9499   -15.47      0.00236  0.0000000    0.0003     0.0609     0.0000     0.0607  22.40233498   -9.1654541   -49.307    -4.382
svyaug17_gto105    geo-0001:sv1-20170823-S-26-1B      57989.161788 17-AUG-24 03:52:58.48      2.933280     3  18.50  18.50  42301.93549  0.0000000   14.5306   358.3410     0.0000   345.5637    -1.76      0.00459  0.0000000    0.0090     0.0092     0.0000     0.0090  22.40162323   -8.3421162   -46.520    -3.586
svyaug17_gto105    geo-0002:sv1-20170823-S-27-1A      57989.180537 17-AUG-24 04:19:58.39      0.732960     2  16.60  16.60  38255.46873  0.0000000   12.8700     2.6057     0.0000   342.1642    50.04      0.00000  0.0000000    0.0000     0.0000     0.0000     0.0000  22.38262369   -9.2557411   -52.446    -3.912
svyaug17_gto105    geo-0001:sv1-20170823-S-9-1A       57988.987445 17-AUG-23 23:41:55.24      2.200320     4  18.40  18.50  42629.99026  0.0000000    4.3744    98.5818     0.0000   246.2995    -5.96      0.00459  0.0000000    0.0037     0.1109     0.0000     0.1106  23.18049440   -8.5652272    16.887    -4.005
svyaug17_gto105    geo-0002:sv1-20170823-S-9-1B       57988.977514 17-AUG-23 23:27:37.20      5.866560     9  16.90  17.00  67180.81836  0.0000000    5.0755    79.4111     0.0000   266.8220  -320.21      0.02936  0.0000000    0.0022     0.4036     0.0000     0.4021  23.17436308   -8.0716178    21.873    -5.068
svyaug17_gto105    geo-0005:sv1-20170823-S-9-1B       57988.982607 17-AUG-23 23:34:57.24      0.732960     2  19.00  19.00  45736.21784  0.0000000   13.2108     0.1654     0.0000   344.2892   -45.72      0.00000  0.0000000    0.0000     0.0000     0.0000     0.0000  23.17320144   -8.0328525    18.664    -3.548
svyaug17_gto105    geo-0001:sv1-20170823-S-10-1A      57989.006958 17-AUG-24 00:10:01.17      1.467360     3  15.10  15.10  38749.53162  0.0000000    9.5874     4.8080     0.0000   339.1994    43.71      0.02732  0.0000000    0.0575     0.1316     0.0000     0.1293  23.13522004   -8.5512564     9.296    -3.391
svyaug17_gto105    geo-0004:sv1-20170823-S-10-1B      57989.006194 17-AUG-24 00:08:55.16      2.933280     4  18.60  18.60  47967.21620  0.0000000   25.0147   353.7456     0.0000   350.4131   -74.27      0.00000  0.0000000    0.0000     0.0000     0.0000     0.0000  23.13504875   -8.2712781    10.342    -4.038
svyaug17_gto105    geo-0005:sv1-20170823-S-10-1B      57989.007213 17-AUG-24 00:10:23.20      1.467360     3  14.80  14.90  38798.57749  0.0000000    9.5461     4.9514     0.0000   339.1667    43.08      0.02476  0.0000000    0.0521     0.1198     0.0000     0.1177  23.14174586   -8.5405061     9.313    -3.381
svyaug17_gto105    geo-0002:sv1-20170823-S-15-1A      57989.037440 17-AUG-24 00:53:54.81      2.200320     4  17.60  17.60  42853.41137  0.0000000    5.1294    34.3350     0.0000   309.8180    -8.82      0.00395  0.0000000    0.0051     0.0676     0.0000     0.0673  23.05599532   -9.0223202    -1.714    -3.938
svyaug17_gto105    geo-0003:sv1-20170823-S-15-1A      57989.038458 17-AUG-24 00:55:22.77      2.933280     3  19.50  19.60  61366.52756  0.0000000    7.2976    33.7482     0.0000   310.9393  -245.79      0.02566  0.0000000    0.0225     0.2024     0.0000     0.2007  23.05466109   -9.0409539    -1.430    -5.506
svyaug17_gto105    geo-0004:sv1-20170823-S-15-1A      57989.041514 17-AUG-24 00:59:46.80      2.933280     4  12.90  12.90  42673.11311  0.0000000    5.0973    34.5799     0.0000   309.6766    -6.51      0.00534  0.0000000    0.0069     0.0926     0.0000     0.0922  23.05393400   -9.0315934    -3.083    -3.921
svyaug17_gto105    geo-0001:sv1-20170823-S-15-1B      57989.037695 17-AUG-24 00:54:16.84      2.200320     4  17.60  17.60  42832.31173  0.0000000    5.1213    34.3963     0.0000   309.8452    -8.55      0.00343  0.0000000    0.0044     0.0589     0.0000     0.0586  23.06213123   -9.0202039    -1.718    -3.930
svyaug17_gto105    geo-0002:sv1-20170823-S-15-1B      57989.039222 17-AUG-24 00:56:28.78      2.200320     4  18.90  18.90  43048.90978  0.0000000   15.8597   358.1495     0.0000   345.7923   -11.32      0.01025  0.0000000    0.0199     0.0185     0.0000     0.0178  23.06287015   -8.5447314    -2.162    -3.846
svyaug17_gto105    geo-0003:sv1-20170823-S-15-1B      57989.040241 17-AUG-24 00:57:56.82      1.465920     3  19.70  19.70  60851.99121  0.0000000    7.1867    34.3863     0.0000   310.6622  -239.20      0.03460  0.0000000    0.0304     0.2815     0.0000     0.2793  23.07080712   -9.0214347    -1.719    -5.445
svyaug17_gto105    geo-0004:sv1-20170823-S-15-1B      57989.047880 17-AUG-24 01:08:56.83      2.933280     5  16.40  16.50  44760.09926  0.0000000    8.8590    11.7209     0.0000   332.7936   -33.22      0.01058  0.0000000    0.0180     0.0595     0.0000     0.0587  23.05528919   -8.5534105    -4.956    -4.038
svyaug17_gto105    geo-0005:sv1-20170823-S-15-1B      57989.052463 17-AUG-24 01:15:32.80      1.467360     3  15.90  15.90  31123.43606  0.0000000    2.9312   132.9520     0.0000   211.3615   141.33      0.01542  0.0000000    0.0384     0.4656     0.0000     0.4652  23.05311696   -8.3027685    -7.123    -1.525
svyaug17_gto105    geo-0001:sv1-20170823-S-16-1A      57989.071212 17-AUG-24 01:42:32.71      1.467360     3  11.90  11.90  35661.13199  0.0000000   22.5040   157.4116     0.0000   187.7501    83.24      0.01883  0.0000000    0.0465     0.0184     0.0000     0.0178  23.00392616   -9.0946177   -13.594    -2.959
svyaug17_gto105    geo-0001:sv1-20170823-S-16-1B      57989.061281 17-AUG-24 01:28:14.67      2.200320     4  15.70  15.70  39433.20048  0.0000000    7.9188     7.6837     0.0000   336.3035    34.96      0.02568  0.0000000    0.0521     0.1650     0.0000     0.1633  23.00571389   -8.4309820   -10.398    -3.174
svyaug17_gto105    geo-0001:sv1-20170823-S-22-1B      57989.107763 17-AUG-24 02:35:10.72      1.467360     3  19.70  19.70  43250.95879  0.0000000    4.4746   116.6762     0.0000   227.6736   -13.91      0.00023  0.0000000    0.0003     0.0043     0.0000     0.0042  22.50529801   -8.1752263   -27.103    -3.307
svyaug17_gto105    geo-0002:sv1-20170823-S-23-1A      57989.143318 17-AUG-24 03:26:22.67      1.467360     3  18.90  18.90  46078.85137  0.0000000   11.3072     8.9730     0.0000   335.2203   -50.10      0.01942  0.0000000    0.0325     0.0762     0.0000     0.0749  22.46116425   -9.2630359   -39.583    -4.714
svyaug17_gto105    geo-0001:sv1-20170823-S-26-1A      57989.162552 17-AUG-24 03:54:04.49      2.933280     5  19.20  19.20  44076.66554  0.0000000    4.7497    93.4708     0.0000   250.7457   -24.48      0.04019  0.0000000    0.0256     0.8880     0.0000     0.8849  22.40019886   -9.2017743   -46.989    -4.483
svyaug17_gto105    geo-0003:sv1-20170823-S-26-1A      57989.169682 17-AUG-24 04:04:20.52      1.467360     3  19.90  19.90  41404.00375  0.0000000    5.0910    34.9500     0.0000   309.7845     9.73      0.00778  0.0000000    0.0104     0.1394     0.0000     0.1389  22.40395513   -9.0118088   -48.872    -3.910
svyaug17_gto105    geo-0004:sv1-20170823-S-26-1A      57989.170191 17-AUG-24 04:05:04.50      2.200320     4  17.40  17.40  43373.00696  0.0000000    4.3823    74.6445     0.0000   269.9499   -15.47      0.00236  0.0000000    0.0003     0.0609     0.0000     0.0607  22.40233498   -9.1654541   -49.307    -4.382
svyaug17_gto105    geo-0001:sv1-20170823-S-26-1B      57989.161788 17-AUG-24 03:52:58.48      2.933280     3  18.50  18.50  42301.93549  0.0000000   14.5306   358.3410     0.0000   345.5637    -1.76      0.00459  0.0000000    0.0090     0.0092     0.0000     0.0090  22.40162323   -8.3421162   -46.520    -3.586
svyaug17_gto105    geo-0002:sv1-20170823-S-27-1A      57989.180537 17-AUG-24 04:19:58.39      0.732960     2  16.60  16.60  38255.46873  0.0000000   12.8700     2.6057     0.0000   342.1642    50.04      0.00000  0.0000000    0.0000     0.0000     0.0000     0.0000  22.38262369   -9.2557411   -52.446    -3.912
svyaug17_gto105    geo-0001:sv1-20170823-S-9-1A       57988.987445 17-AUG-23 23:41:55.24      2.200320     4  18.40  18.50  42629.99026  0.0000000    4.3744    98.5818     0.0000   246.2995    -5.96      0.00459  0.0000000    0.0037     0.1109     0.0000     0.1106  23.18049440   -8.5652272    16.887    -4.005
svyaug17_gto105    geo-0002:sv1-20170823-S-9-1B       57988.977514 17-AUG-23 23:27:37.20      5.866560     9  16.90  17.00  67180.81836  0.0000000    5.0755    79.4111     0.0000   266.8220  -320.21      0.02936  0.0000000    0.0022     0.4036     0.0000     0.4021  23.17436308   -8.0716178    21.873    -5.068
svyaug17_gto105    geo-0005:sv1-20170823-S-9-1B       57988.982607 17-AUG-23 23:34:57.24      0.732960     2  19.00  19.00  45736.21784  0.0000000   13.2108     0.1654     0.0000   344.2892   -45.72      0.00000  0.0000000    0.0000     0.0000     0.0000     0.0000  23.17320144   -8.0328525    18.664    -3.548
svysep17_gto75     geo-0001:sv1-20170921-S-14-1A      58018.011541 17-SEP-22 00:16:37.14      5.133600     5  19.50  19.60  60931.75964  0.0000000   10.9452    54.4644     0.0000   320.9108  -240.22      0.01664  0.0000000    0.0175     0.0739     0.0000     0.0725   1.14145748  -10.2943261    10.674    -6.876
svysep17_gto75     geo-0001:sv1-20170921-S-16-1B      58018.029803 17-SEP-22 00:42:54.97      3.666240     6  18.40  18.40  51584.85892  0.0000000    6.2026    76.6786     0.0000   298.0204  -120.58      0.01420  0.0000000    0.0110     0.1872     0.0000     0.1861   1.08491836   -9.4448230     3.031    -5.473
svysep17_gto75     geo-0001:sv1-20170921-S-22-1A      58018.106576 17-SEP-22 02:33:28.16      7.333920     8  19.70  19.80  69907.60569  0.0000000   14.8184    44.6110     0.0000   327.9904  -355.11      0.04218  0.0000000    0.0414     0.0994     0.0000     0.0961   0.50358622  -11.0442292   -26.055    -7.791
svysep17_gto75     geo-0002:sv1-20170921-S-22-1A      58018.107086 17-SEP-22 02:34:12.23      5.133600     6   0.00   0.00  70129.12192  0.0000000   14.9255    44.3993     0.0000   328.2781  -357.95      0.04532  0.0000000    0.0444     0.1053     0.0000     0.1018   0.00000000    0.0000000     0.000     0.000
svysep17_gto75     geo-0004:sv1-20170921-S-22-1B      58018.121090 17-SEP-22 02:54:22.17      2.933280     4  19.80  19.80  46484.71664  0.0000000    9.6868    48.1469     0.0000   326.0799   -55.30      0.01567  0.0000000    0.0238     0.0941     0.0000     0.0929   0.51065992  -10.1327020   -30.154    -5.388
svysep17_gto75     geo-0001:sv1-20170921-S-24-1A      58018.144852 17-SEP-22 03:28:35.21      2.200320     3  18.90  19.00  41259.18812  0.0000000   10.7188    45.4561     0.0000   328.8179    11.59      0.01579  0.0000000    0.0282     0.0911     0.0000     0.0897   0.45300710  -10.5920701   -38.619    -5.526
svysep17_gto75     geo-0001:sv1-20170921-S-28-1A      58018.202826 17-SEP-22 04:52:04.16      1.467360     3  14.50  14.50  29528.62402  0.0000000    7.9926    39.9797     0.0000   336.5079   161.74      0.04252  0.0000000    0.1169     0.3656     0.0000     0.3644   0.33363071  -10.1848172   -57.575    -3.177
svysep17_gto75     geo-0001:sv1-20170922-S-13-1A      58018.979561 17-SEP-22 23:30:34.07      2.933280     5  12.00  12.10  42084.52008  0.0000000   15.9186    39.6872     0.0000   333.5191     1.02      0.00434  0.0000000    0.0080     0.0143     0.0000     0.0137   1.16444238  -12.1741399    19.433    -7.025
svysep17_gto75     geo-0002:sv1-20170922-S-13-1A      58018.981089 17-SEP-22 23:32:46.08      2.933280     5  13.30  13.40  46414.10051  0.0000000   17.2389    38.9442     0.0000   334.7143   -54.39      0.00734  0.0000000    0.0122     0.0193     0.0000     0.0184   1.16565616  -12.0156101    19.453    -7.272
svysep17_gto75     geo-0001:sv1-20170922-S-14-1B      58019.007478 17-SEP-23 00:10:46.09      4.400640     7  15.10  15.10  53083.25110  0.0000000    9.7883   146.8852     0.0000   228.6183  -139.76      0.03638  0.0000000    0.0375     0.2532     0.0000     0.2496   1.12396415  -11.3420317    10.352    -7.329
svysep17_gto75     geo-0002:sv1-20170922-S-14-1B      58019.013080 17-SEP-23 00:18:50.11      2.933280     5  13.10  13.20  46755.53734  0.0000000    9.7856    59.8733     0.0000   314.6748   -58.77      0.00551  0.0000000    0.0070     0.0415     0.0000     0.0409   1.13011935  -11.4819673     8.212    -6.942
svysep17_gto75     geo-0003:sv1-20170922-S-14-1B      58019.020209 17-SEP-23 00:29:06.05      2.200320     4  18.60  18.70  42444.56890  0.0000000   12.1867    43.9775     0.0000   330.3701    -3.58      0.00524  0.0000000    0.0092     0.0247     0.0000     0.0241   1.12500210  -11.1949204     5.576    -5.991
svysep17_gto75     geo-0002:sv1-20170922-S-15-1B      58019.040233 17-SEP-23 00:57:56.13      2.933280     4  17.90  18.00  49269.10380  0.0000000   18.1781    36.3014     0.0000   337.8064   -90.94      0.01529  0.0000000    0.0243     0.0314     0.0000     0.0298   1.08166354  -11.2606901    -1.443    -6.768
svysep17_gto75     geo-0001:sv1-20170922-S-19-1A      58019.077389 17-SEP-23 01:51:26.40      1.465920     3  17.00  17.00  35732.38160  0.0000000    5.7496   118.7296     0.0000   256.3571    82.33      0.00935  0.0000000    0.0056     0.2243     0.0000     0.2232   1.01259232  -12.1222301   -14.950    -5.587
svysep17_gto75     geo-0001:sv1-20170922-S-20-1A      58019.096394 17-SEP-23 02:18:48.44      1.467360     3  19.10  19.10  60128.89779  0.0000000    8.6235   110.6860     0.0000   263.9101  -229.94      0.05923  0.0000000    0.0092     0.5326     0.0000     0.5266   0.55475278  -12.3122668   -22.304    -8.574
svysep17_gto75     geo-0001:sv1-20170922-S-23-1B      58019.118070 17-SEP-23 02:50:01.24      1.467360     3  12.50  12.50  42222.82560  0.0000000    9.4147    53.6996     0.0000   320.4706    -0.75      0.01238  0.0000000    0.0195     0.0976     0.0000     0.0964   0.50034459  -11.2623803   -30.105    -5.976
svysep17_gto75     geo-0002:sv1-20170922-S-23-1B      58019.131819 17-SEP-23 03:09:49.16      1.467360     3  19.80  19.90  54567.82877  0.0000000   20.6148    35.0293     0.0000   338.1890  -158.76      0.03351  0.0000000    0.0475     0.0537     0.0000     0.0504   0.49391560  -11.4414657   -35.125    -7.517
svysep17_gto75     geo-0001:sv1-20170922-S-27-1A      58019.190940 17-SEP-23 04:34:57.21      2.933280     4  10.40  10.40  48633.62471  0.0000000   30.7897   181.6324     0.0000   193.8457   -82.80      0.03978  0.0000000    0.0677     0.0344     0.0000     0.0293   0.35195571  -11.2817047   -57.374    -7.036
svysep17_gto75     geo-0004:sv1-20170922-S-27-1B      58019.190685 17-SEP-23 04:34:35.18      0.732960     2  11.10  11.10  48905.78339  0.0000000   30.3438   181.3434     0.0000   194.0116   -86.29      0.00000  0.0000000    0.0000     0.0000     0.0000     0.0000   0.35047907  -11.2559851   -57.372    -7.026
svysep17_gto75     geo-0001:sv1-20170923-S-10-1A      58020.104887 17-SEP-24 02:31:02.23      1.467360     3  15.10  15.20  32013.06645  0.0000000   15.7803   173.6857     0.0000   202.3893   129.94      0.03919  0.0000000    0.1021     0.1594     0.0000     0.1535   0.53435856  -13.3011767   -25.572    -5.946
svysep17_gto75     geo-0009:sv1-20170923-S-10-1B      58020.104632 17-SEP-24 02:30:40.20      0.732960     2  15.00  15.10  32118.58286  0.0000000   15.7765   173.5764     0.0000   202.3573   128.59      0.00000  0.0000000    0.0000     0.0000     0.0000     0.0000   0.53092570  -13.2743853   -25.620    -5.936
svysep17_gto75     geo-0001:sv1-20170923-S-11-1A      58020.119308 17-SEP-24 02:51:48.21      2.200320     3  18.60  18.60  48370.24305  0.0000000   16.9416    43.9509     0.0000   328.9838   -79.43      0.03069  0.0000000    0.0459     0.0940     0.0000     0.0900   0.48101294  -13.3555687   -32.043    -8.636
svysep17_gto75     geo-0002:sv1-20170923-S-11-1A      58020.128984 17-SEP-24 03:05:44.21      4.400640     6  18.80  18.80  56034.35899  0.0000000   10.1106    85.0524     0.0000   288.8845  -177.53      0.03503  0.0000000    0.0172     0.2769     0.0000     0.2726   0.48367353  -13.5021025   -35.368    -9.561
svysep17_gto75     geo-0001:sv1-20170923-S-11-1B      58020.121090 17-SEP-24 02:54:22.17      1.465920     3  17.30  17.30  47947.45703  0.0000000   16.8839    43.9168     0.0000   329.5688   -74.02      0.01787  0.0000000    0.0271     0.0546     0.0000     0.0523   0.50094811  -13.2704656   -32.156    -8.459
svysep17_gto75     geo-0001:sv1-20170923-S-6-1B       58020.029771 17-SEP-24 00:42:52.21      3.666240     6  16.50  16.50  53191.42139  0.0000000   15.8132    48.5314     0.0000   325.6303  -141.14      0.02071  0.0000000    0.0269     0.0667     0.0000     0.0641   1.09145354  -13.1850252     1.417    -8.849
svysep17_gto75     geo-0001:sv1-20170923-S-7-1A       58020.043937 17-SEP-24 01:03:16.15      5.133600     8  16.30  16.40  59008.00375  0.0000000   20.5023    42.6426     0.0000   330.4908  -215.60      0.00613  0.0000000    0.0075     0.0119     0.0000     0.0111   1.04109683  -14.0310325    -4.168    -9.934
svyoct17_gto105    geo-0001:sv1-20171024-S-25-1A      58051.228729 17-OCT-25 05:29:22.18      1.465920     3  14.30  14.40  31996.53674  0.0000000    9.3018   295.4117     0.0000   110.9723   130.15      0.04701  0.0000000    0.0473     0.7478     0.0000     0.7374   2.30323533    3.3842064   -69.504     8.681
svyoct17_gto105    geo-0001:sv1-20171024-S-25-1B      58051.231021 17-OCT-25 05:32:40.21      2.200320     4  16.20  16.30  42181.48079  0.0000000    8.2740   320.0496     0.0000    84.4544    -0.22      0.00646  0.0000000    0.0013     0.0912     0.0000     0.0902   2.30191303    4.2745931   -72.524     8.235
svyoct17_gto105    geo-0002:sv1-20171024-S-8-1A       58050.962144 17-OCT-24 23:05:29.24      2.933280     5  16.90  17.00  43050.84811  0.0000000    7.9321   296.5534     0.0000   107.9495   -11.35      0.00866  0.0000000    0.0055     0.1189     0.0000     0.1178   3.20483993    3.5546238    24.755     7.544
svyoct17_gto105    geo-0002:sv1-20171026-S-10-1B      58053.057919 17-OCT-27 01:23:24.20      3.666240     6  15.80  15.80  51041.15708  0.0000000   16.2567    27.3001     0.0000    17.8680  -113.62      0.00323  0.0000000    0.0051     0.0060     0.0000     0.0058   3.00226366    1.4508807   -11.958     4.927
svyoct17_gto105    geo-0003:sv1-20171026-S-10-1B      58053.066067 17-OCT-27 01:35:08.18      2.200320     4  17.00  17.00  45074.18464  0.0000000    5.9466   337.0253     0.0000    67.8527   -37.24      0.00578  0.0000000    0.0041     0.0984     0.0000     0.0979   3.00185650    1.5602691   -14.626     5.506
svyoct17_gto105    geo-0004:sv1-20171026-S-15-1B      58053.090951 17-OCT-27 02:10:58.16      0.732960     2  18.50  18.60  45685.82564  0.0000000   12.9895    21.2841     0.0000    23.6626   -45.07      0.00000  0.0000000    0.0000     0.0000     0.0000     0.0000   2.53346609    1.3626396   -23.973     5.176
svyoct17_gto105    geo-0001:sv1-20171026-S-15-1B      58053.097062 17-OCT-27 02:19:46.15      1.467360     3  19.10  19.20  41863.91573  0.0000000   14.1104    20.4872     0.0000    24.4415     3.85      0.01080  0.0000000    0.0203     0.0384     0.0000     0.0373   2.51111193    1.5613849   -26.311     5.789
svyoct17_gto105    geo-0002:sv1-20171026-S-15-1B      58053.102155 17-OCT-27 02:27:06.19      2.933280     5  17.10  17.10  48668.63878  0.0000000    5.2014   333.4637     0.0000    70.9703   -83.25      0.01083  0.0000000    0.0061     0.1968     0.0000     0.1960   2.51345752    1.3329574   -28.062     4.916
svyoct17_gto105    geo-0001:sv1-20171027-S-11-1B      58053.943995 17-OCT-27 22:39:21.16      1.465920     3  11.20  11.30  42200.66956  0.0000000   10.8911    22.2741     0.0000    22.5106    -0.46      0.00153  0.0000000    0.0029     0.0065     0.0000     0.0063   3.21274037    0.0457645    28.103     4.148
svyoct17_gto105    geo-0002:sv1-20171027-S-14-1A      58053.985581 17-OCT-27 23:39:14.19      2.933280     5  16.90  16.90  42685.06333  0.0000000    3.3870   319.6889     0.0000    85.1234    -6.66      0.00454  0.0000000    0.0008     0.1544     0.0000     0.1541   3.16228502   -0.4402280    13.477     3.375
svyoct17_gto105    geo-0001:sv1-20171027-S-14-1B      58053.973104 17-OCT-27 23:21:16.18      2.200320     4  17.50  17.50  41570.39801  0.0000000   12.6041    26.0208     0.0000    18.6741     7.60      0.00276  0.0000000    0.0054     0.0088     0.0000     0.0085   3.16444616   -0.0839880    17.452     4.006
svyoct17_gto105    geo-0003:sv1-20171027-S-14-1B      58053.986854 17-OCT-27 23:41:04.18      2.200320     4  13.70  13.80  44419.90956  0.0000000    3.8721   322.6846     0.0000    82.4493   -28.87      0.00701  0.0000000    0.0018     0.1985     0.0000     0.1980   3.16494179   -0.0205419    13.330     3.838
svyoct17_gto105    geo-0002:sv1-20171027-S-26-1A      58054.124933 17-OCT-28 02:59:54.21      3.666240     6  18.10  18.20  58896.23716  0.0000000    3.3701   274.3765     0.0000   129.0314  -214.17      0.01021  0.0000000    0.0091     0.1885     0.0000     0.1881   2.45034417   -0.2005421   -38.175     2.617
svyoct17_gto105    geo-0002:sv1-20171027-S-27-1B      58054.144887 17-OCT-28 03:28:38.23      2.200320     4  18.60  18.60  41058.32319  0.0000000    4.5575   300.0169     0.0000   104.3804    14.16      0.00390  0.0000000    0.0021     0.1002     0.0000     0.0999   2.41108346    0.1453704   -44.393     4.414
svyoct17_gto105    geo-0001:sv1-20171028-S-14-1A      58055.157074 17-OCT-29 03:46:11.19      2.200320     4  18.20  18.20  42846.99512  0.0000000    3.1979   262.9391     0.0000   141.1923    -8.74      0.01483  0.0000000    0.0233     0.3334     0.0000     0.3327   2.38120028   -2.1523914   -50.044     2.004
svyoct17_gto105    geo-0003:sv1-20171028-S-14-1A      58055.171843 17-OCT-29 04:07:27.23      3.666240     6  18.30  18.40  48962.98315  0.0000000    7.5742   236.5298     0.0000   167.3500   -87.02      0.00599  0.0000000    0.0101     0.0173     0.0000     0.0170   2.37522707   -2.0225504   -55.564     1.654
svyoct17_gto105    geo-0004:sv1-20171028-S-14-1A      58055.172861 17-OCT-29 04:08:55.19      3.666240     6  14.10  14.10  47747.17017  0.0000000   16.0935    38.1781     0.0000     6.1731   -71.46      0.00203  0.0000000    0.0036     0.0015     0.0000     0.0015   2.37464016   -2.0501457   -55.807     1.708
svyoct17_gto105    geo-0001:sv1-20171028-S-14-1B      58055.167005 17-OCT-29 04:00:29.23      2.200320     4  18.70  18.80  42916.76872  0.0000000    3.1202   300.7475     0.0000   103.7518    -9.63      0.00437  0.0000000    0.0022     0.1560     0.0000     0.1557   2.38079233   -1.0547529   -53.285     3.031
svyoct17_gto105    geo-0001:sv1-20171028-S-19-1B      58055.201380 17-OCT-29 04:49:59.23      2.200320     4  17.70  17.70  41548.72736  0.0000000    3.6052   286.3409     0.0000   118.1643     7.88      0.00354  0.0000000    0.0035     0.1027     0.0000     0.1024   2.32379293   -1.0340558   -65.661     3.178
svyoct17_gto105    geo-0002:sv1-20171028-S-19-1B      58055.202907 17-OCT-29 04:52:11.16      1.467360     3  18.60  18.70  39392.90646  0.0000000    3.2619   302.6588     0.0000   102.3614    35.48      0.00631  0.0000000    0.0031     0.2376     0.0000     0.2372   2.33016637   -1.1821726   -65.725     3.186
svyoct17_gto105    geo-0003:sv1-20171028-S-20-1A      58055.216565 17-OCT-29 05:11:51.21      0.732960     2  15.00  15.00  24011.87324  0.0000000    6.3740   354.2242     0.0000    55.6865   232.35      0.00000  0.0000000    0.0000     0.0000     0.0000     0.0000   2.31301326   -2.1404518   -65.950     5.261
svyoct17_gto105    geo-0001:sv1-20171028-S-20-1A      58055.224204 17-OCT-29 05:22:51.22      2.933280     5  14.90  15.00  44606.16845  0.0000000    1.6986   318.9325     0.0000    85.1684   -31.25      0.00889  0.0000000    0.0016     0.5727     0.0000     0.5725   2.30210574   -2.1854680   -74.353     1.693
svyoct17_gto105    geo-0002:sv1-20171028-S-20-1A      58055.226241 17-OCT-29 05:25:47.22      5.133600     7  16.80  16.90  55316.45427  0.0000000   26.3401    41.0340     0.0000     2.0609  -168.35      0.01788  0.0000000    0.0273     0.0027     0.0000     0.0032   2.30250568   -2.1843133   -76.306     0.914
svyoct17_gto105    geo-0001:sv1-20171028-S-8-1A       58055.039829 17-OCT-29 00:57:21.22      0.732960     2  13.70  13.70  42042.30868  0.0000000   11.1879    34.4563     0.0000    10.0914     1.56      0.00000  0.0000000    0.0000     0.0000     0.0000     0.0000   3.03066338   -2.2751945    -7.536     1.948
svyoct17_gto105    geo-0001:sv1-20171029-S-12-1A      58055.974462 17-OCT-29 23:23:13.51      2.200320     4  18.80  18.80  47706.71002  0.0000000    3.2118   231.6807     0.0000   173.3601   -70.94      0.01252  0.0000000    0.0221     0.0476     0.0000     0.0480   3.16187796   -3.3419873    15.767     0.371
svyoct17_gto105    geo-0001:sv1-20171029-S-12-1B      58055.987448 17-OCT-29 23:41:55.50      2.200320     4  13.90  14.00  42113.39417  0.0000000   10.8321    35.8434     0.0000     9.2647     0.65      0.00192  0.0000000    0.0039     0.0037     0.0000     0.0036   3.15553542   -2.3909046    10.973     1.734
svyoct17_gto105    geo-0002:sv1-20171029-S-12-1B      58055.987448 17-OCT-29 23:41:55.50      2.933280     5  16.00  16.10  50058.34161  0.0000000    2.8504    30.9922     0.0000    14.5152  -101.04      0.01318  0.0000000    0.0215     0.1159     0.0000     0.1156   3.15292725   -3.0028468    11.518     0.714
svyoct17_gto105    geo-0001:sv1-20171029-S-24-1B      58056.078984 17-OCT-30 01:53:44.21      2.933280     4  17.60  17.60  40601.74729  0.0000000    5.2394    23.5300     0.0000    20.6195    20.00      0.00840  0.0000000    0.0168     0.0714     0.0000     0.0712   2.52194638   -2.4624498   -22.945     1.843
svyoct17_gto105    geo-0001:sv1-20171029-S-26-1A      58056.123845 17-OCT-30 02:58:20.20      2.200320     4  19.70  19.70  43971.04129  0.0000000    2.8535   240.8939     0.0000   163.7354   -23.12      0.02841  0.0000000    0.0532     0.3123     0.0000     0.3116   2.46156866   -3.3130190   -38.561     0.799
svyoct17_gto105    geo-0001:sv1-20171029-S-30-1A      58056.146162 17-OCT-30 03:30:28.39      2.933280     5  16.70  16.80  42021.28956  0.0000000   11.7720    40.9065     0.0000     3.3510     1.83      0.02303  0.0000000    0.0470     0.0179     0.0000     0.0190   2.39172144   -3.5034767   -47.079     0.683
svyoct17_gto105    geo-0004:sv1-20171029-S-30-1A      58056.156347 17-OCT-30 03:45:08.38      2.200320     3  19.30  19.40  47566.98467  0.0000000    5.2528    37.1633     0.0000     6.9236   -69.15      0.00264  0.0000000    0.0046     0.0068     0.0000     0.0068   2.39254907   -3.1757655   -50.884     0.632
svyoct17_gto105    geo-0003:sv1-20171029-S-30-1A      58056.156857 17-OCT-30 03:45:52.44      1.465920     3  16.30  16.40  48188.95289  0.0000000   16.2514    44.1414     0.0000     0.0430   -77.11      0.02192  0.0000000    0.0385     0.0043     0.0000     0.0063   2.40083804   -3.5530887   -50.944     0.012
svyoct17_gto105    geo-0001:sv1-20171029-S-30-1B      58056.145398 17-OCT-30 03:29:22.38      2.200320     3  19.40  19.40  45293.55040  0.0000000    1.0255   295.2616     0.0000   108.7280   -40.05      0.02671  0.0000000    0.0165     2.6576     0.0000     2.6572   2.39572106   -3.0932732   -46.998     0.971
svyoct17_gto105    geo-0002:sv1-20171029-S-30-1B      58056.147435 17-OCT-30 03:32:18.38      2.200320     4  18.50  18.60  40407.66844  0.0000000    7.0507   238.7743     0.0000   165.6587    22.49      0.04139  0.0000000    0.0862     0.1814     0.0000     0.1792   2.39502929   -2.5106933   -47.188     1.742
svyoct17_gto105    geo-0004:sv1-20171029-S-30-1B      58056.159148 17-OCT-30 03:49:10.38      2.200320     4  12.20  12.20  42215.16584  0.0000000   11.8217    38.4928     0.0000     6.4414    -0.65      0.00450  0.0000000    0.0091     0.0055     0.0000     0.0056   2.39524195   -3.0524589   -51.155     1.317
svynov17_gto75     geo-0001:sv1-20171119-S-10-1A      58076.920407 17-NOV-19 22:05:23.16      2.933280     5  18.70  18.70  41845.00685  0.0000000    8.0121   325.2211     0.0000    78.9629     4.09      0.00315  0.0000000    0.0012     0.0459     0.0000     0.0455   3.14051828    4.1456006    13.608     7.863
svynov17_gto75     geo-0009:sv1-20171119-S-10-1A      58076.936704 17-NOV-19 22:28:51.22      0.732960     2  19.40  19.50  42803.94107  0.0000000    7.9629   303.5652     0.0000   101.2727    -8.18      0.00000  0.0000000    0.0000     0.0000     0.0000     0.0000   3.14330689    4.1829500     8.592     7.808
svynov17_gto75     geo-0001:sv1-20171119-S-15-1A      58076.962954 17-NOV-19 23:06:39.22      2.933280     4  15.70  15.80  43945.66427  0.0000000   15.9193    17.8946     0.0000    27.2316   -22.80      0.00350  0.0000000    0.0061     0.0117     0.0000     0.0113   3.05438718    3.4612405    -1.604     7.210
svynov17_gto75     geo-0003:sv1-20171119-S-15-1B      58076.977468 17-NOV-19 23:27:33.23      0.732960     2  10.80  10.90  26477.39103  0.0000000   56.4796    37.4765     0.0000    12.0164   200.79      0.00000  0.0000000    0.0000     0.0000     0.0000     0.0000   3.07295533    4.2626938    -6.888     9.995
svynov17_gto75     geo-0001:sv1-20171121-S-14-1B      58079.094007 17-NOV-22 02:15:22.20      1.467360     3  17.20  17.20  47947.96706  0.0000000   16.6099     5.8215     0.0000    39.0632   -74.03      0.02101  0.0000000    0.0289     0.0824     0.0000     0.0791   2.37359622    7.3117546   -51.413    10.378
svynov17_gto75     geo-0002:sv1-20171121-S-2-1A       58078.983972 17-NOV-21 23:36:55.18      2.200320     3  18.70  18.80  42706.81371  0.0000000   10.3429   319.9782     0.0000    84.1165    -6.94      0.00593  0.0000000    0.0012     0.0667     0.0000     0.0656   2.59187815    7.1427383   -11.389    10.288
svynov17_gto75     geo-0001:sv1-20171121-S-2-1A       58078.983972 17-NOV-21 23:36:55.18      1.467360     3  16.80  16.80  39327.74150  0.0000000   10.9859   324.1498     0.0000    80.1027    36.31      0.00353  0.0000000    0.0014     0.0408     0.0000     0.0401   2.59598071    7.3333867   -11.316    10.820
svynov17_gto75     geo-0001:sv1-20171121-S-2-1B       58078.983718 17-NOV-21 23:36:33.23      1.467360     3  16.80  16.80  39336.81598  0.0000000   10.9837   324.1020     0.0000    80.0478    36.19      0.00148  0.0000000    0.0006     0.0171     0.0000     0.0168   2.59344045    7.3320155   -11.328    10.816
svynov17_gto75     geo-0002:sv1-20171121-S-2-1B       58079.002051 17-NOV-22 00:02:57.20      2.933280     5  17.00  17.00  42168.89793  0.0000000   10.7090   311.5616     0.0000    93.1861    -0.06      0.00243  0.0000000    0.0003     0.0268     0.0000     0.0264   2.59003624    7.4016741   -17.110    10.692
svynov17_gto75     geo-0001:sv1-20171121-S-8-1A       58079.033648 17-NOV-22 00:48:27.18      2.933280     4  17.90  17.90  44187.65039  0.0000000   10.0762   312.8498     0.0000    91.2614   -25.90      0.00462  0.0000000    0.0004     0.0514     0.0000     0.0506   2.49143835    7.0508049   -29.189    10.074
svynov17_gto75     geo-0002:sv1-20171121-S-8-1A       58079.038232 17-NOV-22 00:55:03.24      2.933280     5  17.00  17.00  46614.67565  0.0000000   10.2834   306.6576     0.0000    97.3909   -56.96      0.00285  0.0000000    0.0007     0.0290     0.0000     0.0285   2.48567490    7.2348510   -30.807    10.197
