Campaign           Name                              Osc_epoch     Date      Time        arcl [min]    # obs mag_c   mag_u  a(km)        e          i(dg)     raan(dg)   w(dg)      s(dg)      dn(dg/d) da(km)       de         di(dg)    draan(dg)  dw(dg)     ds(dg)     R.A.(h)      Decl.(dg)    lon(dg)   lat(dg)  
followjan08b       geo-0009:sv2-20080103-U-11-1       54469.086913 08-JAN-04 02:05:09.28      2.583360     6  13.30  13.60  42529.64307  0.0000000   15.2363     1.3410     0.0000    61.2744    -4.67      0.00358  0.0000000    0.0034     0.0242     0.0000     0.0234   3.39110269    9.5956970   -72.618    13.324
svyjan08           geo-0014:sv1-20080105-S-1-1A       54470.828612 08-JAN-05 19:53:12.07      1.032480     2  19.30  19.40  42920.26035  0.0000000   12.1583   317.0152     0.0000   109.7506    -9.67      0.00000  0.0000000    0.0000     0.0000     0.0000     0.0000   4.50540593    8.1445641    24.094    11.433
svyjan08           geo-0005:sv1-20080105-S-2-1A       54470.851138 08-JAN-05 20:25:38.32      3.100320     2  15.10  15.30  77992.66343  0.0000000   27.3092   269.6066     0.0000   157.0343  -458.60      0.00000  0.0000000    0.0000     0.0000     0.0000     0.0000   4.45588930    8.3805735    17.753    10.312
svyjan08           geo-0075:sv1-20080105-S-2-1B       54470.869436 08-JAN-05 20:51:59.27      1.032480     2  16.00  16.20  40603.22626  0.0000000   13.0241     1.5175     0.0000    66.4957    19.98      0.00000  0.0000000    0.0000     0.0000     0.0000     0.0000   4.46158650    8.4824823     9.636    11.927
svyjan08           geo-0072:sv1-20080105-S-3-1A       54470.894016 08-JAN-05 21:27:22.98      3.100320     3  16.70  16.90  74538.93204  0.0000000   24.9605   272.2270     0.0000   154.6597  -414.39      0.04703  0.0000000    0.0462     0.0516     0.0000     0.0469   4.42066902    8.4428907     2.293    10.405
svyjan08           geo-0011:sv1-20080105-S-3-1B       54470.879305 08-JAN-05 21:06:11.95      1.033920     2  17.80  18.00  35730.76536  0.0000000   13.5775   358.3342     0.0000    68.6369    82.35      0.00000  0.0000000    0.0000     0.0000     0.0000     0.0000   4.41406267    9.1129781     5.026    12.629
svyjan08           geo-0054:sv1-20080105-S-3-1B       54470.892940 08-JAN-05 21:25:50.01      1.033920     2  17.70  17.90  74216.77841  0.0000000   24.9953   272.1986     0.0000   154.5103  -410.27      0.00000  0.0000000    0.0000     0.0000     0.0000     0.0000   4.41337437    8.4836672     2.519    10.477
svyjan08           geo-0001:sv1-20080106-S-1-1A       54471.817699 08-JAN-06 19:37:29.19      1.033920     2  17.80  18.00  39992.98076  0.0000000   11.9380   335.1388     0.0000    91.5827    27.80      0.00000  0.0000000    0.0000     0.0000     0.0000     0.0000   4.52078973    8.2956442    26.621    11.933
svyjan08           geo-0027:sv1-20080106-S-1-1B       54471.825233 08-JAN-06 19:48:20.13      1.033920     2  19.30  19.50  36143.69183  0.0000000   13.9928     2.8561     0.0000    63.9254    77.07      0.00000  0.0000000    0.0000     0.0000     0.0000     0.0000   4.50561442    8.5015921    23.239    12.544
svyjan08           geo-0045:sv1-20080106-S-1-1B       54471.828104 08-JAN-06 19:52:28.18      1.033920     2  16.20  16.40  35561.15486  0.0000000   13.7031     1.6524     0.0000    65.1439    84.52      0.00000  0.0000000    0.0000     0.0000     0.0000     0.0000   4.51107544    8.3806495    22.268    12.412
svyjan08           geo-0055:sv1-20080106-S-1-1B       54471.829539 08-JAN-06 19:54:32.16      2.066400     3   6.50  19.60  70689.16413  0.0000000   17.8829    34.1496     0.0000    36.7149  -365.12      0.43618  0.0000000    0.4093     1.0014     0.0000     0.9518   4.51108314    8.4017047    25.105    10.578
svyjan08           geo-0041:sv1-20080106-S-2-1A       54471.854620 08-JAN-06 20:30:39.16      3.100320     2  18.90  19.10  62637.79079  0.0000000   34.2482    53.3838     0.0000    18.5782  -262.06      0.00000  0.0000000    0.0000     0.0000     0.0000     0.0000   4.47401924    8.1320341    15.448    10.329
svyjan08           geo-0005:sv1-20080106-S-2-1B       54471.840627 08-JAN-06 20:10:30.17      1.033920     2  17.80  18.00  43792.25865  0.0000000   12.1939   348.4112     0.0000    79.0853   -20.84      0.00000  0.0000000    0.0000     0.0000     0.0000     0.0000   4.48300640    8.5946445    18.839    11.970
svyjan08           geo-0013:sv1-20080106-S-2-1B       54471.844215 08-JAN-06 20:15:40.17      2.066400     3  15.80  16.00  40601.25537  0.0000000   13.0260     1.5252     0.0000    65.8212    20.01      0.00292  0.0000000    0.0025     0.0254     0.0000     0.0248   4.47288784    8.3808945    17.076    11.866
svyjan08           geo-0023:sv1-20080106-S-2-1B       54471.847803 08-JAN-06 20:20:50.17      1.032480     2  18.70  18.90  40698.16913  0.0000000   13.7497     5.5028     0.0000    62.2015    18.77      0.00000  0.0000000    0.0000     0.0000     0.0000     0.0000   4.47495298    8.5810186    16.009    12.137
svyjan08           geo-0061:sv1-20080106-S-2-1B       54471.858567 08-JAN-06 20:36:20.18      2.067840     3  17.50  17.70  42518.68741  0.0000000   12.1615   341.8112     0.0000    85.8978    -4.53      0.00789  0.0000000    0.0012     0.0761     0.0000     0.0744   4.47395212    9.0943755    12.727    12.130
svyjan08           geo-0017:sv1-20080106-S-3-1B       54471.867503 08-JAN-06 20:49:12.25      2.066400     3  11.10  16.90  44264.06388  0.0000000   11.6185   335.9540     0.0000    91.0953   -26.87      0.00712  0.0000000    0.0006     0.0687     0.0000     0.0673   4.42484669    8.4524241     8.959    11.616
svyjan08           geo-0032:sv1-20080108-S-1-1A       54473.828059 08-JAN-08 19:52:24.29      1.033920     2  17.90  18.10  42884.70313  0.0000000   14.4995    15.1943     0.0000    53.0566    -9.22      0.00000  0.0000000    0.0000     0.0000     0.0000     0.0000   4.50321399    8.2416790    21.510    11.543
svyjan08           geo-0058:sv1-20080108-S-1-1A       54473.834517 08-JAN-08 20:01:42.26      1.033920     2  19.30  19.50  38919.23933  0.0000000   13.3868   306.5564     0.0000   119.8360    41.54      0.00000  0.0000000    0.0000     0.0000     0.0000     0.0000   4.50339749    8.0734461    18.901    11.586
svyjan08           geo-0005:sv1-20080204-S-12-1A      54500.954075 08-FEB-04 22:53:52.08      1.032480     2  17.90  18.80  32533.58168  0.0000000   12.5883   350.3119     0.0000    78.2262   123.28      0.00000  0.0000000    0.0000     0.0000     0.0000     0.0000   4.07106196    8.1253396   -49.692    12.319
svyjan08           geo-0058:sv1-20080204-S-4-1B       54500.886831 08-FEB-04 21:17:02.19      2.066400     3  16.40  17.10  42882.97665  0.0000000   12.8757   359.6420     0.0000    68.3972    -9.20      0.01242  0.0000000    0.0092     0.1048     0.0000     0.1022   4.24178769    9.1009487   -26.139    11.957
svyfeb08           geo-0023:sv1-20080205-S-2-1A       54501.855674 08-FEB-05 20:32:10.23      2.066400     3  12.10  12.10  42167.35622  0.0000000   13.8569     5.1391     0.0000   117.5366    -0.04      0.00604  0.0000000    0.0057     0.0454     0.0000     0.0441   8.41352556    8.4828112    39.962    12.261
svyfeb08           geo-0021:sv1-20080205-S-4-1A       54501.888877 08-FEB-05 21:19:58.97      2.067840     3  16.90  16.90  45146.04702  0.0000000   13.7167     6.8986     0.0000   116.4159   -38.16      0.00587  0.0000000    0.0050     0.0420     0.0000     0.0408   8.38374990    9.1545688    28.582    12.261
svyfeb08           geo-0027:sv1-20080205-S-4-1A       54501.891030 08-FEB-05 21:23:04.99      2.066400     3  17.70  17.80  47238.75151  0.0000000   15.9111   354.8798     0.0000   128.3523   -64.95      0.00532  0.0000000    0.0060     0.0274     0.0000     0.0263   8.38467279    9.3512870    28.150    12.415
svyfeb08           geo-0057:sv1-20080205-S-4-1A       54501.895335 08-FEB-05 21:29:16.94      2.066400     2  16.60  16.70  43546.91250  0.0000000   14.9173   357.4468     0.0000   125.4938   -17.69      0.00000  0.0000000    0.0000     0.0000     0.0000     0.0000   8.38108782    9.0001618    26.144    12.098
svyfeb08           geo-0061:sv1-20080205-S-4-1A       54501.896771 08-FEB-05 21:31:21.01      2.066400     3  18.70  18.80  42540.34826  0.0000000   14.1846     5.1104     0.0000   118.0269    -4.81      0.00365  0.0000000    0.0035     0.0265     0.0000     0.0257   8.38376945    9.2156476    25.631    12.492
svyfeb08           geo-0013:sv1-20080205-S-6-1A       54501.917330 08-FEB-05 22:00:57.31      2.066400     3  18.70  18.70  42184.07290  0.0000000   14.2799     4.8954     0.0000   117.6884    -0.25      0.00115  0.0000000    0.0011     0.0084     0.0000     0.0081   8.33090661    9.3634599    17.660    12.616
svyfeb08           geo-0029:sv1-20080205-S-6-1A       54501.924506 08-FEB-05 22:11:17.31      1.032480     2  18.80  18.80  41377.01265  0.0000000   15.6805   357.9093     0.0000   124.7383    10.08      0.00000  0.0000000    0.0000     0.0000     0.0000     0.0000   8.33514767    9.4927956    15.411    12.832
svyfeb08           geo-0067:sv1-20080205-S-6-1A       54501.932400 08-FEB-05 22:22:39.36      2.066400     3  18.60  18.60  42349.72180  0.0000000   12.7250    20.1866     0.0000   103.4628    -2.37      0.00321  0.0000000    0.0016     0.0289     0.0000     0.0282   8.33158828    9.2450254    12.866    12.370
svyfeb08           geo-0064:sv1-20080205-S-6-1B       54501.925582 08-FEB-05 22:12:50.28      2.066400     3  16.80  16.90  41031.25297  0.0000000   14.9003    60.5570     0.0000    63.6911    14.51      0.01692  0.0000000    0.0158     0.1258     0.0000     0.1215   8.32561628   10.2209350    14.813    13.327
svyfeb08           geo-0011:sv1-20080205-S-7-1A       54501.939897 08-FEB-05 22:33:27.10      2.066400     3  12.90  12.90  42065.13292  0.0000000   14.6973     2.0039     0.0000   120.4523     1.27      0.00422  0.0000000    0.0044     0.0294     0.0000     0.0285   8.28546820    9.4417201     9.479    12.633
svyfeb08           geo-0018:sv1-20080205-S-7-1A       54501.942050 08-FEB-05 22:36:33.12      2.066400     3  17.80  17.80  43376.59780  0.0000000   13.9744     5.7312     0.0000   117.0727   -15.51      0.00923  0.0000000    0.0084     0.0675     0.0000     0.0655   8.28546518    9.3555363     8.914    12.417
svyfeb08           geo-0083:sv1-20080205-S-7-1B       54501.951737 08-FEB-05 22:50:30.07      1.032480     2  16.00  16.10  35747.02925  0.0000000   18.8583   348.0322     0.0000   133.4769    82.14      0.00000  0.0000000    0.0000     0.0000     0.0000     0.0000   8.28250786   10.1746265     4.998    13.565
svyfeb08_iadc      geo-0028:sv1-20080211-S-12-1B      54507.945997 08-FEB-11 22:42:14.14      4.132800     4   9.90   9.90  52088.67937  0.0000000   14.0033   335.3807     0.0000   148.9980  -127.03      0.01132  0.0000000    0.0157     0.0385     0.0000     0.0374   8.29579263    4.1726632     3.204     7.160
svyfeb08_iadc      geo-0048:sv1-20080211-S-7-1A       54507.888879 08-FEB-11 21:19:59.14      2.066400     3  15.40  15.50  61909.33379  0.0000000    8.7759    86.6603     0.0000    40.3513  -252.73      0.04843  0.0000000    0.0495     0.2777     0.0000     0.2743   8.41424292    3.0531563    25.365     5.669
svyfeb08_iadc      geo-0030:sv1-20080211-S-7-1B       54507.880627 08-FEB-11 21:08:06.17      3.100320     4  17.70  17.70  52349.25560  0.0000000    9.1895    75.3614     0.0000    50.7795  -130.36      0.00847  0.0000000    0.0086     0.0668     0.0000     0.0659   8.41467763    4.0745571    27.443     7.107
svymar08           geo-0033:sv1-20080301-S-2-1B       54526.918818 08-MAR-01 22:03:05.87      1.035360     2  17.10  17.10  49674.31905  0.0000000   22.9917   355.6862     0.0000   150.6626   -96.13      0.00000  0.0000000    0.0000     0.0000     0.0000     0.0000  10.09404916    8.2136077    17.482    11.033
svymar08           geo-0048:sv1-20080301-S-39-1A      54527.269126 08-MAR-02 06:27:32.48      1.033920     2  14.80  14.80  41267.95210  0.0000000    9.2408    54.7332     0.0000   129.7073    11.48      0.00000  0.0000000    0.0000     0.0000     0.0000     0.0000  11.51092276    3.0822269   -72.496     7.096
svymar08           geo-0054:sv1-20080301-S-5-1B       54526.963012 08-MAR-01 23:06:44.23      1.038240     2  16.60  16.60  34380.19395  0.0000000   13.1770    32.6600     0.0000   113.4837    99.64      0.00000  0.0000000    0.0000     0.0000     0.0000     0.0000   9.59482134    8.2418381    -0.094    12.068
svymar08           geo-0017:sv1-20080304-S-23-1A      54530.256117 08-MAR-05 06:08:48.50      1.033920     2  10.80  10.80  42192.31072  0.0000000   10.3790    49.4288     0.0000   134.9149    -0.36      0.00000  0.0000000    0.0000     0.0000     0.0000     0.0000  11.52182997    3.2954645   -70.749     7.330
svymar08_iadc      geo-0024:sv1-20080306-S-11-1A      54531.954161 08-MAR-06 22:53:59.51      1.031040     2  16.70  16.80  37344.28234  0.0000000   11.9496    12.5487     0.0000   139.6082    61.70      0.00000  0.0000000    0.0000     0.0000     0.0000     0.0000  10.25320322    3.3551529     4.240     7.711
svymar08_iadc      geo-0048:sv1-20080306-S-11-1A      54531.961335 08-MAR-06 23:04:19.34      1.035360     2  18.00  18.10  49133.26797  0.0000000   17.8812   354.0208     0.0000   159.2170   -89.20      0.00000  0.0000000    0.0000     0.0000     0.0000     0.0000  10.26356556    3.0435915     3.037     6.255
svymar08_iadc      geo-0050:sv1-20080306-S-11-1A      54531.961335 08-MAR-06 23:04:19.34      2.069280     3  12.40  12.40  41589.85705  0.0000000   13.6507     5.0669     0.0000   147.6346     7.36      0.00372  0.0000000    0.0066     0.0175     0.0000     0.0170  10.25229623    3.3405949     2.315     7.258
svymar08_iadc      geo-0054:sv1-20080306-S-11-1A      54531.962055 08-MAR-06 23:05:21.55      2.063520     3  13.10  13.10  42509.71825  0.0000000   15.2634     0.9715     0.0000   151.6730    -4.42      0.00369  0.0000000    0.0066     0.0134     0.0000     0.0130  10.25121275    3.3400425     2.111     7.176
svymar08_iadc      geo-0014:sv1-20080306-S-11-1B      54531.950929 08-MAR-06 22:49:20.26      1.038240     2  16.70  16.80  48384.82230  0.0000000   12.7521     8.5090     0.0000   144.2212   -79.62      0.00000  0.0000000    0.0000     0.0000     0.0000     0.0000  10.25129482    4.1859708     6.038     7.415
svymar08_iadc      geo-0024:sv1-20080306-S-14-1A      54531.987379 08-MAR-06 23:41:49.54      2.067840     3  18.70  18.70  51042.67345  0.0000000   14.1267     0.7445     0.0000   151.9828  -113.64      0.02042  0.0000000    0.0298     0.0646     0.0000     0.0628  10.18320193    3.3556308    -7.076     6.583
svymar08_iadc      geo-0032:sv1-20080306-S-14-1A      54531.990250 08-MAR-06 23:45:57.60      4.132800     2  17.60  17.60  57141.34066  0.0000000   12.3695     3.8091     0.0000   149.0653  -191.70      0.00000  0.0000000    0.0000     0.0000     0.0000     0.0000  10.17351347    3.3951724    -8.098     6.322
svymar08           geo-0012:sv1-20080307-S-36-1A      54533.248073 08-MAR-08 05:57:13.50      3.100320     4  16.40  16.40  48829.59158  0.0000000    8.0822    56.6758     0.0000   126.4577   -85.31      0.00619  0.0000000    0.0065     0.0617     0.0000     0.0611  11.50156742    3.0917619   -72.211     6.493
svymar08_iadc      geo-0017:sv1-20080309-S-10-1A      54534.919832 08-MAR-09 22:04:33.48      1.038240     2  15.30  15.30  59207.44684  0.0000000    8.1464     5.1188     0.0000   149.2617  -218.15      0.00000  0.0000000    0.0000     0.0000     0.0000     0.0000  10.31095733    1.2049941    15.536     4.153
svymar08_iadc      geo-0009:sv1-20080309-S-14-1A      54534.959207 08-MAR-09 23:01:15.48      2.063520     3  17.70  17.80  41675.64176  0.0000000    5.0869    67.7669     0.0000    85.1585     6.26      0.03917  0.0000000    0.0075     0.9152     0.0000     0.9115  10.21348746    1.0352026    -0.407     5.069
svymar08_iadc      geo-0024:sv1-20080309-S-14-1A      54534.967099 08-MAR-09 23:12:37.35      1.035360     2  13.40  13.40  40859.06220  0.0000000   21.0671   346.0312     0.0000   166.2598    16.71      0.00000  0.0000000    0.0000     0.0000     0.0000     0.0000  10.21196727    0.4635849    -2.984     4.898
svymar08_iadc      geo-0009:sv1-20080309-S-14-1B      54534.958131 08-MAR-09 22:59:42.51      1.028160     2  12.60  12.60  43373.48127  0.0000000   72.0384   151.7553     0.0000     4.3790   -15.47      0.00000  0.0000000    0.0000     0.0000     0.0000     0.0000  10.22158415    0.1239853     0.183     4.165
svymar08_iadc      geo-0013:sv1-20080309-S-14-1B      54534.959566 08-MAR-09 23:01:46.50      1.033920     2  15.50  15.50  40250.20102  0.0000000   17.6346   347.7081     0.0000   164.5256    24.50      0.00000  0.0000000    0.0000     0.0000     0.0000     0.0000  10.22002354    0.2402836    -0.515     4.636
svymar08_iadc      geo-0008:sv1-20080309-S-9-1A       54534.890110 08-MAR-09 21:21:45.50      3.100320     4  17.80  17.80  48778.87954  0.0000000   15.0126   350.9604     0.0000   162.0764   -84.66      0.01307  0.0000000    0.0216     0.0266     0.0000     0.0259  10.33450678    1.0748769    25.241     4.572
svymar08_iadc      geo-0012:sv1-20080309-S-9-1A       54534.893700 08-MAR-09 21:26:55.68      4.128480     4  14.00  14.00  65035.26459  0.0000000    4.4149    95.8770     0.0000    59.1014  -292.75      0.01525  0.0000000    0.0099     0.2168     0.0000     0.2161  10.33455814    1.1243388    25.237     3.787
svymar08_iadc      geo-0003:sv1-20080309-S-9-1B       54534.888315 08-MAR-09 21:19:10.41      1.039680     2  18.90  19.00  51433.41925  0.0000000    4.2210    38.2120     0.0000   115.9263  -118.64      0.00000  0.0000000    0.0000     0.0000     0.0000     0.0000  10.35242308    0.2844231    26.477     3.796
svyapr08           geo-0067:sv1-20080401-S-40-1A      54558.239310 08-APR-02 05:44:36.38      1.035360     2  12.50  12.60  32828.44983  0.0000000   10.5722   349.3547     0.0000   233.7451   119.50      0.00000  0.0000000    0.0000     0.0000     0.0000     0.0000  14.22265661  -15.3342759   -54.466    -8.508
svyapr08           geo-0010:sv1-20080401-S-40-1B      54558.223883 08-APR-02 05:22:23.49      2.066400     3  18.80  18.90  41216.45555  0.0000000    9.6055   330.3417     0.0000   250.6789    12.13      0.00641  0.0000000    0.0044     0.0754     0.0000     0.0743  14.23026779  -14.4223528   -50.761    -9.060
svyapr08           geo-0028:sv1-20080401-S-40-1B      54558.229624 08-APR-02 05:30:39.51      1.033920     2  17.50  17.60  41289.46692  0.0000000   10.1564   334.0700     0.0000   247.3186    11.20      0.00000  0.0000000    0.0000     0.0000     0.0000     0.0000  14.23250443  -14.5901760   -52.535    -9.364
svyapr08_iadc      geo-0022:sv1-20080402-S-10-1A      54558.989184 08-APR-02 23:44:25.49      3.100320     4   9.70   9.80  46966.68024  0.0000000    7.6256   142.7661     0.0000    37.8954   -61.47      0.03416  0.0000000    0.0486     0.2894     0.0000     0.2868  12.06402172    1.0759739    -7.375     4.675
svyapr08_iadc      geo-0028:sv1-20080402-S-10-1A      54558.994206 08-APR-02 23:51:39.39      2.069280     3  11.50  11.50  52405.01793  0.0000000    6.4591    42.4964     0.0000   138.1283  -131.08      0.04137  0.0000000    0.0493     0.3910     0.0000     0.3886  12.06586611    1.0758116    -8.797     4.306
svyapr08_iadc      geo-0028:sv1-20080402-S-10-1B      54558.985952 08-APR-02 23:39:46.25      3.100320     4   9.80   9.80  48787.97613  0.0000000   18.3517   169.6200     0.0000    11.3361   -84.78      0.06000  0.0000000    0.1025     0.0691     0.0000     0.0654  12.06569731    0.0036012    -6.230     3.548
svyapr08_iadc      geo-0030:sv1-20080402-S-10-1B      54558.986673 08-APR-02 23:40:48.54      3.100320     4  13.50  13.50  52895.91632  0.0000000   10.7719    20.0273     0.0000   160.0673  -137.36      0.04868  0.0000000    0.0725     0.1395     0.0000     0.1373  12.06288830    0.2605649    -6.465     3.653
svyapr08_iadc      geo-0028:sv1-20080404-S-14-1A      54561.243815 08-APR-05 05:51:05.61      1.033920     2  11.00  11.00  34675.68341  0.0000000    3.1013    66.0476     0.0000   145.5124    95.86      0.00000  0.0000000    0.0000     0.0000     0.0000     0.0000  13.33330591   -3.3105462   -70.081     1.755
svyapr08_iadc      geo-0033:sv1-20080405-S-1-1A       54561.894300 08-APR-05 21:27:47.52      1.033920     2  11.00  11.00  32429.86160  0.0000000    8.7022   177.5615     0.0000     1.1026   124.60      0.00000  0.0000000    0.0000     0.0000     0.0000     0.0000  12.23132943   -5.5322770    22.156     0.167
svyapr08_iadc      geo-0030:sv1-20080405-S-1-1B       54561.889636 08-APR-05 21:21:04.55      2.063520     3  17.40  17.50  62920.54226  0.0000000   10.3810   195.1122     0.0000   346.7766  -265.68      0.02583  0.0000000    0.0331     0.0434     0.0000     0.0425  12.23334611   -5.2550382    27.286    -2.362
svyapr08_iadc      geo-0016:sv1-20080405-S-21-1B      54562.060064 08-APR-06 01:26:29.52      1.033920     2  18.80  18.80  44339.20357  0.0000000   20.7226   357.8034     0.0000   182.4010   -27.84      0.00000  0.0000000    0.0000     0.0000     0.0000     0.0000  11.49057975   -5.2141449   -36.285    -0.849
svyapr08_iadc      geo-0031:sv1-20080405-S-6-1A       54561.962853 08-APR-05 23:06:30.49      2.063520     3  16.40  16.40  44640.17985  0.0000000   14.1410   353.9556     0.0000   186.9133   -31.69      0.00708  0.0000000    0.0134     0.0073     0.0000     0.0073  12.11428471   -6.1712137    -0.581    -1.685
svyapr08_iadc      geo-0003:sv1-20080407-S-15-1A      54564.011739 08-APR-08 00:16:54.24      2.070720     3  11.40  11.40  44101.86138  0.0000000   14.2080   343.4909     0.0000   196.9362   -24.80      0.01383  0.0000000    0.0256     0.0327     0.0000     0.0318  11.57136304   -9.0723812   -20.923    -4.100
svyapr08_iadc      geo-0023:sv1-20080407-S-9-1A       54563.970377 08-APR-07 23:17:20.57      2.066400     3  16.90  17.00  41075.12641  0.0000000   12.7716   342.5142     0.0000   198.2342    13.94      0.00267  0.0000000    0.0053     0.0081     0.0000     0.0080  12.08145322   -9.2203993    -5.603    -3.966
svyapr08_iadc      geo-0029:sv1-20080407-S-9-1B       54563.970018 08-APR-07 23:16:49.55      1.031040     2  19.30  19.30  41591.33368  0.0000000   13.9592   347.2448     0.0000   193.6072     7.34      0.00000  0.0000000    0.0000     0.0000     0.0000     0.0000  12.08512002   -8.2847998    -5.335    -3.253
svyapr08           geo-0009:sv1-20080411-S-22-1A      54568.231927 08-APR-12 05:33:58.49      1.029600     2  15.60  15.60  45295.41120  0.0000000   14.8661   355.5791     0.0000   225.7823   -40.08      0.00000  0.0000000    0.0000     0.0000     0.0000     0.0000  14.18215416  -15.2902600   -63.902   -10.596
svyapr08           geo-0010:sv1-20080411-S-22-1A      54568.233363 08-APR-12 05:36:02.56      1.033920     2  16.20  16.30  46569.01047  0.0000000   14.5630   355.9208     0.0000   225.4938   -56.38      0.00000  0.0000000    0.0000     0.0000     0.0000     0.0000  14.19181891  -15.0303806   -64.327   -10.330
svyapr08           geo-0010:sv1-20080411-S-22-1B      54568.233004 08-APR-12 05:35:31.54      2.063520     3  13.80  13.90  41281.44909  0.0000000   10.3577   335.6878     0.0000   245.5087    11.30      0.00604  0.0000000    0.0052     0.0633     0.0000     0.0622  14.17497384  -14.4335598   -63.837    -9.417
svyapr08           geo-0025:sv2-20080412-S-30-1B      54569.232422 08-APR-13 05:34:41.26      1.036800     2  15.80  15.80  41241.18131  0.0000000   10.3549   335.7605     0.0000   245.7403    11.82      0.00000  0.0000000    0.0000     0.0000     0.0000     0.0000  14.18516332  -14.4401438   -64.306    -9.432
svymay08           geo-0017:sv1-20080430-S-4-1A       54586.889300 08-APR-30 21:20:35.52      1.033920     2  10.00  10.00  31294.96076  0.0000000    8.1256   254.6670     0.0000   305.3776   139.13      0.00000  0.0000000    0.0000     0.0000     0.0000     0.0000  13.50372318  -13.5038665    20.986    -6.618
svymay08           geo-0030:sv1-20080430-S-4-1B       54586.887506 08-APR-30 21:18:00.51      1.031040     2  17.00  17.10  41324.52277  0.0000000    9.9507   332.5400     0.0000   229.9321    10.75      0.00000  0.0000000    0.0000     0.0000     0.0000     0.0000  13.50407393  -12.5734120    23.360    -7.599
svymay08           geo-0078:sv1-20080430-S-4-1B       54586.901139 08-APR-30 21:37:38.40      1.035360     2  17.60  17.60  40900.50348  0.0000000    9.5853   330.3909     0.0000   232.3379    16.18      0.00000  0.0000000    0.0000     0.0000     0.0000     0.0000  13.50012499  -13.0602857    18.733    -7.575
svymay08           geo-0004:sv1-20080430-S-7-1A       54586.924944 08-APR-30 22:11:55.16      2.070720     3  16.70  16.70  45047.50447  0.0000000   14.7890   347.7123     0.0000   215.2906   -36.90      0.00422  0.0000000    0.0065     0.0181     0.0000     0.0175  13.42551205  -13.4158788     9.899    -8.480
svymay08           geo-0007:sv1-20080430-S-7-1B       54586.926025 08-APR-30 22:13:28.56      1.029600     2  17.70  17.70  42234.11852  0.0000000   14.3354   349.1139     0.0000   213.4852    -0.89      0.00000  0.0000000    0.0000     0.0000     0.0000     0.0000  13.42179554  -13.2358097     9.182    -7.851
svymay08           geo-0010:sv1-20080430-S-7-1B       54586.930330 08-APR-30 22:19:40.51      1.029600     2  15.10  15.10  34040.03168  0.0000000   14.2300   355.3340     0.0000   206.7445   103.99      0.00000  0.0000000    0.0000     0.0000     0.0000     0.0000  13.43346115  -13.1500335     7.225    -6.351
svymay08           geo-0012:sv1-20080430-S-7-1B       54586.931045 08-APR-30 22:20:42.28      2.070720     3  15.20  15.20  40872.91667  0.0000000    8.6074   321.9212     0.0000   240.3222    16.53      0.00344  0.0000000    0.0036     0.0420     0.0000     0.0416  13.42440410  -13.1232862     7.562    -7.471
svymay08_iadc      geo-0029:sv1-20080501-S-2-1A       54587.886890 08-MAY-01 21:17:07.29      2.070720     3  12.20  12.20  42200.27390  0.0000000    0.0738   100.4996     0.0000   107.0799    -0.46      0.00291  0.0000000    0.0018     4.3863     0.0000     4.3863  14.13579518   -4.2419497    28.132     0.071
svymay08_iadc      geo-0030:sv1-20080501-S-2-1A       54587.886890 08-MAY-01 21:17:07.29      2.070720     3  12.10  12.10  42186.72661  0.0000000    0.0939   125.8961     0.0000    81.6965    -0.28      0.00253  0.0000000    0.0008     3.1053     0.0000     3.1053  14.14018772   -4.2256810    28.145     0.093
svymay08_iadc      geo-0036:sv1-20080501-S-2-1A       54587.887610 08-MAY-01 21:18:09.50      1.033920     2  14.20  14.20  42156.14732  0.0000000    0.0856   175.2766     0.0000    32.5181     0.11      0.00000  0.0000000    0.0000     0.0000     0.0000     0.0000  14.14502050   -4.2615938    28.087     0.046
svymay08_iadc      geo-0062:sv1-20080501-S-2-1A       54587.895501 08-MAY-01 21:29:31.28      1.038240     2  13.70  13.70  33141.39415  0.0000000    8.4320   200.4846     0.0000     5.9874   115.50      0.00000  0.0000000    0.0000     0.0000     0.0000     0.0000  14.14265448   -4.5514178    23.852     0.876
svymay08_iadc      geo-0039:sv1-20080501-S-2-1B       54587.891557 08-MAY-01 21:23:50.52      3.100320     4  17.30  17.30  46202.64180  0.0000000   14.5991    27.9994     0.0000   180.2485   -51.69      0.01419  0.0000000    0.0261     0.0034     0.0000     0.0053  14.14014993   -4.0817481    27.108    -0.063
svymay08_iadc      geo-0009:sv2-20080501-S-26-1A      54588.203208 08-MAY-02 04:52:37.17      1.039680     2  16.00  16.10  33617.03734  0.0000000    9.4348    64.2532     0.0000   174.3161   109.41      0.00000  0.0000000    0.0000     0.0000     0.0000     0.0000  15.27184936   -4.4655370   -54.988     0.930
svymay08_iadc      geo-0055:sv2-20080501-S-26-1A      54588.219715 08-MAY-02 05:16:23.37      1.035360     2  11.30  11.40  37084.34642  0.0000000   33.6646    59.7658     0.0000   178.8269    65.03      0.00000  0.0000000    0.0000     0.0000     0.0000     0.0000  15.28057940   -4.2627577   -60.803     0.650
svymay08_iadc      geo-0003:sv2-20080501-S-9-1A       54587.966440 08-MAY-01 23:11:40.41      2.067840     3  14.70  14.70  42179.39623  0.0000000    0.0473   128.3702     0.0000    78.8417    -0.19      0.00633  0.0000000    0.0025    15.3794     0.0000    15.3794  13.58177780   -4.3732186    -0.952     0.046
svymay08_iadc      geo-0007:sv2-20080501-S-9-1A       54587.967876 08-MAY-01 23:13:44.48      1.031040     2  16.70  16.80  41591.25355  0.0000000   11.9937    27.0420     0.0000   180.2618     7.34      0.00000  0.0000000    0.0000     0.0000     0.0000     0.0000  13.58323200   -4.4903524    -1.384    -0.054
svymay08_iadc      geo-0020:sv2-20080501-S-9-1A       54587.975770 08-MAY-01 23:25:06.52      2.063520     3  14.40  14.40  42236.49265  0.0000000    0.0703   151.2004     0.0000    56.2861    -0.92      0.02330  0.0000000    0.0263    32.3472     0.0000    32.3471  13.57340033   -4.3654447    -4.045     0.058
svymay08_iadc      geo-0023:sv2-20080501-S-9-1A       54587.976488 08-MAY-01 23:26:08.56      2.066400     3  12.70  12.70  42188.79905  0.0000000    0.0350   489.9588     0.0000    77.7079    -0.31      0.00564  0.0000000    0.0024    18.4948     0.0000    18.4948  13.58149995   -4.3857220    -4.124     0.034
svymay08_iadc      geo-0050:sv2-20080501-S-9-1A       54587.985813 08-MAY-01 23:39:34.24      2.070720     3  12.90  12.90  42182.46984  0.0000000    0.0681    54.1416     0.0000   153.9029    -0.23      0.00610  0.0000000    0.0112     4.5941     0.0000     4.5942  13.57585018   -4.3945802    -7.113     0.030
svymay08_iadc      geo-0047:sv2-20080501-S-9-1A       54587.986534 08-MAY-01 23:40:36.53      1.033920     2  12.40  12.50  42194.73949  0.0000000    0.0880    69.4526     0.0000   138.8832    -0.39      0.00000  0.0000000    0.0000     0.0000     0.0000     0.0000  13.59094354   -4.3745275    -7.081     0.058
svymay08_iadc      geo-0051:sv2-20080501-S-9-1A       54587.986534 08-MAY-01 23:40:36.53      1.033920     2  12.10  12.10  42209.35126  0.0000000   -0.0275   156.3229     0.0000   411.7918    -0.57      0.00000  0.0000000    0.0000     0.0000     0.0000     0.0000  13.58082483   -4.3854290    -7.303    -0.022
svymay08_iadc      geo-0002:sv2-20080501-S-9-1B       54587.966797 08-MAY-01 23:12:11.26      1.038240     2  14.70  14.80  42175.45422  0.0000000    0.1104    95.8835     0.0000   111.5715    -0.14      0.00000  0.0000000    0.0000     0.0000     0.0000     0.0000  13.59201819   -4.3341595    -0.838     0.103
svymay08_iadc      geo-0006:sv1-20080503-S-25-1A      54590.031536 08-MAY-04 00:45:24.71      5.163840     6  10.80  10.90  62748.03906  0.0000000    5.9868   255.6880     0.0000   310.8160  -263.47      0.02717  0.0000000    0.0232     0.2543     0.0000     0.2529  13.42339647   -7.5657724   -26.975    -4.527
svymay08_iadc      geo-0041:sv1-20080503-S-25-1B      54590.043376 08-MAY-04 01:02:27.68      1.028160     2  19.40  19.50  66914.35300  0.0000000    4.4455   263.5735     0.0000   303.4006  -316.80      0.00000  0.0000000    0.0000     0.0000     0.0000     0.0000  13.43025251   -6.4925762   -30.854    -3.710
svymay08_iadc      geo-0018:sv1-20080503-S-42-1A      54590.214246 08-MAY-04 05:08:30.85      2.066400     3  11.60  11.70  38577.96396  0.0000000    7.9779    41.4594     0.0000   196.6888    45.91      0.05147  0.0000000    0.1106     0.2485     0.0000     0.2448  15.25444354   -7.2620258   -61.594    -2.284
svymay08_iadc      geo-0019:sv1-20080503-S-42-1A      54590.214960 08-MAY-04 05:09:32.54      1.038240     2  14.10  14.10  36467.62498  0.0000000    4.4773   263.8629     0.0000   334.6389    72.92      0.00000  0.0000000    0.0000     0.0000     0.0000     0.0000  15.26292760   -7.2154574   -61.278    -1.916
svymay08_iadc      geo-0010:sv1-20080503-S-42-1B      54590.211016 08-MAY-04 05:03:51.78      2.063520     3  16.10  16.20  45913.58452  0.0000000    2.5374   300.6299     0.0000   296.2690   -47.99      0.02611  0.0000000    0.0216     0.9766     0.0000     0.9758  15.26019336   -6.3245308   -61.502    -2.275
svymay08_iadc      geo-0007:sv1-20080504-S-1-1A       54590.888316 08-MAY-04 21:19:10.50      1.033920     2  15.90  15.90  37268.57997  0.0000000   10.7209     8.9218     0.0000   198.0517    62.67      0.00000  0.0000000    0.0000     0.0000     0.0000     0.0000  14.11571290   -8.5111549    23.759    -3.305
svymay08_iadc      geo-0019:sv1-20080504-S-1-1A       54590.893339 08-MAY-04 21:26:24.48      1.031040     2  10.50  10.50  36074.91549  0.0000000   10.6206   223.9292     0.0000   342.4309    77.95      0.00000  0.0000000    0.0000     0.0000     0.0000     0.0000  14.11503779   -8.5749559    21.911    -3.189
svymay08_iadc      geo-0009:sv1-20080504-S-3-1B       54590.935249 08-MAY-04 22:26:45.51      1.033920     2  19.00  19.00  52878.54723  0.0000000    8.5801   356.7094     0.0000   211.6154  -137.14      0.00000  0.0000000    0.0000     0.0000     0.0000     0.0000  14.03289336   -8.3134564     8.176    -4.486
svymay08_iadc      geo-0010:sv1-20080505-S-10-1A      54591.972142 08-MAY-05 23:19:53.06      2.070720     3  17.40  17.40  50967.59276  0.0000000    8.8243   343.1668     0.0000   224.8385  -112.68      0.02662  0.0000000    0.0309     0.2012     0.0000     0.1989  13.55398268  -10.4132626    -6.500    -6.210
svymay08_iadc      geo-0014:sv1-20080505-S-13-1B      54592.006777 08-MAY-06 00:09:45.53      1.028160     2  11.30  11.30  39609.27007  0.0000000    8.0764   358.4163     0.0000   209.2502    32.71      0.00000  0.0000000    0.0000     0.0000     0.0000     0.0000  13.47566329   -9.3535653   -19.244    -3.936
svymay08_iadc      geo-0005:sv1-20080505-S-13-1A      54592.002113 08-MAY-06 00:03:02.56      2.066400     3  15.90  15.90  43146.84941  0.0000000   16.3510     9.3642     0.0000   198.5389   -12.57      0.00337  0.0000000    0.0063     0.0078     0.0000     0.0075  13.48058655  -10.2531353   -17.782    -5.135
svymay08_iadc      geo-0040:sv1-20080505-S-5-1A       54591.934740 08-MAY-05 22:26:01.53      2.066400     3  13.90  13.90  42534.14764  0.0000000   14.4121     7.1077     0.0000   201.3458    -4.73      0.00271  0.0000000    0.0051     0.0081     0.0000     0.0079  14.05180480  -10.2556116     7.177    -5.198
svymay08_iadc      geo-0019:sv1-20080506-S-3-1A       54592.919103 08-MAY-06 22:03:30.49      2.066400     3  16.20  16.20  46300.27524  0.0000000   22.1286    10.7904     0.0000   198.6226   -52.94      0.02451  0.0000000    0.0425     0.0386     0.0000     0.0361  14.07343856  -11.4708820    12.122    -6.909
svymay08_iadc      geo-0013:sv1-20080506-S-5-1A       54592.961345 08-MAY-06 23:04:20.20      1.036800     2  17.90  17.90  40778.11856  0.0000000   18.2296     9.4075     0.0000   199.1932    17.75      0.00000  0.0000000    0.0000     0.0000     0.0000     0.0000  13.59061563  -11.3548507    -3.550    -5.903
svymay08_iadc      geo-0004:sv1-20080506-S-5-1B       54592.955966 08-MAY-06 22:56:35.46      1.032480     2  15.50  15.50  42160.10991  0.0000000   14.9758     6.5273     0.0000   201.5459     0.06      0.00000  0.0000000    0.0000     0.0000     0.0000     0.0000  13.58339286  -10.5126192    -1.905    -5.446
svymay08_iadc      geo-0029:sv1-20080506-S-5-1B       54592.967445 08-MAY-06 23:13:07.24      3.100320     4  15.90  16.00  50265.03382  0.0000000    6.7387   311.6705     0.0000   256.4787  -103.69      0.00430  0.0000000    0.0017     0.0593     0.0000     0.0589  13.57522119  -11.0804183    -5.396    -6.551
svymay08_iadc      geo-0008:sv1-20080509-S-2-1B       54595.887539 08-MAY-09 21:18:03.36      2.069280     3  18.50  18.50  45988.95593  0.0000000    9.8873   339.6279     0.0000   228.6390   -48.95      0.00433  0.0000000    0.0052     0.0349     0.0000     0.0344  14.10077704  -12.1336365    20.275    -7.405
svymay08_iadc      geo-0009:sv1-20080509-S-2-1B       54595.888976 08-MAY-09 21:20:07.52      1.029600     2  15.20  15.20  39502.00327  0.0000000    7.6451   329.5407     0.0000   237.8271    34.08      0.00000  0.0000000    0.0000     0.0000     0.0000     0.0000  14.10081031  -12.0507817    19.051    -6.466
svymay08_iadc      geo-0001:sv1-20080509-S-3-1B       54595.910828 08-MAY-09 21:51:35.53      1.032480     2   9.90  10.00  31481.14398  0.0000000    8.0874   244.9416     0.0000   320.8845   136.75      0.00000  0.0000000    0.0000     0.0000     0.0000     0.0000  14.06219188  -12.2232345    10.132    -5.092
svymay08_iadc      geo-0004:sv1-20080509-S-3-1B       54595.912259 08-MAY-09 21:53:39.17      2.070720     3  17.10  17.10  43308.21340  0.0000000   13.8435   358.7310     0.0000   209.4212   -14.64      0.00107  0.0000000    0.0018     0.0044     0.0000     0.0043  14.05231727  -12.0001288    10.945    -6.750
svymay08_iadc      geo-0007:sv1-20080509-S-3-1B       54595.912259 08-MAY-09 21:53:39.17      2.070720     3  18.00  18.10  43566.48581  0.0000000   10.5122   344.9754     0.0000   223.0954   -17.95      0.00832  0.0000000    0.0118     0.0612     0.0000     0.0602  14.05589101  -12.2503109    11.097    -7.160
svymay08_iadc      geo-0028:sv2-20080509-S-4-1A       54596.207879 08-MAY-10 04:59:20.74      1.033920     2  19.90  19.90  38578.21805  0.0000000    7.0429   307.5166     0.0000   290.5579    45.90      0.00000  0.0000000    0.0000     0.0000     0.0000     0.0000  15.25088509  -12.0240938   -64.987    -6.592
svymay08           geo-0042:sv1-20080510-S-41-1B      54597.217048 08-MAY-11 05:12:32.94      3.100320     4  17.50  17.50  52652.26671  0.0000000    1.0090   112.6398     0.0000   123.2525  -134.24      0.02358  0.0000000    0.0209     1.7928     0.0000     1.7924  15.22170645   -2.3421279   -71.604     0.844
svymay08           geo-0013:sv1-20080510-S-6-1A       54596.900541 08-MAY-10 21:36:46.74      3.100320     3  16.10  16.10  46637.58475  0.0000000    9.4413   312.4655     0.0000   250.0355   -57.26      0.04841  0.0000000    0.0299     0.5023     0.0000     0.4956  13.42336257  -13.5644685     9.003    -8.869
svymay08           geo-0009:sv1-20080510-S-6-1B       54596.897312 08-MAY-10 21:32:07.75      2.066400     3  18.00  18.10  42236.79274  0.0000000   14.3025   348.9512     0.0000   213.7369    -0.93      0.00508  0.0000000    0.0085     0.0233     0.0000     0.0226  13.42584555  -13.2537473     9.780    -7.886
svymay08           geo-0026:sv1-20080510-S-6-1B       54596.903052 08-MAY-10 21:40:23.69      2.062080     3  16.10  16.20  40001.94009  0.0000000   13.0784   349.5109     0.0000   213.0770    27.68      0.00271  0.0000000    0.0049     0.0142     0.0000     0.0139  13.42573823  -12.5523526     7.750    -7.094
svymay08           geo-0007:sv1-20080511-S-10-1A      54597.932786 08-MAY-11 22:23:12.71      3.100320     4  17.30  17.40  47335.00168  0.0000000   15.0973   345.8528     0.0000   217.0453   -66.18      0.01318  0.0000000    0.0187     0.0547     0.0000     0.0529  13.34351897  -14.1123455    -3.937    -9.028
svymay08           geo-0040:sv1-20080511-S-10-1B      54597.938886 08-MAY-11 22:31:59.75      1.032480     2  17.40  17.50  53151.76801  0.0000000   19.9029   358.1212     0.0000   205.9576  -140.64      0.00000  0.0000000    0.0000     0.0000     0.0000     0.0000  13.36124461  -13.0438123    -5.357    -8.569
svymay08           geo-0041:sv1-20080511-S-10-1B      54597.941039 08-MAY-11 22:35:05.76      2.066400     3  18.70  18.80  42262.81438  0.0000000    9.2858   328.9969     0.0000   233.5938    -1.26      0.00423  0.0000000    0.0051     0.0429     0.0000     0.0423  13.35033862  -13.0859250    -6.622    -7.462
svymay08           geo-0067:sv1-20080511-S-10-1B      54597.947497 08-MAY-11 22:44:23.74      3.100320     4  16.00  16.10  55360.37076  0.0000000   18.8682   356.0050     0.0000   208.0615  -168.91      0.00381  0.0000000    0.0050     0.0084     0.0000     0.0079  13.34498062  -13.0533595    -8.409    -8.750
svymay08           geo-0082:sv1-20080511-S-10-1B      54597.951085 08-MAY-11 22:49:33.74      1.033920     2  16.50  16.60  32865.81951  0.0000000   14.0795   357.8805     0.0000   205.2808   119.02      0.00000  0.0000000    0.0000     0.0000     0.0000     0.0000  13.35271782  -13.1958361    -9.984    -5.963
svymay08           geo-0023:sv1-20080511-S-1-1A       54597.876072 08-MAY-11 21:01:32.62      2.066400     3  17.30  17.30  40552.21767  0.0000000    9.6585   322.1201     0.0000   240.2028    20.64      0.01963  0.0000000    0.0205     0.2150     0.0000     0.2120  13.47438990  -14.0443088    16.570    -8.372
svymay08           geo-0018:sv1-20080511-S-1-1B       54597.874276 08-MAY-11 20:58:57.44      2.069280     3  16.70  16.80  41387.81278  0.0000000   10.1324   333.6417     0.0000   228.8859     9.94      0.00247  0.0000000    0.0033     0.0219     0.0000     0.0216  13.48033701  -13.0622053    17.330    -7.616
svymay08           geo-0022:sv1-20080511-S-1-1B       54597.877866 08-MAY-11 21:04:07.62      1.031040     2  10.00  10.00  31617.41216  0.0000000    9.7648   235.4525     0.0000   324.8111   135.00      0.00000  0.0000000    0.0000     0.0000     0.0000     0.0000  13.47344245  -12.4902839    14.610    -5.609
svymay08           geo-0028:sv1-20080511-S-1-1B       54597.880735 08-MAY-11 21:08:15.50      2.069280     3  17.60  17.70  41883.22359  0.0000000    9.1320   323.7286     0.0000   238.9383     3.60      0.03429  0.0000000    0.0360     0.3784     0.0000     0.3738  13.47513213  -13.1741827    15.261    -7.814
svymay08           geo-0036:sv1-20080511-S-1-1B       54597.882172 08-MAY-11 21:10:19.66      1.031040     2  18.10  18.20  48511.16901  0.0000000   15.8594   352.4175     0.0000   211.5923   -81.24      0.00000  0.0000000    0.0000     0.0000     0.0000     0.0000  13.47528566  -12.5605588    15.426    -8.231
svymay08           geo-0014:sv1-20080511-S-43-1A      54598.210884 08-MAY-12 05:03:40.37      2.067840     3  14.10  14.10  35547.72556  0.0000000    8.8503   226.3048     0.0000    12.0459    84.69      0.02390  0.0000000    0.0568     0.0826     0.0000     0.0829  15.21339758   -3.1802400   -68.049     1.840
svymay08           geo-0015:sv1-20080511-S-43-1A      54598.210884 08-MAY-12 05:03:40.37      2.067840     3  15.70  15.70  53352.23800  0.0000000    0.3620    94.4257     0.0000   141.1969  -143.20      0.02163  0.0000000    0.0267     3.3851     0.0000     3.3849  15.21423511   -3.1056740   -70.638     0.227
svymay08           geo-0018:sv1-20080511-S-43-1A      54598.215189 08-MAY-12 05:09:52.32      5.168160     6  13.30  13.30  65293.72515  0.0000000    4.2945    48.2697     0.0000   186.4696  -296.05      0.01055  0.0000000    0.0134     0.0223     0.0000     0.0221  15.21381345   -3.1550117   -73.094    -0.483
svyjun08_iadc      geo-0031:sv1-20080530-S-18-1B      54617.048640 08-MAY-31 01:10:02.49      3.100320     4  17.00  17.00  51994.92085  0.0000000   12.1884   283.1485     0.0000   311.7404  -125.83      0.00204  0.0000000    0.0022     0.0115     0.0000     0.0112  15.35137122  -13.4225220   -30.882    -9.064
svyjun08_iadc      geo-0021:sv1-20080530-S-4-1A       54616.939647 08-MAY-30 22:33:05.50      3.100320     4  17.70  17.70  50811.67989  0.0000000   10.3477   312.7486     0.0000   283.4836  -110.68      0.01569  0.0000000    0.0063     0.1393     0.0000     0.1370  15.58189067  -14.4654791     9.371   -10.059
svyjun08_iadc      geo-0050:sv1-20080530-S-4-1A       54616.946820 08-MAY-30 22:43:25.24      2.070720     3  18.90  19.00  41993.84195  0.0000000    9.1107   334.5031     0.0000   261.6084     2.18      0.00525  0.0000000    0.0017     0.0667     0.0000     0.0659  15.57502661  -14.4618337     6.341    -9.012
svyjun08_iadc      geo-0039:sv1-20080530-S-4-1B       54616.942157 08-MAY-30 22:36:42.36      1.035360     2  16.40  16.40  37069.19242  0.0000000    7.7441   314.1026     0.0000   281.1943    65.22      0.00000  0.0000000    0.0000     0.0000     0.0000     0.0000  15.58087279  -14.0055106     7.416    -7.596
svyjun08_iadc      geo-0070:sv1-20080530-S-4-1B       54616.952205 08-MAY-30 22:51:10.51      1.031040     2  16.40  16.40  39071.38273  0.0000000    7.5421   327.5808     0.0000   268.6369    39.59      0.00000  0.0000000    0.0000     0.0000     0.0000     0.0000  15.58426909  -13.3754635     4.597    -7.540
svyjun08_iadc      geo-0001:sv1-20080531-S-11-1A      54617.968388 08-MAY-31 23:14:28.72      1.033920     2  18.30  18.30  41727.51791  0.0000000   10.1294   326.0868     0.0000   269.4617     5.59      0.00000  0.0000000    0.0000     0.0000     0.0000     0.0000  15.50433507  -16.1128019    -2.896   -10.129
svyjun08_iadc      geo-0030:sv1-20080531-S-11-1A      54617.976278 08-MAY-31 23:25:50.41      2.070720     3  18.80  18.80  41386.40442  0.0000000    9.8952   331.4899     0.0000   264.2953     9.96      0.00905  0.0000000    0.0022     0.1086     0.0000     0.1070  15.49464728  -15.5727798    -5.585    -9.846
svyjun08_iadc      geo-0073:sv1-20080531-S-11-1A      54617.985610 08-MAY-31 23:39:16.70      1.033920     2  18.20  18.20  44008.50190  0.0000000    9.8924   329.3832     0.0000   267.0089   -23.60      0.00000  0.0000000    0.0000     0.0000     0.0000     0.0000  15.50181131  -15.3628763    -8.306    -9.879
svyjun08_iadc      geo-0083:sv1-20080531-S-11-1B      54617.987404 08-MAY-31 23:41:51.70      2.063520     3  19.10  19.10  41726.23404  0.0000000    9.3953   326.9494     0.0000   269.3258     5.61      0.00628  0.0000000    0.0009     0.0789     0.0000     0.0779  15.49495385  -15.2518543    -9.035    -9.395
svyjun08_iadc      geo-0022:sv1-20080531-S-1-1B       54617.885920 08-MAY-31 21:15:43.48      1.033920     2  17.00  17.10  36735.75254  0.0000000    8.2997   331.8922     0.0000   263.2112    69.49      0.00000  0.0000000    0.0000     0.0000     0.0000     0.0000  16.07137708  -14.1801586    26.365    -8.241
svyjun08_iadc      geo-0011:sv1-20080531-S-3-1A       54617.909173 08-MAY-31 21:49:12.54      1.033920     2  17.60  17.60  30916.88584  0.0000000   11.8049    11.4076     0.0000   223.1728   143.97      0.00000  0.0000000    0.0000     0.0000     0.0000     0.0000  16.03107295  -15.4152904    16.909    -8.046
svyjun08_iadc      geo-0067:sv1-20080531-S-3-1A       54617.926395 08-MAY-31 22:14:00.52      1.033920     2  15.10  15.10  41577.19628  0.0000000    9.8917   331.2423     0.0000   265.0831     7.52      0.00000  0.0000000    0.0000     0.0000     0.0000     0.0000  16.02356419  -15.3811499    12.974    -9.855
svyjun08_iadc      geo-0029:sv1-20080531-S-3-1B       54617.918143 08-MAY-31 22:02:07.55      3.100320     4  12.20  12.20  53793.72258  0.0000000   18.8040    23.6244     0.0000   214.8775  -148.85      0.00484  0.0000000    0.0061     0.0134     0.0000     0.0127  16.02506856  -14.5922248    16.744   -10.621
svyjun08_iadc      geo-0021:sv1-20080601-S-22-1B      54619.044889 08-JUN-02 01:04:38.40      1.033920     2  18.40  18.50  36526.92806  0.0000000    9.5927   325.0870     0.0000   271.0618    72.16      0.00000  0.0000000    0.0000     0.0000     0.0000     0.0000  15.34159681  -16.3307926   -30.874    -9.591
svyjun08_iadc      geo-0052:sv1-20080601-S-22-1B      54619.051347 08-JUN-02 01:13:56.38      1.033920     2  20.00  20.00  41264.75642  0.0000000   10.1589   335.4937     0.0000   260.6538    11.52      0.00000  0.0000000    0.0000     0.0000     0.0000     0.0000  15.33278634  -16.0622115   -33.368   -10.023
svyjun08_iadc      geo-0082:sv1-20080601-S-22-1B      54619.055653 08-JUN-02 01:20:08.41      1.033920     2  18.10  18.20  37745.10149  0.0000000   11.6545   357.9131     0.0000   239.1834    56.57      0.00000  0.0000000    0.0000     0.0000     0.0000     0.0000  15.33560608  -16.4139506   -34.355    -9.991
svyjun08_iadc      geo-0028:sv1-20080601-S-2-1A       54618.892734 08-JUN-01 21:25:32.21      1.033920     2  17.40  17.40  41868.21626  0.0000000   14.2828     4.4579     0.0000   232.6761     3.79      0.00000  0.0000000    0.0000     0.0000     0.0000     0.0000  16.07496883  -16.5308485    24.151   -11.314
svyjun08_iadc      geo-0001:sv1-20080601-S-2-1B       54618.881609 08-JUN-01 21:09:31.01      1.035360     2  18.80  18.90  47670.39278  0.0000000   10.9548   327.5659     0.0000   268.8345   -70.48      0.00000  0.0000000    0.0000     0.0000     0.0000     0.0000  16.06409081  -15.4034058    28.283   -10.952
svyjun08           geo-0058:sv1-20080601-S-38-1A      54619.199350 08-JUN-02 04:47:03.84      2.063520     3  17.50  17.90  43194.27933  0.0000000   15.8113     0.1620     0.0000   301.0390   -13.18      0.00481  0.0000000    0.0050     0.0296     0.0000     0.0285  20.06158999  -19.4650048   -20.610   -13.501
svyjun08           geo-0032:sv1-20080601-S-38-1B      54619.192530 08-JUN-02 04:37:14.59      2.070720     3  19.40  19.70  42198.86773  0.0000000   14.4724     3.6860     0.0000   297.4012    -0.44      0.01528  0.0000000    0.0145     0.1094     0.0000     0.1060  20.06120265  -19.1136657   -18.485   -12.819
svyjun08           geo-0071:sv1-20080601-S-38-1B      54619.198988 08-JUN-02 04:46:32.56      1.038240     2   8.50  17.50  42277.74167  0.0000000   14.0133     4.6543     0.0000   296.9789    -1.45      0.00000  0.0000000    0.0000     0.0000     0.0000     0.0000  20.07003685  -18.4637448   -20.326   -12.462
svyjun08_iadc      geo-0059:sv1-20080601-S-8-1A       54618.945373 08-JUN-01 22:41:20.22      2.070720     3  18.20  18.20  42428.47563  0.0000000   13.8387     2.2815     0.0000   234.5191    -3.38      0.00568  0.0000000    0.0066     0.0389     0.0000     0.0378  15.56569042  -17.1124919     4.885   -11.232
svyjun08_iadc      geo-0049:sv1-20080602-S-16-1A      54620.114314 08-JUN-03 02:44:36.72      2.066400     3  18.40  18.50  43178.26737  0.0000000   16.2476     8.2380     0.0000   228.4971   -12.98      0.00344  0.0000000    0.0045     0.0182     0.0000     0.0175  15.20080916  -17.3205918   -57.511   -12.095
svyjun08_iadc      geo-0077:sv1-20080602-S-16-1B      54620.125437 08-JUN-03 03:00:37.75      2.066400     2  17.70  17.80  49740.81714  0.0000000   12.6115   336.9462     0.0000   258.5516   -96.98      0.00000  0.0000000    0.0000     0.0000     0.0000     0.0000  15.20255991  -16.5631229   -61.877   -12.357
svyjun08_iadc      geo-0024:sv1-20080603-S-6-1A       54621.058951 08-JUN-04 01:24:53.36      1.035360     2  19.60  19.60  42372.54292  0.0000000   14.6605   350.3114     0.0000   246.4434    -2.66      0.00000  0.0000000    0.0000     0.0000     0.0000     0.0000  15.31080776  -19.3622149   -38.033   -13.415
svyjun08_iadc      geo-0033:sv1-20080603-S-6-1A       54621.060388 08-JUN-04 01:26:57.52      3.100320     4  17.00  17.00  50685.60712  0.0000000   21.8506   276.5125     0.0000   316.7817  -109.07      0.05554  0.0000000    0.0671     0.1671     0.0000     0.1552  15.30235475  -19.5701509   -39.185   -14.766
svyjun08_iadc      geo-0016:sv1-20080603-S-6-1B       54621.049979 08-JUN-04 01:11:58.18      2.070720     3  18.70  18.70  45742.00304  0.0000000   15.5048   355.1293     0.0000   240.9493   -45.79      0.00558  0.0000000    0.0050     0.0337     0.0000     0.0325  15.29553965  -19.1529362   -35.678   -13.514
svyjun08_iadc      geo-0084:sv1-20080603-S-6-1B       54621.065766 08-JUN-04 01:34:42.18      2.069280     3  18.70  18.80  46687.94783  0.0000000   13.7411   313.8126     0.0000   281.8541   -57.90      0.00393  0.0000000    0.0015     0.0291     0.0000     0.0283  15.31029799  -18.5755743   -40.540   -13.443
svyjun08_iadc      geo-0003:sv1-20080605-S-15-1A      54623.098267 08-JUN-06 02:21:30.26      1.035360     2  20.00  20.00  42899.84238  0.0000000   15.1481   338.5704     0.0000   257.5774    -9.41      0.00000  0.0000000    0.0000     0.0000     0.0000     0.0000  15.21320982  -20.3333148   -54.534   -14.785
svyjun08           geo-0044:sv1-20080605-S-24-1B      54623.186071 08-JUN-06 04:27:56.53      1.035360     2  17.30  17.60  42207.29195  0.0000000   12.3471    27.5516     0.0000   274.5546    -0.55      0.00000  0.0000000    0.0000     0.0000     0.0000     0.0000  20.06525031  -18.3705769   -19.732   -12.308
svyjun08_iadc      geo-0012:sv1-20080606-S-11-1B      54624.023707 08-JUN-07 00:34:08.28      2.063520     3  16.70  16.70  45169.87241  0.0000000   15.8475   339.1267     0.0000   256.7653   -38.47      0.00239  0.0000000    0.0010     0.0159     0.0000     0.0152  15.34193345  -21.3129364   -28.931   -15.416
svyjun08_iadc      geo-0023:sv1-20080606-S-6-1A       54623.966521 08-JUN-06 23:11:47.41      2.064960     3  17.90  18.00  47611.46392  0.0000000   17.4596   342.0128     0.0000   254.8867   -69.72      0.00639  0.0000000    0.0030     0.0361     0.0000     0.0344  15.49555417  -22.4604383    -7.471   -16.837
svyjun08_iadc      geo-0030:sv1-20080606-S-6-1A       54623.973697 08-JUN-06 23:22:07.42      1.028160     2  19.50  19.60  51928.52578  0.0000000   19.9159   358.2333     0.0000   239.7159  -124.98      0.00000  0.0000000    0.0000     0.0000     0.0000     0.0000  15.48582820  -22.3228628    -9.879   -17.107
svyjun08           geo-0033:sv1-20080607-S-10-1A      54624.961753 08-JUN-07 23:04:55.45      2.067840     3  19.80  19.90  41657.28543  0.0000000   13.1396     0.3494     0.0000   234.9823     6.49      0.01102  0.0000000    0.0130     0.0818     0.0000     0.0797  15.43417366  -16.5534074    -8.327   -10.730
svyjun08           geo-0036:sv1-20080607-S-10-1A      54624.963907 08-JUN-07 23:08:01.56      1.033920     2  19.60  19.70  40755.71722  0.0000000   11.5862   342.9906     0.0000   252.1443    18.03      0.00000  0.0000000    0.0000     0.0000     0.0000     0.0000  15.44084931  -17.2443116    -8.930   -11.021
svyjun08           geo-0062:sv1-20080607-S-10-1A      54624.968212 08-JUN-07 23:14:13.51      2.066400     3  17.60  17.70  47539.46333  0.0000000   14.5770     2.5700     0.0000   233.4348   -68.80      0.00566  0.0000000    0.0059     0.0320     0.0000     0.0309  15.43560525  -17.0702322   -10.169   -11.662
svyjun08           geo-0036:sv1-20080607-S-39-1A      54625.185677 08-JUN-08 04:27:22.49      1.033920     2  19.30  19.60  39590.51298  0.0000000   16.2926   353.3018     0.0000   307.6244    32.95      0.00000  0.0000000    0.0000     0.0000     0.0000     0.0000  20.04474416  -19.4033645   -21.707   -12.838
svyjun08           geo-0047:sv1-20080607-S-39-1B      54625.188906 08-JUN-08 04:32:01.47      2.066400     3  18.10  18.40  41920.17953  0.0000000   15.2831   356.6237     0.0000   304.6095     3.13      0.01671  0.0000000    0.0196     0.1060     0.0000     0.1022  20.04547469  -18.5403662   -22.736   -12.530
svyjun08           geo-0061:sv1-20080607-S-40-1B      54625.211546 08-JUN-08 05:04:37.57      2.066400     2  19.50  19.80  41784.50082  0.0000000   14.6766     1.0591     0.0000   300.4532     4.86      0.00000  0.0000000    0.0000     0.0000     0.0000     0.0000  20.00283687  -18.5621546   -30.763   -12.616
svyjun08           geo-0006:sv1-20080608-S-37-1B      54626.171223 08-JUN-09 04:06:33.66      2.066400     3  17.20  17.40  42203.27301  0.0000000   12.3431    27.7788     0.0000   273.8611    -0.50      0.00492  0.0000000    0.0010     0.0464     0.0000     0.0454  20.06093745  -18.3752400   -17.811   -12.315
svyjun08           geo-0009:sv1-20080608-S-3-1A       54625.892804 08-JUN-08 21:25:38.26      1.035360     2  17.30  17.40  41860.34476  0.0000000   14.2983     4.5136     0.0000   230.9867     3.89      0.00000  0.0000000    0.0000     0.0000     0.0000     0.0000  15.57183335  -16.5124151    15.579   -11.063
svyjun08           geo-0027:sv1-20080608-S-3-1A       54625.900702 08-JUN-08 21:37:00.65      2.066400     3  19.40  19.40  41464.51727  0.0000000   13.6366     2.5048     0.0000   232.9763     8.96      0.01442  0.0000000    0.0178     0.1008     0.0000     0.0980  15.56227186  -16.4505693    12.803   -10.850
svyjun08           geo-0005:sv1-20080608-S-8-1B       54625.932816 08-JUN-08 22:23:15.30      2.069280     3  13.50  13.60  41895.37183  0.0000000   13.6910     4.2273     0.0000   230.8698     3.44      0.00543  0.0000000    0.0070     0.0364     0.0000     0.0354  15.47536847  -16.3705642     0.806   -10.580
svyjun08           geo-0008:sv1-20080608-S-8-1B       54625.934253 08-JUN-08 22:25:19.45      1.033920     2  19.40  19.40  41649.31598  0.0000000   13.1345     0.3217     0.0000   234.7607     6.59      0.00000  0.0000000    0.0000     0.0000     0.0000     0.0000  15.48011021  -16.4738767     0.364   -10.696
svyjun08           geo-0009:sv1-20080608-S-8-1B       54625.934971 08-JUN-08 22:26:21.49      1.033920     2  16.80  16.80  42162.64910  0.0000000   10.7144   322.9922     0.0000   271.4380     0.02      0.00000  0.0000000    0.0000     0.0000     0.0000     0.0000  15.48085417  -16.4350348     0.197   -10.711
svyjun08           geo-0024:sv1-20080608-S-8-1B       54625.942147 08-JUN-08 22:36:41.50      2.062080     3  17.10  17.20  41349.19070  0.0000000   14.1520     7.6497     0.0000   227.7756    10.44      0.01848  0.0000000    0.0257     0.1165     0.0000     0.1130  15.47124483  -16.3502141    -2.304   -10.431
svyjun08           geo-0037:sv1-20080608-S-8-1B       54625.948602 08-JUN-08 22:45:59.21      1.035360     2  18.30  18.40  40317.26499  0.0000000   10.2207   335.9930     0.0000   259.0107    23.64      0.00000  0.0000000    0.0000     0.0000     0.0000     0.0000  15.47186316  -16.2012046    -4.348   -10.031
svyjun08           geo-0040:sv1-20080608-S-8-1B       54625.952911 08-JUN-08 22:52:11.51      1.028160     2  17.80  17.90  43902.30945  0.0000000   13.2663     1.0124     0.0000   235.0024   -22.24      0.00000  0.0000000    0.0000     0.0000     0.0000     0.0000  15.47452118  -16.4000923    -5.451   -10.835
svyjun08           geo-0013:sv1-20080609-S-37-1B      54627.202204 08-JUN-10 04:51:10.42      1.033920     2  19.20  19.40  41899.05626  0.0000000   13.5744    11.9108     0.0000   289.9502     3.40      0.00000  0.0000000    0.0000     0.0000     0.0000     0.0000  20.01316532  -19.0500376   -29.324   -12.746
svyjun08           geo-0014:sv1-20080609-S-37-1B      54627.202204 08-JUN-10 04:51:10.42      2.067840     3  19.00  19.30  41862.89115  0.0000000   14.6645     1.1472     0.0000   300.0571     3.86      0.00560  0.0000000    0.0058     0.0389     0.0000     0.0376  19.59534585  -18.5911946   -29.678   -12.657
svyjun08           geo-0015:sv1-20080609-S-37-1B      54627.202204 08-JUN-10 04:51:10.42      2.067840     2  18.10  18.30  41920.01531  0.0000000   15.2451   356.8052     0.0000   304.3200     3.13      0.00000  0.0000000    0.0000     0.0000     0.0000     0.0000  20.00092713  -18.5102675   -29.624   -12.543
svyjun08           geo-0074:sv1-20080610-S-14-1B      54627.994393 08-JUN-10 23:51:55.55      1.033920     2  18.80  18.90  41125.39827  0.0000000   10.8607   339.4689     0.0000   256.0331    13.30      0.00000  0.0000000    0.0000     0.0000     0.0000     0.0000  15.37165124  -16.4848186   -22.423   -10.536
svyjun08           geo-0035:sv1-20080610-S-35-1B      54628.183474 08-JUN-11 04:24:12.15      2.070720     3  16.80  17.10  41085.01194  0.0000000   13.8244     8.3066     0.0000   293.4950    13.82      0.00713  0.0000000    0.0061     0.0569     0.0000     0.0552  20.05118562  -19.1105291   -23.512   -12.658
svyaugb08          geo-0008:sv1-20080826-S-1-1A       54704.875211 08-AUG-26 21:00:18.23      1.033920     2  13.40  13.50  43351.02196  0.0000000   22.0512   348.4616     0.0000   324.3915   -15.19      0.00000  0.0000000    0.0000     0.0000     0.0000     0.0000  21.21395609  -18.0455491    24.335   -12.626
svyaugb08          geo-0023:sv1-20080826-S-1-1B       54704.882029 08-AUG-26 21:10:07.30      2.066400     3  16.00  16.10  43056.59085  0.0000000   12.3057    25.9458     0.0000   288.4150   -11.42      0.00175  0.0000000    0.0011     0.0153     0.0000     0.0150  21.20099656  -17.0958362    21.751   -11.666
svyaugb08          geo-0046:sv1-20080826-S-7-1A       54704.956194 08-AUG-26 22:56:55.16      1.033920     2  11.90  11.90  43783.02241  0.0000000   16.8853     4.2259     0.0000   309.7051   -20.72      0.00000  0.0000000    0.0000     0.0000     0.0000     0.0000  21.07542864  -18.5829061    -4.609   -12.912
svyaugb08          geo-0073:sv1-20080826-S-7-1A       54704.960500 08-AUG-26 23:03:07.20      1.033920     2  18.20  18.20  40736.06934  0.0000000   17.2094   359.6743     0.0000   314.1205    18.28      0.00000  0.0000000    0.0000     0.0000     0.0000     0.0000  21.07114483  -18.4630465    -6.233   -12.263
svyaugb08          geo-0002:sv1-20080827-S-11-1A      54705.943924 08-AUG-27 22:39:15.03      2.067840     3  18.40  18.40  42069.30077  0.0000000   17.5852   358.4948     0.0000   314.3952     1.22      0.01965  0.0000000    0.0282     0.0942     0.0000     0.0897  21.06062292  -18.4321827    -2.081   -12.467
svyaugb08          geo-0021:sv1-20080827-S-11-1B      54705.950024 08-AUG-27 22:48:02.07      1.033920     2  17.30  17.30  41810.69509  0.0000000   14.9160     4.7793     0.0000   308.9705     4.53      0.00000  0.0000000    0.0000     0.0000     0.0000     0.0000  21.06526066  -17.4539692    -3.831   -11.544
svyaugb08          geo-0056:sv1-20080827-S-3-1A       54705.894112 08-AUG-27 21:27:31.27      1.033920     2  18.60  18.60  44255.36088  0.0000000   20.2170    97.6786     0.0000   219.4665   -26.76      0.00000  0.0000000    0.0000     0.0000     0.0000     0.0000  21.19578561  -18.1426346    17.009   -12.689
svyaugb08          geo-0018:sv1-20080828-S-3-1A       54706.905003 08-AUG-28 21:43:12.25      2.066400     3  18.60  18.70  46550.42851  0.0000000   13.4365    55.4312     0.0000   259.8885   -56.14      0.00437  0.0000000    0.0014     0.0335     0.0000     0.0325  21.15182855  -18.3900622    11.763   -13.224
svyaugb08          geo-0062:sv1-20080828-S-3-1A       54706.916485 08-AUG-28 21:59:44.30      1.032480     2  18.20  18.30  41992.19817  0.0000000   17.5157   358.6581     0.0000   315.2410     2.21      0.00000  0.0000000    0.0000     0.0000     0.0000     0.0000  21.15510715  -18.1802340     7.836   -12.235
svyaugb08          geo-0004:sv1-20080829-S-1-1A       54707.867271 08-AUG-29 20:48:52.21      1.033920     2  14.50  14.60  43324.18398  0.0000000   22.3407   347.8661     0.0000   324.8252   -14.84      0.00000  0.0000000    0.0000     0.0000     0.0000     0.0000  21.21067854  -18.0658138    24.124   -12.649
svyaugb08          geo-0063:sv1-20080829-S-1-1A       54707.885929 08-AUG-29 21:15:44.26      2.066400     3  18.30  18.40  41954.03154  0.0000000   17.5511   358.4996     0.0000   315.2597     2.69      0.00866  0.0000000    0.0126     0.0410     0.0000     0.0391  21.20263626  -18.0436121    17.746   -12.255
svyaugb08          geo-0018:sv1-20080829-S-1-1B       54707.871218 08-AUG-29 20:54:33.23      2.066400     3  16.00  16.00  43051.26380  0.0000000   12.3015    25.9693     0.0000   288.2546   -11.35      0.00255  0.0000000    0.0016     0.0223     0.0000     0.0218  21.19570820  -17.0904410    22.556   -11.673
svyaugb08          geo-0020:sv1-20080829-S-2-1A       54707.895582 08-AUG-29 21:29:38.28      2.066400     3  17.60  17.60  43538.86212  0.0000000   13.0694    58.1959     0.0000   256.8537   -17.59      0.02541  0.0000000    0.0115     0.2130     0.0000     0.2075  21.16102895  -18.2726689    13.850   -12.721
svyaugb08          geo-0004:sv1-20080829-S-2-1B       54707.890200 08-AUG-29 21:21:53.28      1.033920     2  17.40  17.50  38481.26737  0.0000000   11.6282    36.4972     0.0000   277.3932    47.15      0.00000  0.0000000    0.0000     0.0000     0.0000     0.0000  21.16418200  -17.5602223    15.124   -11.530
svyaugb08          geo-0092:sv1-20080829-S-7-1B       54707.955882 08-AUG-29 22:56:28.20      2.066400     2  17.30  17.40  42066.74593  0.0000000   15.1456     4.3317     0.0000   309.9102     1.25      0.00000  0.0000000    0.0000     0.0000     0.0000     0.0000  21.06449760  -17.4622496    -7.388   -11.561
svyaugb08          geo-0049:sv1-20080830-S-38-1A      54709.238014 08-AUG-31 05:42:44.40      1.032480     2  18.30  18.30  50657.96929  0.0000000    8.8501    86.8993     0.0000   279.6656  -108.72      0.00000  0.0000000    0.0000     0.0000     0.0000     0.0000   0.07550338  -13.0349877   -58.782    -8.724
svyaugb08          geo-0011:sv1-20080830-S-38-1B      54709.221151 08-AUG-31 05:18:27.44      3.100320     4  17.20  17.30  47453.48903  0.0000000    7.3346    88.7079     0.0000   277.5161   -67.70      0.03644  0.0000000    0.0095     0.5024     0.0000     0.4984   0.07108283  -11.5513529   -53.089    -7.271
svyaugb08          geo-0013:sv1-20080830-S-38-1B      54709.221868 08-AUG-31 05:19:29.39      1.033920     2  13.70  13.80  30092.79551  0.0000000    6.2582   141.8797     0.0000   227.3671   154.52      0.00000  0.0000000    0.0000     0.0000     0.0000     0.0000   0.08030742  -11.5858357   -50.557    -4.600
svyaugb08          geo-0041:sv1-20080830-S-8-1B       54708.961564 08-AUG-30 23:04:39.12      2.066400     3  17.20  17.30  42048.49278  0.0000000   15.1345     4.3516     0.0000   309.7781     1.48      0.00228  0.0000000    0.0030     0.0136     0.0000     0.0131  21.04198147  -17.4849455   -10.539   -11.575
svyaugb08          geo-0002:sv1-20080903-S-2-1A       54712.928219 08-SEP-03 22:16:38.12      1.033920     2  13.30  13.50  42839.98482  0.0000000   12.5150    31.5672     0.0000   282.6384    -8.65      0.00000  0.0000000    0.0000     0.0000     0.0000     0.0000  21.06173568  -18.1919552    -3.070   -12.207
svyaugb08          geo-0071:sv1-20080903-S-2-1A       54712.944007 08-SEP-03 22:39:22.20      2.066400     3  13.70  13.80  41826.55816  0.0000000   13.6357    20.7541     0.0000   293.6267     4.33      0.01412  0.0000000    0.0119     0.1119     0.0000     0.1087  21.05141386  -18.5018674    -8.283   -12.473
svyaugb08          geo-0020:sv1-20080903-S-37-1A      54713.216173 08-SEP-04 05:11:17.34      3.100320     4  17.80  17.90  60639.18660  0.0000000   12.8413    52.4512     0.0000   312.4370  -236.48      0.03351  0.0000000    0.0310     0.1509     0.0000     0.1471   0.07453459  -13.0659694   -55.908    -9.441
svyaugb08          geo-0031:sv1-20080903-S-37-1A      54713.219044 08-SEP-04 05:15:25.40      3.100320     4  16.00  16.10  53872.48562  0.0000000    9.7697   120.4466     0.0000   245.8034  -149.86      0.04581  0.0000000    0.0289     0.3817     0.0000     0.3761   0.06505590  -13.0115073   -56.620    -8.904
svyaugb08          geo-0031:sv1-20080904-S-1-1B       54713.890212 08-SEP-04 21:21:54.31      2.066400     3  14.90  15.00  42173.55231  0.0000000   13.1226    17.9269     0.0000   296.1488    -0.12      0.01137  0.0000000    0.0103     0.0907     0.0000     0.0883  21.14313293  -17.4215489     9.842   -11.759
svyaugb08          geo-0075:sv1-20080904-S-4-1A       54713.932419 08-SEP-04 22:22:41.00      2.064960     3  12.60  12.80  42856.70381  0.0000000   13.8597    21.0325     0.0000   293.5083    -8.86      0.00123  0.0000000    0.0010     0.0093     0.0000     0.0091  21.07513218  -18.5234120    -4.908   -12.689
svyaugb08          geo-0089:sv1-20080904-S-4-1A       54713.933854 08-SEP-04 22:24:44.98      1.033920     2  12.80  13.00  41817.01826  0.0000000   13.6770    20.3658     0.0000   294.2122     4.45      0.00000  0.0000000    0.0000     0.0000     0.0000     0.0000  21.07534484  -18.4726763    -5.392   -12.454
svyaugb08          geo-0007:sv1-20080904-S-4-1B       54713.919861 08-SEP-04 22:04:35.99      2.066400     3  12.50  12.60  42454.17804  0.0000000   12.0408    34.6908     0.0000   279.6581    -3.71      0.00323  0.0000000    0.0012     0.0306     0.0000     0.0299  21.07507182  -17.5845532    -0.979   -11.868
svysep08           geo-0004:sv1-20080928-S-25-1A      54738.244872 08-SEP-29 05:52:36.94      1.033920     2  17.60  17.70  45798.16564  0.0000000   10.0595   334.6767     0.0000    59.9522   -46.51      0.00000  0.0000000    0.0000     0.0000     0.0000     0.0000   1.54454043    5.2321050   -62.278     8.696
svysep08           geo-0010:sv1-20081003-S-1-1B       54742.855266 08-OCT-03 20:31:34.98      2.066400     3  16.40  16.60  41164.23442  0.0000000   17.4963     9.2971     0.0000   323.7697    12.80      0.01362  0.0000000    0.0231     0.0558     0.0000     0.0531  22.35313080  -16.0549756    13.544   -10.235
svysep08           geo-0017:sv1-20081003-S-1-1B       54742.861007 08-OCT-03 20:39:51.00      1.033920     2  17.90  18.10  41003.44224  0.0000000   16.3952    10.0449     0.0000   323.3376    14.86      0.00000  0.0000000    0.0000     0.0000     0.0000     0.0000  22.35132184  -15.3443605    11.636    -9.703
svysep08           geo-0025:sv1-20081003-S-1-1B       54742.863159 08-OCT-03 20:42:56.93      2.067840     3  15.50  15.70  38235.11976  0.0000000   13.9238    17.9271     0.0000   315.4677    50.30      0.00940  0.0000000    0.0153     0.0619     0.0000     0.0600  22.34586417  -16.0522787    10.593    -9.716
svysep08           geo-0003:sv1-20081003-S-50-1B      54743.218878 08-OCT-04 05:15:11.05      1.033920     2  18.90  19.00  42925.67315  0.0000000   11.1951   338.7226     0.0000    56.3438    -9.74      0.00000  0.0000000    0.0000     0.0000     0.0000     0.0000   1.56102707    5.5145125   -57.509     9.300
svysep08           geo-0034:sv1-20081003-S-50-1B      54743.236100 08-OCT-04 05:39:59.04      1.033920     2  18.20  18.20  43767.55616  0.0000000   15.5165   358.6768     0.0000    37.3530   -20.52      0.00000  0.0000000    0.0000     0.0000     0.0000     0.0000   1.56181473    5.5459702   -63.274     9.341
svysep08           geo-0047:sv1-20081003-S-50-1B      54743.238253 08-OCT-04 05:43:05.05      1.032480     2  15.30  15.40  43050.25613  0.0000000   10.1315   333.9363     0.0000    61.5378   -11.34      0.00000  0.0000000    0.0000     0.0000     0.0000     0.0000   1.56004907    5.2123147   -63.964     8.896
svysep08           geo-0040:sv1-20081004-S-48-1B      54744.220063 08-OCT-05 05:16:53.44      2.066400     3  18.00  18.00  41023.63886  0.0000000   10.4189   333.0391     0.0000    62.3490    14.60      0.00986  0.0000000    0.0096     0.1020     0.0000     0.1003   1.56231118    5.3447022   -58.485     9.218
svysep08           geo-0057:sv1-20081004-S-5-1A       54743.895986 08-OCT-04 21:30:13.19      2.066400     3  11.70  12.00  42715.77862  0.0000000   12.1326    36.1869     0.0000   298.2984    -7.06      0.00245  0.0000000    0.0024     0.0204     0.0000     0.0200  22.29192919  -16.3619178    -1.463   -10.664
svysep08           geo-0063:sv1-20081004-S-5-1A       54743.898856 08-OCT-04 21:34:21.15      1.033920     2  19.20  19.40  37429.71832  0.0000000   11.6669    95.1879     0.0000   240.3967    60.61      0.00000  0.0000000    0.0000     0.0000     0.0000     0.0000  22.30179355  -16.5744133    -2.460   -10.127
svysep08           geo-0039:sv1-20081004-S-5-1B       54743.889886 08-OCT-04 21:21:26.15      2.066400     3  18.10  18.30  49442.29937  0.0000000   11.8659    84.3102     0.0000   251.2731   -93.16      0.03178  0.0000000    0.0173     0.2475     0.0000     0.2423  22.29483076  -16.1839788     0.914   -11.229
svyoct08           geo-0081:sv1-20081024-S-6-1A       54763.920833 08-OCT-24 22:05:59.97      2.066400     3  16.00  16.20  43991.22626  0.0000000   10.8370    54.2057     0.0000   304.2531   -23.38      0.00844  0.0000000    0.0093     0.0716     0.0000     0.0703   0.01530512  -14.3220316    -6.234    -8.940
svynov08           geo-0016:sv1-20081122-S-50-1A      54793.268324 08-NOV-23 06:26:23.19      2.066400     3  17.10  17.70  42824.89326  0.0000000   12.6670    22.5875     0.0000   102.9791    -8.45      0.00191  0.0000000    0.0009     0.0172     0.0000     0.0168   8.13228396    9.3307075   -33.318    12.338
svynov08           geo-0003:sv1-20081123-S-2-1A       54793.815281 08-NOV-23 19:34:00.27      2.066400     3  14.30  14.40  43027.66374  0.0000000    9.3324   329.1994     0.0000    65.7258   -11.05      0.00658  0.0000000    0.0054     0.0743     0.0000     0.0733   2.45102748    4.5105085    37.997     8.501
svynov08           geo-0029:sv1-20081123-S-2-1A       54793.819587 08-NOV-23 19:40:12.31      1.032480     2  15.90  15.90  40840.01173  0.0000000    9.6280   328.4963     0.0000    66.3726    16.95      0.00000  0.0000000    0.0000     0.0000     0.0000     0.0000   2.45587906    4.5943412    36.374     8.814
svynov08           geo-0036:sv1-20081123-S-2-1A       54793.823892 08-NOV-23 19:46:24.26      1.033920     2  16.40  16.50  42278.41160  0.0000000    9.8654   329.9140     0.0000    65.2757    -1.46      0.00000  0.0000000    0.0000     0.0000     0.0000     0.0000   2.45465691    5.1813816    35.115     8.953
svynov08           geo-0040:sv1-20081123-S-2-1A       54793.824610 08-NOV-23 19:47:26.30      1.033920     2  18.00  18.10  42415.28560  0.0000000    9.7109   330.8620     0.0000    64.4104    -3.21      0.00000  0.0000000    0.0000     0.0000     0.0000     0.0000   2.45573101    5.0552113    34.940     8.751
svynov08           geo-0046:sv1-20081123-S-2-1A       54793.826045 08-NOV-23 19:49:30.28      2.066400     3  16.90  17.00  37152.74822  0.0000000   14.6097   354.4151     0.0000    40.4061    64.15      0.00527  0.0000000    0.0094     0.0324     0.0000     0.0313   2.45174981    5.1604996    33.368     9.410
svynov08           geo-0021:sv1-20081123-S-2-1B       54793.817792 08-NOV-23 19:37:37.22      2.066400     3  18.80  18.90  41222.06900  0.0000000    9.5149   291.5127     0.0000   102.7501    12.06      0.00000  0.0000000    0.0000     0.0000     0.0000     0.0000   2.45213711    5.3200822    36.887     9.278
svynov08           geo-0081:sv1-20081123-S-2-1B       54793.831427 08-NOV-23 19:57:15.29      1.033920     2  17.20  17.30  50338.79624  0.0000000    9.4479   287.0954     0.0000   108.8713  -104.63      0.00000  0.0000000    0.0000     0.0000     0.0000     0.0000   2.46167167    5.5601660    33.738     8.936
svynov08           geo-0084:sv1-20081123-S-56-1A      54794.257054 08-NOV-24 06:10:09.46      2.066400     3  17.00  17.60  42843.30165  0.0000000   12.6639    22.6801     0.0000   103.1822    -8.69      0.00482  0.0000000    0.0023     0.0433     0.0000     0.0422   8.16346959    9.3348472   -29.936    12.325
svynov08           geo-0012:sv1-20081124-S-1-1B       54794.817697 08-NOV-24 19:37:29.02      1.032480     2  15.50  15.60  43437.80299  0.0000000   13.0442   348.0300     0.0000    47.4571   -16.30      0.00000  0.0000000    0.0000     0.0000     0.0000     0.0000   2.44542040    6.0412569    36.242     9.572
svynov08           geo-0054:sv1-20081124-S-2-1A       54794.849192 08-NOV-24 20:22:50.18      1.033920     2  17.90  17.90  43471.83477  0.0000000   10.4749   336.8566     0.0000    58.7056   -16.73      0.00000  0.0000000    0.0000     0.0000     0.0000     0.0000   2.42401116    5.3010155    25.265     8.937
svynov08           geo-0059:sv1-20081124-S-2-1A       54794.850627 08-NOV-24 20:24:54.17      2.066400     3  18.40  18.50  44801.46058  0.0000000    9.7252   333.7334     0.0000    61.9254   -33.75      0.00593  0.0000000    0.0053     0.0596     0.0000     0.0587   2.42309081    5.1255039    24.927     8.572
svynov08           geo-0062:sv1-20081124-S-2-1B       54794.848116 08-NOV-24 20:21:17.22      2.066400     3  16.50  16.60  42146.90693  0.0000000   14.3918   353.1559     0.0000    42.6061     0.23      0.00416  0.0000000    0.0063     0.0235     0.0000     0.0228   2.42249364    6.1251260    25.374     9.687
svynov08           geo-0067:sv1-20081124-S-2-1B       54794.850268 08-NOV-24 20:24:23.15      1.033920     2  17.70  17.80  49915.55521  0.0000000   13.5422   353.2759     0.0000    43.2826   -99.21      0.00000  0.0000000    0.0000     0.0000     0.0000     0.0000   2.42082148    6.1907982    25.497     9.238
svynov08           geo-0013:sv1-20081125-S-11-1B      54795.882237 08-NOV-25 21:10:25.27      2.066400     3  12.80  12.90  42126.30827  0.0000000   14.5490   353.7561     0.0000    41.5216     0.49      0.00510  0.0000000    0.0078     0.0280     0.0000     0.0271   2.34019061    6.1438050    11.570     9.586
svynov08           geo-0020:sv1-20081125-S-5-1A       54795.834319 08-NOV-25 20:01:25.16      2.066400     3  17.90  18.00  40015.96099  0.0000000   10.3724   335.4690     0.0000    59.2556    27.50      0.00795  0.0000000    0.0088     0.0828     0.0000     0.0814   2.42560101    5.0523134    28.824     8.902
svynov08           geo-0033:sv1-20081125-S-5-1A       54795.841495 08-NOV-25 20:11:45.16      2.066400     3  19.00  19.10  44793.14785  0.0000000    9.7359   333.8578     0.0000    61.7249   -33.65      0.01825  0.0000000    0.0165     0.1830     0.0000     0.1802   2.43022248    5.1110791    27.160     8.565
svynov08           geo-0041:sv1-20081125-S-5-1A       54795.845083 08-NOV-25 20:16:55.17      1.032480     2  17.20  17.30  37158.14600  0.0000000   14.6628   354.6193     0.0000    40.4553    64.08      0.00000  0.0000000    0.0000     0.0000     0.0000     0.0000   2.42435662    5.2532097    24.770     9.453
svydec08           geo-0008:sv1-20081227-S-7-1A       54827.896218 08-DEC-27 21:30:33.23      1.032480     2  17.10  17.20  41933.60918  0.0000000   13.6971    13.1207     0.0000    54.7991     2.96      0.00000  0.0000000    0.0000     0.0000     0.0000     0.0000   4.43190142    8.0329219     7.768    11.156
svydec08           geo-0046:sv1-20081228-S-2-1A       54828.850940 08-DEC-28 20:25:21.21      1.032480     2   6.20  12.80  40914.37411  0.0000000   13.0805     7.4121     0.0000    60.4502    16.00      0.00000  0.0000000    0.0000     0.0000     0.0000     0.0000   4.51502613    7.5940067    23.201    11.355
