Campaign           Name                              Osc_epoch     Date      Time        arcl [min]    # obs mag_c   mag_u  a(km)        e          i(dg)     raan(dg)   w(dg)      s(dg)      dn(dg/d) da(km)       de         di(dg)    draan(dg)  dw(dg)     ds(dg)     R.A.(h)      Decl.(dg)    lon(dg)   lat(dg)  
followjan08b       geo-0009:sv2-20080103-U-11-1       54469.086913 08-JAN-04 02:05:09.28      2.583360     6  13.30  13.60  42529.64307  0.0000000   15.2363     1.3410     0.0000    61.2744    -4.67      0.00358  0.0000000    0.0034     0.0242     0.0000     0.0234   3.39110269    9.5956970   -72.618    13.324
svyjan08_gto75     geo-0032:sv1-20080105-S-15-1A      54470.968305 08-JAN-05 23:14:21.55      2.200320     3  19.90  20.10  44851.34042  0.0000000   10.5283   335.8459     0.0000   155.0864   -34.39      0.04887  0.0000000    0.0844     0.2127     0.0000     0.2098   9.10233718    0.3647836    37.786     4.415
svyjan08_gto75     geo-0033:sv1-20080105-S-19-1A      54471.012183 08-JAN-06 00:17:32.61      1.100160     2   8.90  18.10  39506.13762  0.0000000   16.0230   329.5108     0.0000   160.5943    34.03      0.00000  0.0000000    0.0000     0.0000     0.0000     0.0000   9.05546262    1.0020498    21.450     5.262
svyjan08_gto75     geo-0013:sv1-20080105-S-20-1A      54471.018919 08-JAN-06 00:27:14.60      3.300480     4  19.30  19.50  45050.56775  0.0000000   16.9398   326.9649     0.0000   163.4880   -36.94      0.03787  0.0000000    0.0689     0.0689     0.0000     0.0666   9.03148574    1.0126100    19.346     4.750
svyjan08_gto75     geo-0018:sv1-20080105-S-20-1A      54471.020446 08-JAN-06 00:29:26.53      2.200320     3  16.60  16.80  47948.65396  0.0000000    4.4976    39.5726     0.0000    92.0825   -74.04      0.01398  0.0000000    0.0014     0.3156     0.0000     0.3146   9.04062293    0.5925740    19.323     4.495
svyjan08_gto75     geo-0017:sv1-20080105-S-25-1A      54471.057509 08-JAN-06 01:22:48.77      2.200320     3  13.10  13.30  45417.25419  0.0000000    6.6617   351.8108     0.0000   139.1380   -41.64      0.00698  0.0000000    0.0100     0.0737     0.0000     0.0732   8.56373725    0.3733684     5.423     4.353
svyjan08_gto75     geo-0017:sv1-20080105-S-46-1A      54471.184392 08-JAN-06 04:25:31.46      4.400640     5  19.70  19.90  62208.71660  0.0000000    6.4962    95.1848     0.0000    34.7156  -256.57      0.01645  0.0000000    0.0178     0.1103     0.0000     0.1097   8.29182912    1.0004797   -41.793     3.694
svyjan08_gto75     geo-0017:sv1-20080105-S-52-1B      54471.230855 08-JAN-06 05:32:25.87      2.200320     3  18.80  18.90  50183.01063  0.0000000    5.5945    75.5524     0.0000    54.4775  -102.64      0.04725  0.0000000    0.0461     0.6665     0.0000     0.6635   8.20551621    1.1230921   -58.393     4.551
svyjan08_gto75     geo-0020:sv2-20080106-S-28-1A      54472.183210 08-JAN-07 04:23:49.34      3.299040     4  17.60  17.80  55339.59869  0.0000000    6.7817   329.4205     0.0000   160.3820  -168.64      0.02127  0.0000000    0.0302     0.0907     0.0000     0.0900   8.28403891   -0.5551315   -42.150     2.272
svyjan08_gto75     geo-0045:sv2-20080106-S-28-1A      54472.187793 08-JAN-07 04:30:25.31      1.100160     2  19.10  19.30  39857.90472  0.0000000   71.5900   312.5563     0.0000   175.9298    29.52      0.00000  0.0000000    0.0000     0.0000     0.0000     0.0000   8.28556332   -0.3215518   -42.465     3.862
svyjan08_gto75     geo-0025:sv2-20080106-S-28-1B      54472.186647 08-JAN-07 04:28:46.30      1.100160     2  20.00  20.10  40116.37791  0.0000000   71.5461   312.5194     0.0000   175.5214    26.22      0.00000  0.0000000    0.0000     0.0000     0.0000     0.0000   8.28296340   -0.0351534   -42.221     4.248
svyjan08_gto75     geo-0044:sv2-20080106-S-33-1B      54472.231845 08-JAN-07 05:33:51.40      2.200320     3  12.70  12.90  42396.68907  0.0000000   11.6173   331.0995     0.0000   159.4684    -2.97      0.01378  0.0000000    0.0264     0.0491     0.0000     0.0479   8.21151050   -0.0131869   -58.682     4.050
svyjan08_gto75     geo-0056:sv2-20080106-S-4-1A       54472.002525 08-JAN-07 00:03:38.16      1.098720     2  12.00  12.20  57283.82047  0.0000000    7.0005   357.2636     0.0000   135.0305  -193.53      0.00000  0.0000000    0.0000     0.0000     0.0000     0.0000   9.06234108    2.0449728    25.653     4.941
svyjan08_gto75     geo-0005:sv2-20080106-S-5-1A       54472.005442 08-JAN-07 00:07:50.18      1.100160     2  17.00  17.20  43495.81661  0.0000000   23.2547   116.6021     0.0000    15.7324   -17.04      0.00000  0.0000000    0.0000     0.0000     0.0000     0.0000   9.05356145    2.2455068    23.205     6.145
svyjan08_gto75     geo-0053:sv2-20080106-S-5-1A       54472.013081 08-JAN-07 00:18:50.19      1.100160     2  14.90  15.10  41443.72306  0.0000000    8.1350   358.8777     0.0000   131.8686     9.23      0.00000  0.0000000    0.0000     0.0000     0.0000     0.0000   9.05116752    2.0642274    20.369     6.049
svyjan08_gto75     geo-0005:sv1-20080107-S-16-1A      54473.158093 08-JAN-08 03:47:39.23      2.200320     3  12.00  18.40  60669.77609  0.0000000   19.7980   327.5355     0.0000   161.4344  -236.87      0.00000  0.0000000    0.0000     0.0000     0.0000     0.0000   8.32596560    3.4033491   -34.000     6.191
svyjan08_gto75     geo-0029:sv1-20080107-S-16-1A      54473.162677 08-JAN-08 03:54:15.29      3.299040     4  15.90  16.00  50670.95604  0.0000000    7.8259    73.3268     0.0000    57.3402  -108.88      0.03591  0.0000000    0.0320     0.3704     0.0000     0.3670   8.32339161    3.3314453   -35.230     6.583
svyjan08_gto75     geo-0030:sv1-20080108-S-15-1B      54473.987375 08-JAN-08 23:41:49.20      1.100160     2  13.90  14.00  41872.11819  0.0000000    9.7385    54.2496     0.0000    76.9374     3.74      0.00000  0.0000000    0.0000     0.0000     0.0000     0.0000   9.08033620    5.5545265    27.646     9.484
svyjan08_gto75     geo-0021:sv1-20080108-S-16-1A      54473.999076 08-JAN-08 23:58:40.16      2.200320     3  15.80  16.00  42307.98883  0.0000000    8.7553    32.2583     0.0000    98.5603    -1.84      0.14652  0.0000000    0.0475     1.9388     0.0000     1.9161   9.05402923    5.0544688    23.337     8.657
svyjan08_gto75     geo-0018:sv1-20080108-S-17-1A      54474.014215 08-JAN-09 00:20:28.17      3.300480     4  15.70  15.80  51704.24937  0.0000000   10.2532     5.8860     0.0000   125.4862  -122.11      0.01179  0.0000000    0.0112     0.0876     0.0000     0.0862   9.03141107    5.2918626    18.763     8.334
svyjan08_gto75     geo-0020:sv1-20080108-S-17-1A      54474.017271 08-JAN-09 00:24:52.21      2.200320     3  15.80  16.00  51833.78982  0.0000000   10.0457     8.2995     0.0000   123.2753  -123.77      0.00710  0.0000000    0.0064     0.0552     0.0000     0.0543   9.03321624    5.3337062    17.833     8.386
svyjan08_gto75     geo-0051:sv1-20080108-S-34-1A      54474.136149 08-JAN-09 03:16:03.27      1.100160     2  19.40  19.50  42512.82546  0.0000000   11.9977   356.8457     0.0000   133.7543    -4.46      0.00000  0.0000000    0.0000     0.0000     0.0000     0.0000   8.39170088    5.1649472   -25.830     8.636
svyjan08_gto75     geo-0050:sv1-20080108-S-34-1B      54474.137295 08-JAN-09 03:17:42.28      2.200320     3  15.40  15.50  43212.21200  0.0000000   14.2881   350.9336     0.0000   139.2459   -13.41      0.04749  0.0000000    0.0724     0.2510     0.0000     0.2432   8.38225060    6.0434154   -26.409     9.271
svyjan08_gto75     geo-0019:sv1-20080108-S-35-1A      54474.145941 08-JAN-09 03:30:09.30      1.100160     2  17.60  17.70  41969.98190  0.0000000   13.5522   351.1040     0.0000   139.0948     2.49      0.00000  0.0000000    0.0000     0.0000     0.0000     0.0000   8.35576503    5.2620168   -29.599     8.826
svyjan08_gto75     geo-0030:sv1-20080108-S-36-1B      54474.159170 08-JAN-09 03:49:12.28      2.200320     3  18.60  18.70  44058.13308  0.0000000   17.9873   341.2473     0.0000   148.3707   -24.24      0.03464  0.0000000    0.0582     0.1154     0.0000     0.1097   8.33111358    6.1002045   -34.487     9.320
svyjan08_gto75     geo-0031:sv1-20080108-S-41-1A      54474.206902 08-JAN-09 04:57:56.33      1.100160     2  18.50  18.60  58306.47930  0.0000000    8.1553    28.5831     0.0000   101.2488  -206.62      0.00000  0.0000000    0.0000     0.0000     0.0000     0.0000   8.25328242    5.2801137   -52.659     7.998
svyjan08_gto75     geo-0007:sv1-20080108-S-44-1B      54474.226092 08-JAN-09 05:25:34.34      2.200320     3  14.80  14.90  40171.82369  0.0000000   13.1312   358.8599     0.0000   131.4851    25.51      0.00538  0.0000000    0.0078     0.0385     0.0000     0.0374   8.20135896    6.0802416   -58.431     9.799
svyjan08_gto75     geo-0009:sv1-20080204-S-15-1B      54500.990695 08-FEB-04 23:46:36.04      4.400640     5  19.90  20.00  64172.87086  0.0000000    2.4947   339.3817     0.0000   152.2727  -281.71      0.02057  0.0000000    0.0232     0.2772     0.0000     0.2770   8.53098916   -1.3953652     0.509     1.160
svyjan08_gto75     geo-0002:sv1-20080204-S-16-1A      54501.002258 08-FEB-05 00:03:15.09      1.100160     2  16.00  16.10  43462.98449  0.0000000   14.3691   319.4681     0.0000   171.1113   -16.62      0.00000  0.0000000    0.0000     0.0000     0.0000     0.0000   8.50332676   -2.0132814    -4.489     2.198
svyjan08_gto75     geo-0018:sv1-20080204-S-16-1A      54501.009897 08-FEB-05 00:14:15.10      4.402080     4  19.00  19.10  73301.31986  0.0000000    5.6209   131.0665     0.0000     0.5773  -398.55      0.03775  0.0000000    0.0412     0.0152     0.0000     0.0146   8.49552985   -2.2853081    -6.459     0.057
svyjan08_gto75     geo-0024:sv1-20080204-S-16-1A      54501.011425 08-FEB-05 00:16:27.12      1.100160     2  19.50  19.60  32961.59939  0.0000000    5.1059    93.1459     0.0000    37.6541   117.80      0.00000  0.0000000    0.0000     0.0000     0.0000     0.0000   8.49514197   -2.3248623    -7.961     3.117
svyjan08_gto75     geo-0019:sv1-20080204-S-26-1A      54501.101426 08-FEB-05 02:26:03.20      3.300480     4  12.20  16.30  56667.55157  0.0000000    4.8665   323.1858     0.0000   166.7144  -185.64      0.03251  0.0000000    0.0464     0.1288     0.0000     0.1281   8.29241807   -2.0657284   -41.194     1.117
svyjan08_gto75     geo-0019:sv1-20080204-S-32-1A      54501.154538 08-FEB-05 03:42:32.08      3.300480     4  19.90  20.00  58473.21626  0.0000000    1.0495    51.2711     0.0000    77.9976  -208.75      0.03670  0.0000000    0.0108     2.7987     0.0000     2.7983   8.20320899   -2.0337272   -61.046     1.027
svyjan08_gto75     geo-0011:sv1-20080204-S-32-1B      54501.154156 08-FEB-05 03:41:59.07      2.200320     2  16.70  16.80  47682.32291  0.0000000    6.7020   111.8183     0.0000    18.4682   -70.63      0.00000  0.0000000    0.0000     0.0000     0.0000     0.0000   8.20250557   -1.3807393   -60.006     2.119
svyjan08_gto75     geo-0020:sv1-20080204-S-32-1B      54501.155684 08-FEB-05 03:44:11.09      3.300480     4  17.60  17.60  48221.40410  0.0000000    8.2954   324.4343     0.0000   165.5160   -77.53      0.00423  0.0000000    0.0072     0.0129     0.0000     0.0127   8.20097049   -1.3835149   -60.631     2.068
svyjan08_gto75     geo-0026:sv1-20080204-S-32-1B      54501.156448 08-FEB-05 03:45:17.10      2.200320     3  18.90  19.00  42172.26544  0.0000000    9.4943   327.7638     0.0000   162.9322    -0.10      0.00808  0.0000000    0.0158     0.0297     0.0000     0.0291   8.20271630   -1.2709531   -60.086     2.775
svyfeb08_gto105    geo-0020:sv1-20080205-S-27-1B      54502.078371 08-FEB-06 01:52:51.25      4.266720     5  17.60  17.70  58320.31822  0.0000000    5.8061    50.9841     0.0000   111.7454  -206.79      0.03516  0.0000000    0.0188     0.4563     0.0000     0.4540  10.57554927    2.4101950    -0.972     5.392
svyfeb08_gto105    geo-0005:sv1-20080205-S-37-1B      54502.152509 08-FEB-06 03:39:36.77      1.067040     2  16.90  17.00  42990.23545  0.0000000    6.7032    70.4418     0.0000    91.5712   -10.57      0.00000  0.0000000    0.0000     0.0000     0.0000     0.0000  10.40564758    3.0500330   -28.542     6.701
svyfeb08_gto105    geo-0013:sv1-20080205-S-39-1B      54502.174962 08-FEB-06 04:11:56.71      3.201120     4  15.10  15.20  52261.59154  0.0000000    8.9142    25.0849     0.0000   136.1453  -129.24      0.04653  0.0000000    0.0542     0.3335     0.0000     0.3293  10.36400784    3.1059044   -37.093     6.163
svyfeb08_gto105    geo-0009:sv1-20080205-S-42-1B      54502.198399 08-FEB-06 04:45:41.67      2.132640     3  13.40  13.50  42373.63463  0.0000000    6.6405    70.8311     0.0000    91.1409    -2.68      0.00510  0.0000000    0.0005     0.0899     0.0000     0.0893  10.31228975    2.5403492   -45.152     6.639
svymar08_gto75     geo-0019:sv1-20080301-S-18-1A      54527.065190 08-MAR-02 01:33:52.41      1.094400     2  18.60  18.70  54085.26317  0.0000000    3.8013    24.2605     0.0000   160.9217  -152.59      0.00000  0.0000000    0.0000     0.0000     0.0000     0.0000  12.29068750   -2.0936677     1.534     1.242
svymar08_gto75     geo-0002:sv1-20080301-S-23-1B      54527.105191 08-MAR-02 02:31:28.50      2.197440     3  19.40  19.50  43163.18818  0.0000000   14.0433    15.9762     0.0000   168.0885   -12.78      0.16556  0.0000000    0.3240     0.2834     0.0000     0.2767  12.19230771   -1.1755734   -13.715     2.871
svymar08_gto75     geo-0016:sv1-20080301-S-25-1A      54527.128212 08-MAR-02 03:04:37.51      1.094400     2  10.20  10.20  42170.10995  0.0000000    3.3906    45.1345     0.0000   139.5488    -0.07      0.00000  0.0000000    0.0000     0.0000     0.0000     0.0000  12.15480841   -2.1100169   -21.704     2.199
svymar08_gto75     geo-0018:sv1-20080301-S-25-1A      54527.128973 08-MAR-02 03:05:43.26      4.406400     5  15.00  15.10  57788.81262  0.0000000    5.5900   177.3047     0.0000     7.0681  -199.99      0.03449  0.0000000    0.0488     0.0682     0.0000     0.0679  12.14526369   -2.3238329   -22.372     0.687
svymar08_gto75     geo-0011:sv1-20080302-S-7-1B       54528.143189 08-MAR-03 03:26:11.52      1.100160     2  10.20  10.30  42107.63826  0.0000000    4.6061    70.6529     0.0000   114.3234     0.73      0.00000  0.0000000    0.0000     0.0000     0.0000     0.0000  12.13205314    0.0635316   -27.783     4.196
svymar08_gto75     geo-0025:sv1-20080303-S-13-1A      54529.089993 08-MAR-04 02:09:35.39      1.103040     2  16.30  16.30  41371.25704  0.0000000   11.9881    27.6579     0.0000   156.7872    10.15      0.00000  0.0000000    0.0000     0.0000     0.0000     0.0000  12.23562631    0.3611881    -9.712     4.696
svymar08_gto75     geo-0022:sv1-20080303-S-13-1B      54529.085029 08-MAR-04 02:02:26.50      3.300480     3  17.80  17.90  57753.63382  0.0000000    9.6712    30.8757     0.0000   153.8612  -199.54      0.00454  0.0000000    0.0059     0.0169     0.0000     0.0167  12.24028793    1.2323460    -7.760     4.244
svymar08_gto75     geo-0004:sv1-20080303-S-14-1A      54529.095257 08-MAR-04 02:17:10.20      1.105920     2  19.20  19.20  43998.64363  0.0000000   13.1042    25.8188     0.0000   158.4949   -23.48      0.00000  0.0000000    0.0000     0.0000     0.0000     0.0000  12.22113067    0.5759985   -11.687     4.768
svymar08_gto75     geo-0052:sv1-20080304-S-17-1B      54530.186334 08-MAR-05 04:28:19.25      1.104480     2  10.80  10.80  54590.42271  0.0000000   15.2247    25.5665     0.0000   157.6011  -159.05      0.00000  0.0000000    0.0000     0.0000     0.0000     0.0000  12.02328571    2.5004144   -46.495     5.743
svymar08_gto75     geo-0041:sv1-20080304-S-22-1B      54530.246221 08-MAR-05 05:54:33.49      2.200320     3  16.90  17.00  57879.33318  0.0000000    6.6506    62.5467     0.0000   120.2409  -201.15      0.04612  0.0000000    0.0340     0.4999     0.0000     0.4964  11.53007350    2.5547888   -69.037     5.742
svymar08_gto75     geo-0040:sv2-20080305-S-13-1A      54531.192479 08-MAR-06 04:37:10.18      1.105920     2  10.50  10.50  42204.82133  0.0000000    8.5708    61.9474     0.0000   122.3424    -0.52      0.00000  0.0000000    0.0000     0.0000     0.0000     0.0000  11.59464690    3.3220523   -48.997     7.233
svymar08_gto75     geo-0003:sv2-20080305-S-1-1A       54531.030755 08-MAR-06 00:44:17.23      1.104480     2  14.30  14.40  42552.30445  0.0000000   10.3837    51.0125     0.0000   133.2133    -4.96      0.00000  0.0000000    0.0000     0.0000     0.0000     0.0000  12.34023267    3.5746544     9.499     7.548
svymar08_gto75     geo-0022:sv1-20080306-S-15-1A      54532.014346 08-MAR-07 00:20:39.49      3.300480     4  18.70  18.80  56083.19433  0.0000000    6.6417   178.4809     0.0000     7.4031  -178.16      0.03824  0.0000000    0.0563     0.0693     0.0000     0.0681  12.36416888   -2.2523259    15.574     0.854
svymar08_gto75     geo-0013:sv1-20080306-S-15-1B      54532.010906 08-MAR-07 00:15:42.27      2.204640     2  17.80  17.90  50847.99140  0.0000000   22.5837    10.0398     0.0000   175.1149  -111.15      0.00000  0.0000000    0.0000     0.0000     0.0000     0.0000  12.37212584   -1.4014289    16.509     1.874
svymar08_gto75     geo-0018:sv1-20080306-S-23-1B      54532.063421 08-MAR-07 01:31:19.57      3.300480     4  10.60  10.60  47498.49631  0.0000000    2.1238   111.2485     0.0000    73.5813   -68.28      0.02709  0.0000000    0.0135     1.2540     0.0000     1.2531  12.26246483   -1.4812229    -3.157     2.037
svymar08_gto75     geo-0036:sv1-20080306-S-33-1A      54532.143849 08-MAR-07 03:27:08.55      1.095840     2  17.00  17.10  40632.41705  0.0000000    4.9983   160.1364     0.0000    25.0077    19.61      0.00000  0.0000000    0.0000     0.0000     0.0000     0.0000  12.10336814   -2.2746322   -31.949     2.111
svymar08_gto75     geo-0014:sv1-20080306-S-33-1B      54532.139646 08-MAR-07 03:21:05.41      1.095840     2  12.60  12.60  43306.29837  0.0000000    9.9830   170.2961     0.0000    14.6751   -14.62      0.00000  0.0000000    0.0000     0.0000     0.0000     0.0000  12.10433511   -1.4045980   -30.734     2.517
svymar08_gto75     geo-0001:sv1-20080306-S-34-1B      54532.147842 08-MAR-07 03:32:53.54      1.097280     2  17.70  17.80  45567.34084  0.0000000   16.8345    12.0330     0.0000   172.1467   -43.56      0.00000  0.0000000    0.0000     0.0000     0.0000     0.0000  12.08300531   -1.4315906   -33.938     2.268
svymar08_gto75     geo-0025:sv1-20080306-S-35-1B      54532.179346 08-MAR-07 04:18:15.49      1.097280     2  17.40  17.40  43496.54774  0.0000000   13.8389    15.9531     0.0000   168.4479   -17.05      0.00000  0.0000000    0.0000     0.0000     0.0000     0.0000  12.02586624   -1.2233716   -45.096     2.746
svymar08_gto75     geo-0036:sv1-20080306-S-35-1B      54532.182400 08-MAR-07 04:22:39.36      1.103040     2  19.20  19.20  53724.23076  0.0000000    5.3277    23.3227     0.0000   160.8135  -147.96      0.00000  0.0000000    0.0000     0.0000     0.0000     0.0000  12.03380251   -1.3620551   -46.713     1.749
svymar08_gto75     geo-0015:sv1-20080307-S-16-1B      54533.077633 08-MAR-08 01:51:47.49      1.095840     2  15.10  15.10  41382.56044  0.0000000   11.9571    27.6684     0.0000   156.7824    10.01      0.00000  0.0000000    0.0000     0.0000     0.0000     0.0000  12.24165342    0.3530041    -9.190     4.685
svymar08_gto75     geo-0003:sv1-20080307-S-20-1A      54533.108687 08-MAR-08 02:36:30.55      4.400640     3  18.30  18.30  72723.94624  0.0000000    3.6745    76.5039     0.0000   107.7097  -391.16      0.02417  0.0000000    0.0083     0.3951     0.0000     0.3942  12.15300326    1.1317388   -21.054     3.500
svymar08_gto75     geo-0003:sv1-20080307-S-22-1B      54533.127958 08-MAR-08 03:04:15.57      2.200320     3  10.50  10.60  42144.96977  0.0000000    4.6033    70.7391     0.0000   113.5661     0.25      0.04256  0.0000000    0.0355     0.9956     0.0000     0.9923  12.10358977    0.0821929   -27.885     4.219
svymar08_gto75     geo-0008:sv1-20080307-S-27-1B      54533.173372 08-MAR-08 04:09:39.34      4.397760     5  12.00  12.00  57695.36925  0.0000000    6.6367    33.6711     0.0000   149.5679  -198.80      0.05296  0.0000000    0.0660     0.3320     0.0000     0.3296  12.01549260    0.2353046   -45.246     3.356
svymar08_gto75     geo-0018:sv1-20080307-S-29-1B      54533.195316 08-MAR-08 04:41:15.30      4.402080     5  19.60  19.60  68166.97307  0.0000000   11.3532   169.9638     0.0000    13.0078  -332.83      0.02819  0.0000000    0.0330     0.0398     0.0000     0.0392  11.58394375    0.0031589   -53.848     2.540
svyapr08_gto105    geo-0025:sv1-20080401-S-18-1B      54558.050174 08-APR-02 01:12:15.03      1.067040     2  16.60  16.70  42183.89885  0.0000000   10.7875   323.3551     0.0000   251.8940    -0.25      0.00000  0.0000000    0.0000     0.0000     0.0000     0.0000  14.33278732  -16.0701271     6.124   -10.247
svyapr08_gto105    geo-0033:sv1-20080401-S-24-1B      54558.107246 08-APR-02 02:34:26.05      1.067040     2  16.80  16.90  39244.30753  0.0000000   14.8753   357.0389     0.0000   218.9244    37.38      0.00000  0.0000000    0.0000     0.0000     0.0000     0.0000  14.21321123  -15.4506809   -14.411    -9.282
svyapr08_gto105    geo-0009:sv1-20080401-S-25-1A      54558.113052 08-APR-02 02:42:47.69      1.072800     2  20.00  20.10  41622.30728  0.0000000   14.8516   349.8229     0.0000   225.8678     6.94      0.00000  0.0000000    0.0000     0.0000     0.0000     0.0000  14.18444671  -16.4907609   -16.802   -10.601
svyapr08_gto105    geo-0027:sv1-20080401-S-28-1A      54558.143174 08-APR-02 03:26:10.23      1.067040     2  15.20  15.30  43247.55379  0.0000000   13.2323   341.4078     0.0000   234.2433   -13.86      0.00000  0.0000000    0.0000     0.0000     0.0000     0.0000  14.13056479  -16.3722870   -27.476   -10.705
svyapr08_gto105    geo-0021:sv1-20080401-S-33-1A      54558.179883 08-APR-02 04:19:01.89      3.199680     4  16.60  16.70  56820.98302  0.0000000   20.7494   359.7912     0.0000   215.7261  -187.60      0.01995  0.0000000    0.0235     0.0481     0.0000     0.0450  14.03576293  -16.1631485   -41.928   -11.939
svyapr08_gto105    geo-0002:sv2-20080402-S-2-1A       54559.080324 08-APR-03 01:55:39.99      3.199680     3  17.10  17.20  53607.11226  0.0000000   10.4781   299.1900     0.0000   275.5377  -146.47      0.00961  0.0000000    0.0017     0.0810     0.0000     0.0797  14.24219251  -15.0422475    -5.870   -10.429
svyapr08_gto105    geo-0019:sv2-20080402-S-8-1A       54559.145047 08-APR-03 03:28:52.06      1.065600     2  14.30  14.40  41179.19296  0.0000000    9.8694   331.8070     0.0000   243.2162    12.61      0.00000  0.0000000    0.0000     0.0000     0.0000     0.0000  14.10373966  -14.4808836   -29.376    -8.802
svyapr08_gto105    geo-0028:sv2-20080402-S-9-1B       54559.161968 08-APR-03 03:53:14.03      3.199680     4  11.20  11.20  48922.12900  0.0000000   11.3441   270.3412     0.0000   303.4452   -86.50      0.05069  0.0000000    0.0485     0.3669     0.0000     0.3598  14.07205669  -14.2404254   -35.854    -9.447
svyapr08_gto105    geo-0005:sv1-20080404-S-11-1B      54561.202536 08-APR-05 04:51:39.11      1.062720     2  16.80  16.80  45639.01736  0.0000000   12.5319     5.3117     0.0000   209.5393   -44.47      0.00000  0.0000000    0.0000     0.0000     0.0000     0.0000  13.58343412  -10.5417620   -52.516    -6.141
svyapr08_gto105    geo-0037:sv1-20080404-S-3-1A       54561.148924 08-APR-05 03:34:27.03      2.128320     3  16.80  16.90  52817.02707  0.0000000    8.2763   289.2697     0.0000   284.8467  -136.35      0.00596  0.0000000    0.0025     0.0628     0.0000     0.0622  14.09142154  -12.2638577   -33.160    -7.998
svyapr08_gto105    geo-0001:sv1-20080405-S-26-1A      54562.107511 08-APR-06 02:34:48.95      2.132640     3  28.10  10.40  38972.80155  0.0000000    7.9883   358.8906     0.0000   215.9408    40.85      0.00304  0.0000000    0.0055     0.0290     0.0000     0.0287  14.16427823  -10.3307113   -18.895    -4.679
svyapr08_gto105    geo-0001:sv1-20080405-S-27-1B      54562.120033 08-APR-06 02:52:50.85      1.061280     2  10.70  10.80  43512.09084  0.0000000    7.3041   355.4764     0.0000   219.2865   -17.25      0.00000  0.0000000    0.0000     0.0000     0.0000     0.0000  14.14043377   -9.4638540   -23.448    -4.617
svyapr08_gto105    geo-0014:sv1-20080405-S-35-1B      54562.198550 08-APR-06 04:45:54.72      1.061280     2  10.80  10.90  38510.18009  0.0000000    7.4962     0.5431     0.0000   214.7635    46.78      0.00000  0.0000000    0.0000     0.0000     0.0000     0.0000  13.58408900   -9.4913720   -51.249    -4.266
svyapr08_gto105    geo-0026:sv1-20080411-S-13-1A      54568.155163 08-APR-12 03:43:26.08      1.065600     2  17.90  17.90  50572.32523  0.0000000    6.2522   324.4164     0.0000   250.0677  -107.62      0.00000  0.0000000    0.0000     0.0000     0.0000     0.0000  14.05119873  -10.1437467   -42.203    -5.876
svyapr08_gto105    geo-0011:sv1-20080411-S-17-1B      54568.183033 08-APR-12 04:23:34.05      1.067040     2  10.80  10.80  38526.31521  0.0000000    7.4966     0.5266     0.0000   214.7620    46.57      0.00000  0.0000000    0.0000     0.0000     0.0000     0.0000  13.58271820   -9.4843116   -51.579    -4.266
svyapr08_gto105    geo-0001:sv2-20080412-S-14-1B      54569.082908 08-APR-13 01:59:23.25      4.262400     5  11.10  11.20  66173.93121  0.0000000    8.2086   256.7395     0.0000   317.5005  -307.32      0.01298  0.0000000    0.0117     0.0746     0.0000     0.0738  14.18003705   -8.5145499   -16.946    -5.535
svyapr08_gto105    geo-0020:sv2-20080412-S-14-1B      54569.091056 08-APR-13 02:11:07.23      2.128320     3  18.80  18.90  56892.26091  0.0000000    4.3998   307.5139     0.0000   267.2894  -188.52      0.02751  0.0000000    0.0026     0.5183     0.0000     0.5168  14.17509974   -8.1218738   -19.626    -4.395
svyapr08_gto105    geo-0020:sv2-20080412-S-16-1B      54569.108970 08-APR-13 02:36:55.00      1.067040     2   5.80  11.20  44140.40847  0.0000000    8.5826    12.6325     0.0000   202.6135   -25.29      0.00000  0.0000000    0.0000     0.0000     0.0000     0.0000  14.14410441   -8.1111267   -25.870    -3.290
svymay08_gto75     geo-0020:sv1-20080430-S-28-1B      54587.093501 08-MAY-01 02:14:38.48      2.194560     3   8.80  13.40  41991.46761  0.0000000   16.5034     9.0963     0.0000   231.7957     2.21      0.00466  0.0000000    0.0059     0.0263     0.0000     0.0253  16.00561900  -19.1911173   -13.330   -12.899
svymay08_gto75     geo-0018:sv1-20080430-S-31-1A      54587.126106 08-MAY-01 03:01:35.55      2.200320     3  11.20  16.90  43235.42843  0.0000000   14.6412   355.8173     0.0000   244.3283   -13.71      0.00516  0.0000000    0.0044     0.0362     0.0000     0.0350  15.52114599  -19.2248267   -25.416   -13.168
svymay08_gto75     geo-0042:sv2-20080501-S-10-1A      54587.992656 08-MAY-01 23:49:25.47      2.200320     3  16.40  16.50  46230.75420  0.0000000   14.4695   298.3443     0.0000   300.7979   -52.05      0.00000  0.0000000    0.0000     0.0000     0.0000     0.0000  16.19385879  -17.3203510    22.333   -12.394
svymay08_gto75     geo-0039:sv2-20080501-S-13-1A      54588.032656 08-MAY-02 00:47:01.47      1.095840     2  18.40  18.50  41516.00881  0.0000000   12.2821   348.0473     0.0000   252.2736     8.30      0.00000  0.0000000    0.0000     0.0000     0.0000     0.0000  16.14431160  -17.4657090     7.866   -11.691
svymay08_gto75     geo-0004:sv2-20080501-S-13-1B      54588.026161 08-MAY-02 00:37:40.31      2.203200     3  19.40  19.50  39241.07784  0.0000000   12.8041   358.6032     0.0000   241.2079    37.42      0.07057  0.0000000    0.0743     0.6127     0.0000     0.5978  16.13411876  -17.3523718     9.476   -11.199
svymay08_gto75     geo-0032:sv2-20080501-S-22-1A      54588.164887 08-MAY-02 03:57:26.23      3.300480     3  11.00  11.00  50067.10433  0.0000000   42.4664    44.8497     0.0000   199.0123  -101.15      0.05400  0.0000000    0.0866     0.0452     0.0000     0.0337  15.44250303  -17.4536267   -40.689   -12.706
svymay08_gto75     geo-0014:sv2-20080501-S-23-1A      54588.172321 08-MAY-02 04:08:08.53      1.098720     2  17.20  17.30  31283.54712  0.0000000   11.1176     0.0431     0.0000   241.3290   139.28      0.00000  0.0000000    0.0000     0.0000     0.0000     0.0000  15.42341121  -17.4813092   -41.571    -9.740
svymay08_gto75     geo-0037:sv1-20080503-S-32-1A      54590.114696 08-MAY-04 02:45:09.73      1.095840     2  11.10  11.10  41685.58981  0.0000000    9.5751   347.8568     0.0000   252.0166     6.13      0.00000  0.0000000    0.0000     0.0000     0.0000     0.0000  15.53519772  -15.0600615   -24.017    -9.103
svymay08_gto75     geo-0090:sv1-20080504-S-20-1B      54591.061420 08-MAY-05 01:28:26.68      1.100160     2  19.10  19.20  64372.14505  0.0000000   12.3869   287.7143     0.0000   312.0446  -284.26      0.00000  0.0000000    0.0000     0.0000     0.0000     0.0000  16.06115306  -12.5212406    -4.976    -9.166
svymay08_gto75     geo-0015:sv1-20080504-S-23-1A      54591.090295 08-MAY-05 02:10:01.48      4.394880     4  19.90  19.90  79856.66469  0.0000000   34.6752    44.2932     0.0000   198.6468  -482.46      0.22097  0.0000000    0.2112     0.1262     0.0000     0.1040  15.59232894  -13.3127347   -16.027   -10.481
svymay08_gto75     geo-0032:sv1-20080504-S-31-1A      54591.145168 08-MAY-05 03:29:02.51      1.095840     2  12.50  12.50  39783.44949  0.0000000   10.5495   282.9616     0.0000   316.1146    30.48      0.00000  0.0000000    0.0000     0.0000     0.0000     0.0000  15.45413486  -13.1506155   -36.075    -7.292
svymay08_gto75     geo-0061:sv1-20080504-S-31-1A      54591.148988 08-MAY-05 03:34:32.56      2.196000     3  12.70  12.70  41962.75454  0.0000000   11.5758    17.6726     0.0000   222.4883     2.58      0.08216  0.0000000    0.1237     0.5694     0.0000     0.5576  15.45413421  -13.2637147   -37.443    -7.790
svymay08_gto75     geo-0051:sv1-20080505-S-18-1B      54592.054774 08-MAY-06 01:18:52.47      2.194560     3  16.10  16.10  42654.60951  0.0000000   12.4087    32.1251     0.0000   208.1168    -6.27      0.00370  0.0000000    0.0065     0.0165     0.0000     0.0161  16.06088550  -11.1257795    -4.311    -5.812
svymay08_gto75     geo-0053:sv1-20080505-S-19-1A      54592.067239 08-MAY-06 01:36:49.44      4.400640     3  19.50  19.60  74343.07073  0.0000000    9.8467   306.6954     0.0000   293.3721  -411.89      0.00957  0.0000000    0.0041     0.0549     0.0000     0.0540  16.04188325  -12.1220260    -8.115    -9.032
svymay08_gto75     geo-0051:sv1-20080505-S-20-1A      54592.078557 08-MAY-06 01:53:07.32      2.201760     3  16.50  16.50  42231.65379  0.0000000   12.1079    26.2292     0.0000   214.0623    -0.86      0.00339  0.0000000    0.0057     0.0186     0.0000     0.0182  16.01047240  -12.2227310   -12.883    -6.747
svymay08_gto75     geo-0034:sv1-20080505-S-23-1B      54592.101647 08-MAY-06 02:26:22.30      1.100160     2  14.10  14.20  42733.58626  0.0000000   12.4209    32.5788     0.0000   207.7011    -7.28      0.00000  0.0000000    0.0000     0.0000     0.0000     0.0000  15.56062467  -11.0927306   -21.189    -5.738
svymay08_gto75     geo-0050:sv1-20080505-S-24-1B      54592.115953 08-MAY-06 02:46:58.33      5.499360     6  19.50  19.50  68526.37627  0.0000000    8.3042   326.5000     0.0000   272.5100  -337.43      0.00383  0.0000000    0.0003     0.0310     0.0000     0.0307  15.52236673  -11.4150123   -27.042    -8.296
svymay08_gto75     geo-0001:sv1-20080505-S-25-1A      54592.123071 08-MAY-06 02:57:13.33      1.100160     2  19.40  19.40  46034.56700  0.0000000    7.3087   313.8339     0.0000   285.5205   -49.54      0.00000  0.0000000    0.0000     0.0000     0.0000     0.0000  15.50553694  -12.0821906   -29.172    -7.041
svymay08_gto75     geo-0051:sv1-20080505-S-25-1A      54592.129180 08-MAY-06 03:06:01.15      1.103040     2  11.30  11.30  35454.43455  0.0000000   20.1699    44.6207     0.0000   196.4435    85.89      0.00000  0.0000000    0.0000     0.0000     0.0000     0.0000  15.49521467  -12.1315435   -30.748    -5.601
svymay08_gto75     geo-0019:sv1-20080505-S-32-1A      54592.184183 08-MAY-06 04:25:13.41      3.300480     4  10.90  10.90  50840.58816  0.0000000   15.5908    30.6084     0.0000   208.9258  -111.05      0.02365  0.0000000    0.0341     0.0713     0.0000     0.0686  15.38146371  -11.4912568   -52.074    -7.469
svymay08_gto75     geo-0039:sv1-20080505-S-32-1A      54592.188004 08-MAY-06 04:30:43.54      3.300480     4   9.80  13.20  61128.49064  0.0000000    8.4619   313.6585     0.0000   284.3788  -242.74      0.02821  0.0000000    0.0097     0.2497     0.0000     0.2470  15.38499513  -11.4734419   -53.899    -8.195
svymay08_gto75     geo-0057:sv1-20080506-S-27-1A      54593.139914 08-MAY-07 03:21:28.56      1.098720     2  19.90  19.90  61694.08213  0.0000000   16.6213   352.0771     0.0000   247.7459  -249.98      0.00000  0.0000000    0.0000     0.0000     0.0000     0.0000  15.47371948  -19.3717320   -36.761   -15.351
svymay08_gto75     geo-0040:sv1-20080509-S-12-1B      54596.010436 08-MAY-10 00:15:01.67      1.097280     2  14.10  14.10  42192.83965  0.0000000   13.6196    21.3944     0.0000   219.1972    -0.36      0.00000  0.0000000    0.0000     0.0000     0.0000     0.0000  16.13435153  -14.1241942     7.863    -8.558
svymay08_gto75     geo-0043:sv1-20080509-S-14-1A      54596.040331 08-MAY-10 00:58:04.59      1.095840     2  17.70  17.70  89683.63927  0.0000000   14.3710   300.4658     0.0000   299.7155  -608.24      0.00000  0.0000000    0.0000     0.0000     0.0000     0.0000  16.07542423  -15.1250380    -1.751   -12.448
svymay08_gto75     geo-0006:sv1-20080509-S-14-1B      54596.030783 08-MAY-10 00:44:19.65      2.194560     3  18.00  18.00  64007.67701  0.0000000   15.5085   285.0029     0.0000   314.5660  -279.59      0.01392  0.0000000    0.0124     0.0469     0.0000     0.0452  16.09257387  -14.4824923     1.356   -10.982
svymay08_gto75     geo-0045:sv1-20080510-S-16-1B      54597.008969 08-MAY-11 00:12:54.92      2.200320     2  18.90  19.00  43982.77916  0.0000000   13.4309    25.0518     0.0000   215.5578   -23.27      0.00000  0.0000000    0.0000     0.0000     0.0000     0.0000  16.13057023  -13.0500906     7.474    -7.763
svymay08_gto75     geo-0060:sv1-20080510-S-19-1A      54597.044212 08-MAY-11 01:03:39.91      1.095840     2  10.50  10.60  38566.45359  0.0000000    7.9241   305.6410     0.0000   294.0342    46.05      0.00000  0.0000000    0.0000     0.0000     0.0000     0.0000  16.07162610  -13.2954327    -5.229    -7.233
svymay08_gto75     geo-0024:sv1-20080510-S-20-1B      54597.054360 08-MAY-11 01:18:16.70      1.100160     2  17.50  17.60  41994.95314  0.0000000    7.8846   304.2500     0.0000   295.3807     2.17      0.00000  0.0000000    0.0000     0.0000     0.0000     0.0000  16.04076232  -12.4859838    -8.930    -7.119
svymay08_gto75     geo-0072:sv1-20080510-S-21-1B      54597.070980 08-MAY-11 01:42:12.67      2.204640     3  10.70  10.70  37309.14586  0.0000000    7.6705   359.1962     0.0000   240.8219    62.15      0.00116  0.0000000    0.0013     0.0179     0.0000     0.0177  16.00211624  -13.1020623   -14.974    -6.692
svymay08_gto75     geo-0007:sv1-20080510-S-25-1B      54597.091443 08-MAY-11 02:11:40.67      1.094400     2  20.20  20.20  58864.49637  0.0000000   11.6415   291.4007     0.0000   307.5412  -213.76      0.00000  0.0000000    0.0000     0.0000     0.0000     0.0000  15.55294267  -13.1845549   -22.640    -9.207
svymay08_gto75     geo-0081:sv1-20080511-S-18-1A      54598.014283 08-MAY-12 00:20:34.05      1.104480     2  13.00  13.00  42843.52364  0.0000000   13.6117    32.1353     0.0000   208.5850    -8.69      0.00000  0.0000000    0.0000     0.0000     0.0000     0.0000  16.12423434  -11.5001941     4.749    -6.465
svymay08_gto75     geo-0013:sv1-20080511-S-31-1B      54598.112711 08-MAY-12 02:42:18.23      3.300480     3  19.30  19.30  53067.81955  0.0000000    7.3458   311.0829     0.0000   287.8136  -139.56      0.02690  0.0000000    0.0133     0.3127     0.0000     0.3102  15.48595247  -11.1934508   -31.787    -6.992
svyjun08_gto105    geo-0006:sv1-20080530-S-36-1A      54617.155886 08-MAY-31 03:44:28.55      2.132640     3  11.70  17.60  45523.78294  0.0000000   10.9073   342.3412     0.0000   264.2813   -43.00      0.00486  0.0000000    0.0010     0.0474     0.0000     0.0465  16.04508760  -15.5231576   -58.617   -10.852
svyjun08_gto105    geo-0029:sv1-20080530-S-36-1A      54617.158847 08-MAY-31 03:48:44.38      2.135520     3  10.70  16.00  47667.69004  0.0000000   14.8097   295.7635     0.0000   309.6778   -70.44      0.00629  0.0000000    0.0071     0.0333     0.0000     0.0322  16.04564421  -16.0757162   -59.808   -11.346
svyjun08_gto105    geo-0035:sv1-20080531-S-15-1B      54618.026610 08-JUN-01 00:38:19.10      1.068480     2  17.60  17.60  31371.13129  0.0000000    7.2613   313.6026     0.0000   293.4023   138.16      0.00000  0.0000000    0.0000     0.0000     0.0000     0.0000  16.32291733  -14.3450841   -12.280    -6.661
svyjun08_gto105    geo-0011:sv1-20080531-S-21-1A      54618.061910 08-JUN-01 01:29:09.02      1.064160     2  11.10  11.10  37083.75178  0.0000000    9.6735   308.3351     0.0000   298.7080    65.03      0.00000  0.0000000    0.0000     0.0000     0.0000     0.0000  16.23387592  -15.1345176   -24.806    -8.475
svyjun08_gto105    geo-0025:sv1-20080531-S-21-1A      54618.064870 08-JUN-01 01:33:24.76      2.136960     3  19.20  19.20  40736.59131  0.0000000    9.2934   328.7518     0.0000   278.2903    18.28      0.00881  0.0000000    0.0031     0.1139     0.0000     0.1124  16.22273939  -15.2046599   -26.114    -9.195
svyjun08_gto105    geo-0045:sv1-20080531-S-21-1A      54618.070058 08-JUN-01 01:40:53.01      1.067040     2  17.60  17.60  39252.93760  0.0000000    9.8970   316.0412     0.0000   291.3015    37.27      0.00000  0.0000000    0.0000     0.0000     0.0000     0.0000  16.23121710  -15.3709510   -27.503    -9.215
svyjun08_gto105    geo-0030:sv1-20080531-S-26-1B      54618.106881 08-JUN-01 02:33:54.51      2.136960     3  16.40  16.40  42006.86131  0.0000000    8.9781   325.7539     0.0000   281.0842     2.02      0.00325  0.0000000    0.0014     0.0416     0.0000     0.0411  16.13016504  -14.3020852   -41.458    -8.809
svyjun08_gto105    geo-0007:sv1-20080531-S-29-1A      54618.133980 08-JUN-01 03:12:55.87      1.064160     2  12.30  12.30  44302.28002  0.0000000    9.5516   352.8711     0.0000   254.2037   -27.36      0.00000  0.0000000    0.0000     0.0000     0.0000     0.0000  16.08429480  -14.2416276   -51.348    -9.188
svyjun08_gto105    geo-0037:sv1-20080531-S-29-1A      54618.140646 08-JUN-01 03:22:31.81      3.199680     4  18.90  18.90  49795.86035  0.0000000   10.2053   332.2802     0.0000   273.9470   -97.68      0.01005  0.0000000    0.0016     0.0952     0.0000     0.0936  16.07299152  -14.4751459   -54.329   -10.181
svyjun08_gto105    geo-0038:sv1-20080531-S-29-1A      54618.140646 08-JUN-01 03:22:31.81      1.064160     2  19.70  19.70  47913.20973  0.0000000    9.9772   333.7085     0.0000   272.8917   -73.58      0.00000  0.0000000    0.0000     0.0000     0.0000     0.0000  16.08181960  -14.4558035   -53.974    -9.964
svyjun08_gto105    geo-0045:sv1-20080531-S-31-1A      54618.157395 08-JUN-01 03:46:38.92      2.132640     3  18.20  18.20  41531.21309  0.0000000    9.4288   329.4075     0.0000   277.7015     8.11      0.00894  0.0000000    0.0028     0.1109     0.0000     0.1094  16.05092777  -14.4417325   -59.452    -9.343
svyjun08_gto105    geo-0067:sv1-20080531-S-31-1A      54618.159617 08-JUN-01 03:49:50.90      2.132640     3  17.20  17.20  41224.54061  0.0000000    9.3815   331.1176     0.0000   276.0480    12.03      0.00353  0.0000000    0.0009     0.0444     0.0000     0.0438  16.04473508  -14.4437414   -60.220    -9.329
svyjun08_gto105    geo-0022:sv1-20080601-S-23-1A      54619.062062 08-JUN-02 01:29:22.15      2.129760     3  12.30  12.30  46589.21843  0.0000000   11.1452   297.1615     0.0000   309.0159   -56.64      0.05053  0.0000000    0.0581     0.3668     0.0000     0.3599  16.21219456  -13.5153948   -26.525    -8.638
svyjun08_gto105    geo-0002:sv1-20080601-S-24-1B      54619.074541 08-JUN-02 01:47:20.34      1.064160     2  17.00  17.00  42900.12616  0.0000000    7.5175   347.2575     0.0000   259.9264    -9.42      0.00000  0.0000000    0.0000     0.0000     0.0000     0.0000  16.19577656  -12.5657080   -30.643    -7.401
svyjun08_gto105    geo-0060:sv1-20080601-S-28-1A      54619.115005 08-JUN-02 02:45:36.43      3.199680     4  12.90  12.90  52351.12766  0.0000000   14.3495    29.0892     0.0000   218.1113  -130.39      0.07183  0.0000000    0.0899     0.2875     0.0000     0.2784  16.11471763  -13.1237605   -46.027    -8.799
svyjun08_gto105    geo-0004:sv1-20080603-S-23-1A      54621.167201 08-JUN-04 04:00:46.16      1.067040     2  17.90  18.00  49532.14831  0.0000000    6.7970   313.3003     0.0000   292.8030   -94.31      0.00000  0.0000000    0.0000     0.0000     0.0000     0.0000  16.03195983  -10.2333695   -66.914    -6.264
svyjun08_gto105    geo-0012:sv1-20080604-S-19-1B      54622.131435 08-JUN-05 03:09:15.98      1.067040     2  13.90  13.90  35243.99349  0.0000000    5.4991   275.8304     0.0000   332.2468    88.58      0.00000  0.0000000    0.0000     0.0000     0.0000     0.0000  16.07531946   -8.2614298   -53.051    -2.558
svyjun08_gto105    geo-0001:sv1-20080605-S-21-1A      54623.153652 08-JUN-06 03:41:15.53      1.062720     2  17.40  17.40  45464.41429  0.0000000   10.9021   342.3878     0.0000   264.4885   -42.24      0.00000  0.0000000    0.0000     0.0000     0.0000     0.0000  16.04078013  -15.4447586   -63.467   -10.851
svyjun08_gto105    geo-0014:sv1-20080605-S-21-1B      54623.160689 08-JUN-06 03:51:23.52      2.129760     3  17.50  17.50  41636.38592  0.0000000    9.9073   332.2332     0.0000   274.9029     6.76      0.00334  0.0000000    0.0007     0.0395     0.0000     0.0389  16.02541795  -15.0628439   -65.572    -9.871
svyjun08_gto105    geo-0021:sv1-20080605-S-21-1B      54623.162168 08-JUN-06 03:53:31.31      1.068480     2  17.80  17.80  41562.66796  0.0000000    9.7964   332.5638     0.0000   274.9557     7.70      0.00000  0.0000000    0.0000     0.0000     0.0000     0.0000  16.04204510  -14.5939913   -65.724    -9.759
svyjun08_gto105    geo-0024:sv1-20080606-S-12-1A      54624.048216 08-JUN-07 01:09:25.86      2.132640     3  12.50  12.60  43994.43319  0.0000000    9.4166   342.6424     0.0000   264.4537   -23.42      0.04623  0.0000000    0.0102     0.5434     0.0000     0.5361  16.22260761  -15.0201039   -26.146    -9.372
svyjun08_gto105    geo-0027:sv1-20080606-S-16-1B      54624.080693 08-JUN-07 01:56:11.87      1.071360     2  16.80  16.80  53105.93901  0.0000000    9.9973   324.4127     0.0000   282.0770  -140.05      0.00000  0.0000000    0.0000     0.0000     0.0000     0.0000  16.16363281  -14.1812379   -38.220    -9.774
svyjun08_gto105    geo-0007:sv1-20080607-S-13-1A      54624.991088 08-JUN-07 23:47:10.00      1.067040     2  21.30  21.30  53971.39155  0.0000000   14.7497   285.5715     0.0000   320.6895  -151.13      0.00000  0.0000000    0.0000     0.0000     0.0000     0.0000  16.33361466  -13.4710043    -6.332    -9.282
svyjun08_gto105    geo-0038:sv1-20080607-S-13-1A      54624.999232 08-JUN-07 23:58:53.64      2.136960     3  17.60  17.60  55870.51649  0.0000000    9.4558   345.7652     0.0000   261.8406  -175.44      0.03925  0.0000000    0.0086     0.3483     0.0000     0.3436  16.33255743  -13.4253419    -8.975    -9.359
svyjun08_gto105    geo-0013:sv1-20080607-S-27-1A      54625.079630 08-JUN-08 01:54:40.03      1.067040     2  15.70  15.70  35786.52036  0.0000000   12.6684   279.3991     0.0000   327.7946    81.64      0.00000  0.0000000    0.0000     0.0000     0.0000     0.0000  16.16022661  -13.1921424   -37.665    -6.712
svyjun08_gto105    geo-0027:sv1-20080607-S-27-1B      54625.083704 08-JUN-08 02:00:32.02      1.067040     2  13.20  13.20  42467.53773  0.0000000    7.8902     1.9718     0.0000   245.6100    -3.88      0.00000  0.0000000    0.0000     0.0000     0.0000     0.0000  16.15540327  -12.3935448   -39.587    -7.182
svyjun08_gto105    geo-0001:sv1-20080607-S-28-1A      54625.086598 08-JUN-08 02:04:42.06      2.132640     3  19.10  19.20  55398.50999  0.0000000    9.1275   332.5029     0.0000   273.6719  -169.40      0.01316  0.0000000    0.0017     0.1234     0.0000     0.1219  16.13503368  -13.2019265   -41.786    -9.109
svyjun08_gto105    geo-0002:sv1-20080607-S-29-1A      54625.098750 08-JUN-08 02:22:12.00      1.067040     2  18.50  18.50  40954.64244  0.0000000    8.1473   319.3062     0.0000   287.6691    15.49      0.00000  0.0000000    0.0000     0.0000     0.0000     0.0000  16.11162886  -13.2552128   -45.251    -7.760
svyjun08_gto105    geo-0008:sv1-20080607-S-31-1B      54625.118098 08-JUN-08 02:50:03.66      1.069920     2  10.70  10.70  37283.38569  0.0000000    7.1744     0.0830     0.0000   247.8178    62.48      0.00000  0.0000000    0.0000     0.0000     0.0000     0.0000  16.08137532  -12.3918787   -51.636    -6.641
svyjun08_gto105    geo-0014:sv1-20080608-S-24-1A      54626.065848 08-JUN-09 01:34:49.26      1.068480     2  11.10  11.10  39807.92063  0.0000000    6.9191   358.3393     0.0000   249.2299    30.16      0.00000  0.0000000    0.0000     0.0000     0.0000     0.0000  16.18245374  -12.2036409   -34.073    -6.467
svyjun08_gto105    geo-0020:sv1-20080609-S-11-1A      54627.002221 08-JUN-10 00:03:11.89      2.132640     3  18.40  18.50  47588.38337  0.0000000   10.4292    33.3690     0.0000   214.3768   -69.43      0.01303  0.0000000    0.0190     0.0726     0.0000     0.0714  16.31338538  -10.4057298   -12.218    -5.866
svyjun08_gto105    geo-0027:sv1-20080609-S-11-1A      54627.005181 08-JUN-10 00:07:27.63      1.068480     2  19.60  19.70  54929.99257  0.0000000    6.8365   342.4349     0.0000   265.0220  -163.40      0.00000  0.0000000    0.0000     0.0000     0.0000     0.0000  16.31155076  -11.0046990   -13.168    -6.811
svyjun08_gto105    geo-0004:sv1-20080609-S-11-1B      54626.998888 08-JUN-09 23:58:23.92      2.132640     3  17.00  17.10  43350.39612  0.0000000   18.2366   262.5363     0.0000   343.6049   -15.18      0.06077  0.0000000    0.1157     0.1087     0.0000     0.1034  16.30481726  -10.1841559   -11.394    -5.068
svyjun08_gto105    geo-0003:sv1-20080609-S-31-1B      54627.151319 08-JUN-10 03:37:53.96      3.204000     4  18.20  18.30  67037.54386  0.0000000    6.3872   334.9681     0.0000   269.9324  -318.37      0.00869  0.0000000    0.0004     0.0964     0.0000     0.0958  16.03345784   -9.2306480   -68.443    -6.387
svyjun08_gto105    geo-0024:sv1-20080609-S-31-1B      54627.157988 08-JUN-10 03:47:30.16      2.134080     3  11.70  11.80  43347.05992  0.0000000    8.0403    31.9639     0.0000   215.4464   -15.14      0.01044  0.0000000    0.0167     0.0860     0.0000     0.0851  16.03072254   -9.1541957   -68.607    -4.653
svyjun08_gto105    geo-0016:sv1-20080610-S-27-1B      54628.089605 08-JUN-11 02:09:01.87      2.135520     3  19.60  19.60  45764.76177  0.0000000    5.0807   295.0254     0.0000   311.8099   -46.08      0.00532  0.0000000    0.0066     0.0828     0.0000     0.0825  16.12424425   -8.2404209   -45.103    -3.785
svyaugb08_gto105   geo-0025:sv1-20080826-S-42-1A      54705.208385 08-AUG-27 05:00:04.46      2.132640     3  18.90  19.00  60510.78871  0.0000000    9.4427    92.2596     0.0000   266.1262  -234.83      0.05653  0.0000000    0.0061     0.4673     0.0000     0.4609  23.39391150  -13.0912799   -52.490    -9.421
svyaugb08_gto105   geo-0031:sv1-20080826-S-42-1A      54705.209126 08-AUG-27 05:01:08.48      2.132640     3  12.90  18.90  42610.51639  0.0000000    9.7282    56.7804     0.0000   302.6019    -5.71      0.01519  0.0000000    0.0165     0.1510     0.0000     0.1489  23.39328586  -13.3146972   -51.330    -8.184
svyaugb08_gto105   geo-0031:sv1-20080826-S-43-1A      54705.219753 08-AUG-27 05:16:26.65      2.132640     3  11.50  17.40  44841.87964  0.0000000    8.3111    78.1975     0.0000   281.1498   -34.27      0.04936  0.0000000    0.0192     0.6324     0.0000     0.6259  23.37419744  -13.0722245   -55.464    -8.153
svyaugb08_gto105   geo-0031:sv1-20080827-S-17-1A      54706.019740 08-AUG-28 00:28:25.53      2.132640     2  13.50  13.70  42737.63225  0.0000000   16.8886    22.7066     0.0000   336.2887    -7.34      0.00000  0.0000000    0.0000     0.0000     0.0000     0.0000   0.18072443  -11.5552926    16.201    -6.709
svyaugb08_gto105   geo-0023:sv1-20080827-S-17-1B      54706.016407 08-AUG-28 00:23:37.56      5.333760     5  13.10  16.50  65556.85874  0.0000000    9.6849    56.9316     0.0000   304.0881  -299.42      0.01607  0.0000000    0.0113     0.0983     0.0000     0.0969   0.18000775  -11.2124682    18.895    -8.009
svyaugb08_gto105   geo-0003:sv1-20080827-S-25-1A      54706.068320 08-AUG-28 01:38:22.84      1.067040     2  17.00  17.10  65090.58582  0.0000000    8.7158    85.3350     0.0000   274.8604  -293.45      0.00000  0.0000000    0.0000     0.0000     0.0000     0.0000   0.06536703  -12.1646416    -0.995    -8.684
svyaugb08_gto105   geo-0014:sv1-20080827-S-25-1A      54706.074247 08-AUG-28 01:46:54.94      2.132640     3  17.90  18.00  48949.95694  0.0000000    9.4726   127.9429     0.0000   232.4558   -86.85      0.00779  0.0000000    0.0081     0.0645     0.0000     0.0636   0.06557442  -12.1750361    -3.369    -7.498
svyaugb08_gto105   geo-0007:sv1-20080828-S-45-1B      54707.207759 08-AUG-29 04:59:10.37      1.067040     2  17.20  17.20  42448.71608  0.0000000   12.5481    21.1688     0.0000   338.1593    -3.64      0.00000  0.0000000    0.0000     0.0000     0.0000     0.0000  23.39081325   -9.3755787   -52.766    -4.636
svyaugb08_gto105   geo-0023:sv1-20080828-S-45-1B      54707.212203 08-AUG-29 05:05:34.33      2.132640     3  17.50  17.50  45269.41999  0.0000000    5.5692    69.6119     0.0000   289.8370   -39.74      0.00776  0.0000000    0.0050     0.1407     0.0000     0.1401  23.38399245   -9.5518313   -54.637    -5.238
svyaugb08_gto105   geo-0023:sv1-20080829-S-16-1B      54708.019893 08-AUG-30 00:28:38.75      2.132640     3  17.90  18.00  44665.96563  0.0000000    3.9522    65.7311     0.0000   294.2617   -32.02      0.03335  0.0000000    0.0266     0.8397     0.0000     0.8377   0.16483065   -8.1735469    14.307    -3.603
svyaugb08_gto105   geo-0011:sv2-20080829-S-12-1A      54708.150695 08-AUG-30 03:37:00.04      3.201120     4  17.60  17.60  52138.01860  0.0000000    8.1779    35.2663     0.0000   323.5860  -127.66      0.01819  0.0000000    0.0235     0.1207     0.0000     0.1196  23.48209091   -9.0139313   -33.823    -4.844
svyaugb08_gto105   geo-0004:sv2-20080829-S-13-1B      54708.161738 08-AUG-30 03:52:54.16      2.132640     3  17.80  17.90  41401.42963  0.0000000    3.4981    67.5128     0.0000   292.1381     9.77      0.01930  0.0000000    0.0155     0.6083     0.0000     0.6072  23.46105977   -8.2444661   -37.253    -3.240
svyaugb08_gto105   geo-0005:sv2-20080829-S-2-1A       54708.061861 08-AUG-30 01:29:04.79      2.132640     3  10.00  10.10  42025.73522  0.0000000    4.2697    64.6933     0.0000   294.8518     1.78      0.01468  0.0000000    0.0129     0.3654     0.0000     0.3643   0.07452970   -9.0502767    -1.281    -3.874
svyaugb08_gto105   geo-0011:sv2-20080829-S-3-1B       54708.075866 08-AUG-30 01:49:14.82      2.132640     3  17.70  17.80  58352.64675  0.0000000    4.8700   107.9429     0.0000   252.3054  -207.21      0.03723  0.0000000    0.0159     0.5884     0.0000     0.5863   0.05220074   -8.2038832    -5.754    -4.639
svyaugb08_gto105   geo-0010:sv2-20080829-S-4-1A       54708.085425 08-AUG-30 02:03:00.72      1.067040     2  19.60  19.70  41587.81918  0.0000000    4.3863   111.5601     0.0000   248.1632     7.38      0.00000  0.0000000    0.0000     0.0000     0.0000     0.0000   0.02579967   -9.2500089    -9.728    -4.071
svyaugb08_gto105   geo-0016:sv1-20080830-S-11-1B      54708.979105 08-AUG-30 23:29:54.67      1.065600     2  16.50  16.60  46049.78644  0.0000000    6.2650    20.4935     0.0000   339.6273   -49.73      0.00000  0.0000000    0.0000     0.0000     0.0000     0.0000   0.22292833   -6.2526763    28.234    -2.177
svyaugb08_gto105   geo-0038:sv1-20080830-S-11-1B      54708.982810 08-AUG-30 23:35:14.78      2.131200     3  18.40  18.60  41893.52784  0.0000000    2.3194   113.6873     0.0000   246.1337     3.47      0.02163  0.0000000    0.0178     1.0019     0.0000     1.0012   0.22267882   -6.5034010    26.467    -2.121
svyaugb08_gto105   geo-0010:sv1-20080830-S-12-1A      54708.991628 08-AUG-30 23:47:56.65      2.132640     3  16.90  17.00  44415.49962  0.0000000    5.0826    35.6266     0.0000   324.1887   -28.81      0.03552  0.0000000    0.0556     0.4490     0.0000     0.4470   0.20194346   -7.3100643    23.403    -2.971
svyaugb08_gto105   geo-0004:sv1-20080830-S-20-1A      54709.066858 08-AUG-31 01:36:16.53      2.135520     3  16.00  16.10  46555.25749  0.0000000    3.3964    77.4370     0.0000   282.4116   -56.20      0.00408  0.0000000    0.0017     0.1224     0.0000     0.1222   0.06268250   -7.5426059    -3.807    -3.317
svyaugb08_gto105   geo-0007:sv1-20080901-S-14-1B      54711.155795 08-SEP-02 03:44:20.68      3.199680     4  16.70  16.80  52768.57534  0.0000000   11.2868    38.5199     0.0000   319.8066  -135.73      0.04260  0.0000000    0.0516     0.2203     0.0000     0.2162  23.45096397  -11.3443948   -38.876    -7.256
svyaugb08_gto105   geo-0011:sv1-20080901-S-6-1B       54711.092380 08-SEP-02 02:13:01.63      2.132640     3  11.50  11.50  42150.40520  0.0000000    8.6188    46.2035     0.0000   313.2558     0.18      0.00467  0.0000000    0.0066     0.0461     0.0000     0.0455   0.00055761  -11.5012525   -15.077    -6.266
svyaugb08_gto105   geo-0005:sv2-20080902-S-17-1A      54712.182925 08-SEP-03 04:23:24.72      2.132640     3  12.50  12.50  43499.42713  0.0000000    5.5618    82.0270     0.0000   277.4576   -17.09      0.00381  0.0000000    0.0011     0.0764     0.0000     0.0760  23.40123874  -10.3127952   -49.012    -5.515
svyaugb08_gto105   geo-0014:sv1-20080903-S-20-1B      54713.071188 08-SEP-04 01:42:30.64      2.132640     3  15.20  15.20  40871.14263  0.0000000   11.1819   163.8611     0.0000   196.2144    16.55      0.04663  0.0000000    0.0946     0.1468     0.0000     0.1446   0.03438856   -8.2508824    -9.399    -3.104
svyaugb08_gto105   geo-0014:sv1-20080903-S-29-1A      54713.154835 08-SEP-04 03:42:57.74      2.134080     3  10.30  15.30  38459.46801  0.0000000    3.7400    91.6657     0.0000   268.2170    47.42      0.01913  0.0000000    0.0031     0.6627     0.0000     0.6613  23.44268020   -9.2416979   -39.499    -3.738
svyaugb08_gto105   geo-0020:sv1-20080904-S-13-1B      54714.010596 08-SEP-05 00:15:15.49      1.065600     2  12.60  12.60  42506.69280  0.0000000    2.4809    75.8444     0.0000   284.0410    -4.38      0.00000  0.0000000    0.0000     0.0000     0.0000     0.0000   0.15484549   -7.1519829    11.603    -2.407
svyaugb08_gto105   geo-0024:sv1-20080904-S-19-1B      54714.064901 08-SEP-05 01:33:27.44      2.134080     3  11.10  11.10  42203.40740  0.0000000    2.2366    80.2336     0.0000   279.6815    -0.50      0.00823  0.0000000    0.0031     0.4234     0.0000     0.4230   0.04586764   -7.1157975    -7.976    -2.205
svyaugb08_gto105   geo-0020:sv1-20080904-S-33-1B      54714.161501 08-SEP-05 03:52:33.68      1.067040     2  18.50  18.60  40891.76061  0.0000000   18.3260     6.4455     0.0000   353.1771    16.29      0.00000  0.0000000    0.0000     0.0000     0.0000     0.0000  23.44007829   -7.1131827   -42.804    -2.141
svyaugb08_gto105   geo-0004:sv1-20080904-S-34-1B      54714.169117 08-SEP-05 04:03:31.70      2.134080     3  15.10  15.10  42246.53172  0.0000000   13.9772     7.8650     0.0000   351.4819    -1.05      0.01827  0.0000000    0.0367     0.0229     0.0000     0.0229  23.41306862   -6.5247350   -45.923    -2.050
svyaugb08_gto105   geo-0002:sv1-20080904-S-7-1A       54713.951245 08-SEP-04 22:49:47.56      2.132640     3  14.30  14.30  42157.70139  0.0000000   10.0952   164.9263     0.0000   194.9921     0.09      0.00601  0.0000000    0.0117     0.0185     0.0000     0.0184   0.24082796   -7.1423745    32.826    -2.599
svysep08_gto75     geo-0001:sv1-20080924-S-11-1A      54733.961569 08-SEP-24 23:04:39.56      1.100160     2  17.00  17.20  47280.81998  0.0000000   21.2903   177.0219     0.0000   205.1895   -65.49      0.00000  0.0000000    0.0000     0.0000     0.0000     0.0000   1.44397098  -13.2736943    30.377    -8.890
svysep08_gto75     geo-0031:sv1-20080924-S-16-1A      54734.029965 08-SEP-25 00:43:08.97      1.098720     2  12.90  13.00  37474.72009  0.0000000   13.1667   165.4164     0.0000   214.9596    60.03      0.00000  0.0000000    0.0000     0.0000     0.0000     0.0000   1.33174771  -13.5156039     4.663    -7.500
svysep08_gto75     geo-0019:sv1-20080924-S-16-1B      54734.026527 08-SEP-25 00:38:11.93      5.499360     6  18.70  18.80  64260.87754  0.0000000    9.6298   108.9150     0.0000   271.9680  -282.83      0.01670  0.0000000    0.0013     0.1260     0.0000     0.1243   1.32338523  -13.1637053     7.152    -9.624
svysep08_gto75     geo-0012:sv1-20080928-S-13-1A      54738.134765 08-SEP-29 03:14:03.69      1.100160     2  10.80  10.90  35429.50794  0.0000000    7.1745   119.3803     0.0000   260.9634    86.21      0.00000  0.0000000    0.0000     0.0000     0.0000     0.0000   1.06271342  -13.5021357   -36.500    -7.085
svyoct08_gto105    geo-0014:sv1-20081024-S-11-1A      54763.985401 08-OCT-24 23:38:58.64      1.067040     2  17.20  17.30  43436.15506  0.0000000    9.7760   329.4235     0.0000    83.1152   -16.28      0.00000  0.0000000    0.0000     0.0000     0.0000     0.0000   3.51266727    6.2159020    23.956     9.705
svyoct08_gto105    geo-0002:sv1-20081024-S-17-1B      54764.050216 08-OCT-25 01:12:18.66      2.134080     3  17.10  17.20  54947.05281  0.0000000   11.5389   295.3786     0.0000   116.9539  -163.62      0.00000  0.0000000    0.0000     0.0000     0.0000     0.0000   3.39129143    7.5611739     0.928    10.271
svyoct08_gto105    geo-0003:sv1-20081024-S-17-1B      54764.050216 08-OCT-25 01:12:18.66      2.134080     3  17.60  17.60  43456.71204  0.0000000   13.9213     4.9157     0.0000    47.9687   -16.54      0.02440  0.0000000    0.0324     0.1509     0.0000     0.1464   3.38055505    7.1521023     0.154    10.294
svyoct08_gto105    geo-0036:sv1-20081024-S-38-1A      54764.223044 08-OCT-25 05:21:11.00      2.132640     3  19.20  19.20  50256.89721  0.0000000   10.6073   350.3051     0.0000    61.6597  -103.58      0.00330  0.0000000    0.0026     0.0266     0.0000     0.0262   3.05567221    6.2312163   -62.718     9.324
svyoct08_gto105    geo-0032:sv1-20081027-S-8-1A       54767.175144 08-OCT-28 04:12:12.44      2.134080     3  17.10  17.10  44130.53445  0.0000000   14.4236     3.5402     0.0000    49.5510   -25.17      0.01942  0.0000000    0.0244     0.1159     0.0000     0.1123   3.11289289    7.5353761   -47.751    10.927
svynov08_gto75     geo-0020:sv1-20081122-S-47-1A      54793.243567 08-NOV-23 05:50:44.18      1.100160     2  17.70  17.70  42284.64899  0.0000000   10.2328   333.8765     0.0000    98.3206    -1.54      0.00000  0.0000000    0.0000     0.0000     0.0000     0.0000   4.20269138    6.2550063   -77.931    10.124
svynov08_gto75     geo-0037:sv1-20081123-S-41-1A      54794.096972 08-NOV-24 02:19:38.38      2.200320     3  17.00  17.00  49354.13726  0.0000000    8.2792   328.0337     0.0000   103.8138   -92.03      0.00556  0.0000000    0.0023     0.0643     0.0000     0.0636   4.42565850    5.0808363   -26.340     8.038
svynov08_gto75     geo-0025:sv1-20081123-S-44-1B      54794.132133 08-NOV-24 03:10:16.29      1.100160     2  17.20  17.20  49734.95666  0.0000000   19.0405   278.9152     0.0000   151.8840   -96.90      0.00000  0.0000000    0.0000     0.0000     0.0000     0.0000   4.37225391    6.0110904   -38.902     8.844
svynov08_gto75     geo-0023:sv1-20081123-S-51-1B      54794.202382 08-NOV-24 04:51:25.80      1.100160     2  16.50  16.50  45037.37017  0.0000000    9.6820   321.8923     0.0000   109.9152   -36.77      0.00000  0.0000000    0.0000     0.0000     0.0000     0.0000   4.24578512    5.4429285   -64.306     9.098
svynov08_gto75     geo-0003:sv1-20081125-S-19-1A      54795.964193 08-NOV-25 23:08:26.27      2.200320     3  11.50  11.60  44409.62600  0.0000000   10.6339    37.6886     0.0000    35.1950   -28.74      0.05611  0.0000000    0.0886     0.3434     0.0000     0.3370   5.09027175    2.2830372    20.050     6.105
svynov08_gto75     geo-0055:sv1-20081125-S-19-1B      54795.964575 08-NOV-25 23:08:59.28      4.400640     5  17.50  17.50  63064.22375  0.0000000    6.3055    13.9899     0.0000    59.9288  -267.52      0.01776  0.0000000    0.0116     0.1843     0.0000     0.1832   5.08376403    2.5546949    21.263     5.454
svynov08_gto75     geo-0064:sv1-20081125-S-19-1B      54795.967631 08-NOV-25 23:13:23.31      2.198880     3  15.80  15.80  42305.08497  0.0000000   11.7766    37.4920     0.0000    35.4198    -1.80      0.03250  0.0000000    0.0541     0.1913     0.0000     0.1869   5.09143095    3.0256063    18.730     6.793
svynov08_gto75     geo-0070:sv1-20081125-S-19-1B      54795.969922 08-NOV-25 23:16:41.26      2.200320     3  11.60  11.70  46832.42814  0.0000000    6.2355   335.0254     0.0000    97.7495   -59.75      0.01083  0.0000000    0.0028     0.1796     0.0000     0.1785   5.08527080    2.4617336    18.385     6.178
svynov08_gto75     geo-0017:sv1-20081125-S-25-1A      54796.016323 08-NOV-26 00:23:30.30      1.100160     2  13.50  13.60  48448.72908  0.0000000    9.1073    34.4230     0.0000    38.4319   -80.44      0.00000  0.0000000    0.0000     0.0000     0.0000     0.0000   4.59163129    2.2109045     1.316     5.646
svynov08_gto75     geo-0005:sv1-20081125-S-27-1B      54796.036970 08-NOV-26 00:53:14.20      1.098720     2  16.20  16.30  46819.50506  0.0000000    6.6347   330.7049     0.0000   101.5470   -59.58      0.00000  0.0000000    0.0000     0.0000     0.0000     0.0000   4.54570226    3.1215020    -6.311     6.500
svynov08_gto75     geo-0023:sv1-20081125-S-27-1B      54796.040789 08-NOV-26 00:58:44.16      2.200320     3  17.40  17.50  48308.84463  0.0000000   11.3791    40.6469     0.0000    32.2718   -78.65      0.01257  0.0000000    0.0186     0.0604     0.0000     0.0592   4.54235442    2.4827948    -7.610     6.047
svynov08_gto75     geo-0036:sv1-20081125-S-27-1B      54796.046136 08-NOV-26 01:06:26.15      1.100160     2  15.30  15.40  65448.78770  0.0000000    5.8504     2.6496     0.0000    70.4095  -298.04      0.00000  0.0000000    0.0000     0.0000     0.0000     0.0000   4.54444787    3.0904324    -8.983     5.511
svydec08_gto105    geo-0018:sv2-20081227-S-15-1B      54828.163596 08-DEC-28 03:55:34.69      1.067040     2  15.10  15.20  41968.50892  0.0000000   22.0742    92.2995     0.0000    37.0963     2.51      0.00000  0.0000000    0.0000     0.0000     0.0000     0.0000   8.21456614   10.2431861   -28.569    13.101
svydec08_gto105    geo-0006:sv1-20081228-S-13-1B      54828.997492 08-DEC-28 23:56:23.30      1.067040     2  15.90  16.20  43889.90227  0.0000000   11.9755    34.6389     0.0000    92.9646   -22.09      0.00000  0.0000000    0.0000     0.0000     0.0000     0.0000   8.54496858    8.4742936    30.755    11.959
svydec08_gto105    geo-0181:sv1-20081228-S-26-1B      54829.110461 08-DEC-29 02:39:03.83      1.067040     2  17.80  17.90  42744.33307  0.0000000   15.1804   357.2575     0.0000   129.0022    -7.42      0.00000  0.0000000    0.0000     0.0000     0.0000     0.0000   8.32525793    8.5452562   -10.436    11.742
