Campaign           Name                              Osc_epoch     Date      Time        arcl [min]    # obs mag_c   mag_u  a(km)        e          i(dg)     raan(dg)   w(dg)      s(dg)      dn(dg/d) da(km)       de         di(dg)    draan(dg)  dw(dg)     ds(dg)     R.A.(h)      Decl.(dg)    lon(dg)   lat(dg)  
svymay22_gto75     geo-0001:sv1-20220526-S-6-1B       59725.937653 22-MAY-26 22:30:13.21      2.400480     4  20.20  20.20  41173.00446  0.0000000    1.9953   322.7563     0.0000   276.4859    12.69      0.02281  0.0000000    0.0063     1.3592     0.0000     1.3584  16.16391955   -6.5456971    17.218    -1.983
followmay22b       geo-0001:sv2-20220526-U-13-1       59726.075546 22-MAY-27 01:48:47.17      2.200320     7  16.60  16.60  66055.76136  0.0000000   13.1030   255.7034     0.0000   349.6478  -305.81      0.01465  0.0000000    0.0177     0.0143     0.0000     0.0139  16.18575404   -5.2311733   -26.191    -2.335
followmay22b       geo-0001:sv2-20220526-U-18-1       59726.114804 22-MAY-27 02:45:19.06      1.833120     6  18.40  18.40  43060.41081  0.0000000    6.2325   290.4513     0.0000   318.0758   -11.47      0.00521  0.0000000    0.0077     0.0635     0.0000     0.0631  16.22474130   -9.1341504   -37.281    -4.160
followmay22b       geo-0001:sv2-20220526-U-19-1       59726.117627 22-MAY-27 02:49:22.97      3.300480    10  18.00  18.00  45631.15380  0.0000000    8.7968    44.7365     0.0000   202.7382   -44.37      0.00459  0.0000000    0.0079     0.0221     0.0000     0.0219  16.16277714   -8.0146090   -39.762    -3.389
followmay22b       geo-0001:sv2-20220526-U-1-1        59725.957340 22-MAY-26 22:58:34.17      2.566080     8  17.40  17.40  40922.52658  0.0000000    1.9616   322.9784     0.0000   283.6600    15.90      0.00293  0.0000000    0.0015     0.1748     0.0000     0.1747  16.46314839   -6.5135649    17.511    -1.906
followmay22b       geo-0002:sv2-20220526-U-1-1        59725.957595 22-MAY-26 22:58:56.20      2.200320     6  18.50  18.60  57789.22106  0.0000000   15.1216    55.1373     0.0000   193.4035  -200.00      0.05430  0.0000000    0.0759     0.0706     0.0000     0.0687  16.46282216   -6.5832994    18.866    -3.467
followmay22b       geo-0001:sv2-20220526-U-20-1       59726.122231 22-MAY-27 02:56:00.75      2.933280     8  18.20  18.20  43231.30016  0.0000000    6.2180   290.7926     0.0000   320.3143   -13.66      0.00283  0.0000000    0.0043     0.0328     0.0000     0.0326  16.33059190   -8.5912413   -37.385    -3.966
followmay22b       geo-0001:sv2-20220526-U-2-1        59725.961692 22-MAY-26 23:04:50.18      2.566080     7  17.50  17.60  40903.19148  0.0000000    1.9537   323.4798     0.0000   284.8016    16.14      0.00302  0.0000000    0.0017     0.1802     0.0000     0.1801  16.53086150   -6.5031582    17.584    -1.889
followmay22b       geo-0001:sv2-20220526-U-3-1        59725.965027 22-MAY-26 23:09:38.33      3.666240    11  17.80  17.90  57795.35365  0.0000000   15.1362    55.1491     0.0000   195.0642  -200.07      0.00616  0.0000000    0.0085     0.0090     0.0000     0.0087  16.52362875   -7.2626971    17.804    -3.891
followmay22b       geo-0001:sv2-20220526-U-8-1        59726.029862 22-MAY-27 00:43:00.07      2.200320     6  19.00  19.10  48797.19090  0.0000000    2.4044   341.8527     0.0000   263.5370   -84.90      0.01116  0.0000000    0.0023     0.4563     0.0000     0.4560  16.25041978   -6.4002158    -9.930    -2.389
followmay22b       geo-0001:sv1-20220527-U-11-1       59726.961973 22-MAY-27 23:05:14.46      3.300480     8  18.00  18.10  46585.92385  0.0000000    5.1075   295.3151     0.0000   314.0453   -56.59      0.00618  0.0000000    0.0079     0.0904     0.0000     0.0900  16.55153459   -8.0754481    17.681    -3.669
followmay22b       geo-0002:sv1-20220527-U-11-1       59726.962228 22-MAY-27 23:05:36.49      2.933280     8  17.90  17.90  57947.20203  0.0000000   15.1009    55.0785     0.0000   195.8220  -202.02      0.01478  0.0000000    0.0204     0.0226     0.0000     0.0219  16.55278950   -7.3713957    18.495    -4.073
followmay22b       geo-0001:sv1-20220527-U-13-1       59726.979356 22-MAY-27 23:30:16.35      3.666240    11  17.40  17.50  57930.03097  0.0000000   15.2200    55.2217     0.0000   199.5243  -201.80      0.00535  0.0000000    0.0072     0.0099     0.0000     0.0096  17.09352320   -8.4035592    16.042    -5.033
followmay22b       geo-0001:sv1-20220527-U-14-1       59726.983451 22-MAY-27 23:36:10.16      4.033440    11  19.10  19.20  55958.73344  0.0000000    5.4241   339.9802     0.0000   263.9923  -176.57      0.01224  0.0000000    0.0020     0.1903     0.0000     0.1895  16.24589294   -9.1819844     4.399    -5.394
followmay22b       geo-0001:sv1-20220527-U-15-1       59726.987802 22-MAY-27 23:42:26.09      3.300480    10  17.90  18.00  62298.27809  0.0000000    5.2521     3.7815     0.0000   239.8365  -257.71      0.01188  0.0000000    0.0078     0.1473     0.0000     0.1467  16.21289499   -7.5737503     2.396    -4.539
follow_aiub2       geo-0002:sv1-20220527-U-1-1        59726.873833 22-MAY-27 20:58:19.17      0.732960     3   0.00  18.50  39651.63191  0.0000000    3.1452   199.2667     0.0000   296.6060    32.16      0.08519  0.0000000    0.0834     3.0062     0.0000     3.0022   8.37197270   -7.5041319   -64.069    -2.812
follow_aiub2       geo-0003:sv1-20220527-U-1-1        59726.873833 22-MAY-27 20:58:19.17      0.732960     3  10.80  15.80  40982.03744  0.0000000    6.1521   287.0968     0.0000   208.7488    15.14      0.07828  0.0000000    0.1439     0.7426     0.0000     0.7372   8.37230102   -7.4913551   -64.270    -2.955
followmay22b       geo-0001:sv1-20220527-U-23-1       59727.060267 22-MAY-28 01:26:47.06      1.833120     5  18.40  18.40  45569.52661  0.0000000    3.6326   314.2785     0.0000   290.4039   -43.58      0.00466  0.0000000    0.0031     0.1284     0.0000     0.1281  16.15362786   -8.0913974   -22.556    -3.404
followmay22b       geo-0001:sv1-20220527-U-28-1       59727.125431 22-MAY-28 03:00:37.23      3.300480     9  18.00  18.00  44454.35977  0.0000000   14.1202    44.6040     0.0000   203.8919   -29.31      0.00237  0.0000000    0.0042     0.0077     0.0000     0.0075  16.16539771  -10.4008717   -42.947    -5.670
followmay22b       geo-0002:sv1-20220527-U-28-1       59727.127722 22-MAY-28 03:03:55.18      0.732960     3  16.40  16.40  35470.94300  0.0000000    4.9847     1.6775     0.0000   247.2483    85.68      0.05374  0.0000000    0.0521     1.4141     0.0000     1.4087  16.16457227  -10.5313910   -42.778    -4.596
followmay22b       geo-0001:sv1-20220527-U-29-1       59727.129783 22-MAY-28 03:06:53.25      2.566080     8  19.40  19.40  62125.42996  0.0000000   14.3657    38.2323     0.0000   205.1572  -255.50      0.01753  0.0000000    0.0210     0.0402     0.0000     0.0389  15.58309227   -9.2946001   -49.674    -6.054
followmay22b       geo-0001:sv1-20220527-U-30-1       59727.133625 22-MAY-28 03:12:25.20      2.566080     7  19.10  19.10  61419.53307  0.0000000   14.4445    38.5937     0.0000   205.6122  -246.46      0.01130  0.0000000    0.0137     0.0265     0.0000     0.0257  16.01220711   -9.4040095   -50.261    -6.190
followmay22b       geo-0001:sv1-20220527-U-35-1       59727.199527 22-MAY-28 04:47:19.13      2.200320     4  17.70  17.70  59005.15797  0.0000000    7.6906   282.9271     0.0000   321.5238  -215.56      0.00000  0.0000000    0.0000     0.0000     0.0000     0.0000  15.59377179   -8.0351062   -72.844    -4.776
followmay22b       geo-0002:sv1-20220527-U-4-1        59726.905226 22-MAY-27 21:43:31.52      2.566080     5  17.50  19.00  41461.09950  0.0000000    8.6327   299.4014     0.0000   208.2429     9.00      0.00604  0.0000000    0.0110     0.0401     0.0000     0.0395   9.24271006   -8.5828033   -63.935    -4.073
followmay22b       geo-0001:sv1-20220527-U-9-1        59726.944773 22-MAY-27 22:40:28.38      3.300480     6  18.20  18.20  46619.83949  0.0000000    5.1603   294.7346     0.0000   309.2789   -57.03      0.00440  0.0000000    0.0051     0.0685     0.0000     0.0682  16.34131791   -8.2820824    18.543    -3.992
followmay22b       geo-0002:sv1-20220527-U-9-1        59726.945282 22-MAY-27 22:41:12.36      2.933280     9  18.20  18.20  47739.27155  0.0000000    4.4157   356.6388     0.0000   247.6739   -71.36      0.00294  0.0000000    0.0020     0.0627     0.0000     0.0625  16.34144695   -8.2732523    18.485    -4.084
follow_aiub2       geo-0001:sv1-20220528-U-12-1       59728.017653 22-MAY-29 00:25:25.21      2.566080     8  18.80  19.20  42295.62103  0.0000000    3.1339   317.0625     0.0000   247.1554    -1.68      0.00388  0.0000000    0.0030     0.1330     0.0000     0.1328  13.18361562   -7.4734812   -48.691    -2.888
followmay22b       geo-0001:sv1-20220528-U-17-1       59728.069252 22-MAY-29 01:39:43.37      3.666240    11  18.20  18.20  54690.35644  0.0000000    9.6397    23.8084     0.0000   220.4077  -160.33      0.00467  0.0000000    0.0054     0.0276     0.0000     0.0272  16.10146619  -10.2234159   -27.691    -6.232
followmay22b       geo-0001:sv1-20220529-U-13-1       59729.027574 22-MAY-30 00:39:42.39      2.566080     8  17.20  17.20  43979.10136  0.0000000   26.9164    47.5974     0.0000   199.7302   -23.23      0.00340  0.0000000    0.0062     0.0050     0.0000     0.0045  16.24039920  -14.2501046   -12.114    -8.791
follow_aiub2       geo-0001:sv1-20220529-U-14-1       59729.032435 22-MAY-30 00:46:42.38      1.465920     5  11.20  11.20  42071.59705  0.0000000    7.9732   352.3119     0.0000   239.5774     1.19      0.00408  0.0000000    0.0042     0.0518     0.0000     0.0513  15.19549716  -12.3027410   -27.555    -6.870
followmay22b       geo-0001:sv1-20220529-U-16-1       59729.049863 22-MAY-30 01:11:48.16      0.732960     3   6.20  18.30  42212.45899  0.0000000    6.6927   303.3128     0.0000   305.4453    -0.61      0.01095  0.0000000    0.0130     0.1556     0.0000     0.1545  16.35532806  -10.5451635   -16.548    -5.448
followmay22b       geo-0002:sv1-20220529-U-20-1       59729.086021 22-MAY-30 02:03:52.21      2.200320     4  18.20  18.30  48576.04186  0.0000000   18.8503    40.8225     0.0000   207.1487   -82.07      0.01340  0.0000000    0.0207     0.0333     0.0000     0.0315  16.18578620  -13.2451098   -31.834    -8.478
follow_aiub2       geo-0003:sv1-20220529-U-21-1       59729.091137 22-MAY-30 02:11:14.23      0.732960     3  15.00  15.50  25455.65089  0.0000000    3.3528   177.5249     0.0000   115.6113   213.87      0.01754  0.0000000    0.0284     0.9859     0.0000     0.9843  20.03257896   -4.3552911    12.784     3.023
follow_aiub2       geo-0001:sv1-20220529-U-5-1        59728.940627 22-MAY-29 22:34:30.17      0.367200     2  16.20  16.50  36044.13193  0.0000000   17.3821   354.7339     0.0000   203.3247    78.34      0.00000  0.0000000    0.0000     0.0000     0.0000     0.0000  12.59259590  -13.3005359   -28.958    -6.793
followjun22        geo-0001:sv1-20220629-U-10-1       59760.043651 22-JUN-30 01:02:51.44      2.933280     7  16.30  16.60  42729.45825  0.0000000    2.7988    84.0826     0.0000   236.1553    -7.23      0.00408  0.0000000    0.0045     0.1394     0.0000     0.1392  21.43347425   -6.5757473    26.402    -2.324
followjun22        geo-0001:sv1-20220629-U-15-1       59760.110860 22-JUN-30 02:39:38.30      3.300480     9  18.40  18.70  43684.98251  0.0000000   10.2421   319.0760     0.0000     0.1382   -19.46      0.00224  0.0000000    0.0044     0.0014     0.0000     0.0013  21.27102213   -4.2638164     1.146     0.025
followjun22        geo-0001:sv1-20220629-U-25-1       59760.195685 22-JUN-30 04:41:47.18      2.933280     8  18.70  19.00  45444.37964  0.0000000    2.8696    90.6754     0.0000   228.0933   -41.98      0.00344  0.0000000    0.0043     0.0965     0.0000     0.0963  21.07338705   -6.4139006   -29.953    -2.135
followjun22        geo-0001:sv1-20220629-U-27-1       59760.213312 22-JUN-30 05:07:10.15      1.833120     5  20.00  20.10  42005.96947  0.0000000    9.3468   318.2401     0.0000   352.5930     2.03      0.00666  0.0000000    0.0135     0.0112     0.0000     0.0113  20.27438738   -5.5754378   -44.119    -1.200
followjun22        geo-0001:sv1-20220629-U-9-1        59760.039299 22-JUN-30 00:56:35.43      2.933280     8  17.30  17.60  40680.13875  0.0000000    1.9287     0.6387     0.0000   320.4499    19.00      0.00326  0.0000000    0.0053     0.1295     0.0000     0.1293  21.49228008   -5.5923939    28.872    -1.228
followjun22        geo-0001:sv1-20220630-U-10-1       59760.987631 22-JUN-30 23:42:11.31      0.367200     2  20.10  20.20  44298.68810  0.0000000    7.3956    63.3489     0.0000   194.3334   -27.32      0.00000  0.0000000    0.0000     0.0000     0.0000     0.0000  17.10069553   -6.3129536   -16.999    -1.826
followjun22        geo-0001:sv1-20220630-U-12-1       59761.003186 22-JUL-01 00:04:35.27      2.566080     7  17.90  18.10  42135.79037  0.0000000   13.9086   347.5472     0.0000   256.3482     0.37      0.00427  0.0000000    0.0021     0.0349     0.0000     0.0339  16.01412427  -19.4639384   -36.683   -13.508
followjun22        geo-0001:sv1-20220630-U-17-1       59761.061287 22-JUL-01 01:28:15.19      1.833120     6  19.90  20.10  42904.81807  0.0000000    2.8750    40.2882     0.0000   273.9680    -9.48      0.00458  0.0000000    0.0008     0.1819     0.0000     0.1816  21.13540564   -7.4214499    13.105    -2.868
followjun22        geo-0001:sv1-20220630-U-24-1       59761.143115 22-JUL-01 03:26:05.13      3.666240    11  18.40  18.50  62742.11994  0.0000000   21.7718   320.0601     0.0000   348.1805  -263.39      0.00000  0.0000000    0.0000     0.0000     0.0000     0.0000  20.34193815   -7.4551771   -21.632    -4.357
followjun22        geo-0002:sv1-20220630-U-24-1       59761.143115 22-JUL-01 03:26:05.13      1.100160     3  18.20  18.30  50245.24076  0.0000000    5.0915   356.5610     0.0000   312.8130  -103.43      0.04426  0.0000000    0.0503     0.6095     0.0000     0.6071  20.35417945   -8.0050998   -21.208    -3.733
followjun22        geo-0001:sv1-20220630-U-27-1       59761.174898 22-JUL-01 04:11:51.18      2.566080     8  15.70  16.00  40255.82066  0.0000000    2.0433    48.5461     0.0000   269.9987    24.43      0.00504  0.0000000    0.0007     0.3047     0.0000     0.3045  21.09437243   -7.1722063   -23.623    -2.043
followjun22        geo-0002:sv1-20220630-U-27-1       59761.176171 22-JUL-01 04:13:41.17      0.732960     3  18.60  18.80  52537.45556  0.0000000    4.9992     0.6010     0.0000   317.6073  -132.77      0.01831  0.0000000    0.0215     0.2245     0.0000     0.2237  21.09391053   -7.2341689   -24.310    -3.368
followjun22        geo-0003:sv1-20220630-U-27-1       59761.176935 22-JUL-01 04:14:47.18      1.100160     4  11.50  11.70  42131.25817  0.0000000    4.3231   100.0549     0.0000   218.5872     0.43      0.00313  0.0000000    0.0050     0.0532     0.0000     0.0531  21.09353768   -7.4546138   -24.341    -2.695
followjun22        geo-0001:sv1-20220630-U-28-1       59761.179252 22-JUL-01 04:18:07.37      2.566080     6  19.40  19.80  41270.47435  0.0000000   10.4092    76.3807     0.0000   257.9130    11.44      0.00725  0.0000000    0.0032     0.0816     0.0000     0.0803  22.20570846  -16.2139394    -9.642   -10.176
followjun22        geo-0002:sv1-20220630-U-28-1       59761.180780 22-JUL-01 04:20:19.39      1.100160     3  16.30  16.70  51392.08492  0.0000000   20.0445     7.9662     0.0000   324.6820  -118.11      0.02530  0.0000000    0.0336     0.0691     0.0000     0.0649  22.20406794  -16.2350300    -9.973   -11.429
followjun22        geo-0001:sv1-20220630-U-31-1       59761.209485 22-JUL-01 05:01:39.50      1.833120     4  18.00  18.20  48034.08121  0.0000000    3.9437    70.5372     0.0000   243.4235   -75.13      0.00477  0.0000000    0.0037     0.1092     0.0000     0.1089  20.43234129   -7.5412757   -40.747    -3.526
follow_aiub2       geo-0001:sv1-20220630-U-6-1        59760.964134 22-JUN-30 23:08:21.17      1.467360     4  20.20  20.30  46600.01115  0.0000000    7.3076    61.3872     0.0000   188.7427   -56.77      0.02938  0.0000000    0.0529     0.0683     0.0000     0.0680  16.40377067   -5.2716529   -16.025    -1.108
followjun22        geo-0001:sv1-20220630-U-9-1        59760.983788 22-JUN-30 23:36:39.28      2.566080     7  18.90  19.10  45802.96917  0.0000000   13.7259   306.2102     0.0000   296.0882   -46.57      0.00451  0.0000000    0.0037     0.0313     0.0000     0.0304  16.04115862  -17.5955777   -30.220   -12.304
followjun22        geo-0001:sv1-20220701-U-31-1       59762.205423 22-JUL-02 04:55:48.54      1.467360     5  19.00  19.20  36545.38488  0.0000000    3.7174    26.6616     0.0000   287.2462    71.92      0.01385  0.0000000    0.0102     0.4884     0.0000     0.4874  20.39238474   -9.3034123   -40.230    -3.550
followjun22        geo-0001:sv1-20220701-U-8-1        59761.985442 22-JUL-01 23:39:02.18      2.933280     9  18.80  19.10  42129.96994  0.0000000   13.9096   347.5819     0.0000   253.7217     0.44      0.00418  0.0000000    0.0024     0.0338     0.0000     0.0328  15.52404207  -19.3847373   -33.924   -13.341
followjun22        geo-0001:sv1-20220701-U-9-1        59761.989541 22-JUL-01 23:44:56.34      2.933280     9  19.00  19.30  45659.04418  0.0000000   13.7188   306.0459     0.0000   292.4623   -44.73      0.00511  0.0000000    0.0037     0.0366     0.0000     0.0356  15.44581728  -18.1842860   -37.142   -12.660
followjun22        geo-0001:sv1-20220702-U-18-1       59763.194807 22-JUL-03 04:40:31.32      2.566080     8  18.30  18.40  41199.22510  0.0000000    6.3479    72.7700     0.0000   243.1892    12.36      0.00464  0.0000000    0.0043     0.0784     0.0000     0.0779  20.51395392  -11.1103545   -35.509    -5.663
followjun22        geo-0001:sv1-20220702-U-19-1       59763.198649 22-JUL-03 04:46:03.27      2.566080     8  18.90  19.10  39013.75284  0.0000000   13.2451   329.5883     0.0000   347.4002    40.33      0.00249  0.0000000    0.0054     0.0053     0.0000     0.0052  20.57007546   -8.2114903   -35.400    -2.865
followjun22        geo-0001:sv1-20220702-U-8-1        59763.001610 22-JUL-03 00:02:19.10      1.833120     6  16.90  17.10  45472.06268  0.0000000   13.4176   333.8521     0.0000   269.8310   -42.34      0.00232  0.0000000    0.0003     0.0185     0.0000     0.0180  16.02471965  -19.0910523   -37.906   -13.418
followjul22        geo-0001:sv1-20220729-U-13-1       59790.054561 22-JUL-30 01:18:34.07      2.933280     8  18.90  19.00  48851.58404  0.0000000    6.9242   102.4474     0.0000   212.5906   -85.59      0.00902  0.0000000    0.0131     0.0700     0.0000     0.0696  21.01373533   -8.0827718   -12.464    -3.723
followjul22        geo-0001:sv1-20220729-U-17-1       59790.127825 22-JUL-30 03:04:04.08      1.833120     6  18.20  18.20  44814.61601  0.0000000    3.8863    81.9804     0.0000   237.2418   -33.92      0.00780  0.0000000    0.0080     0.1846     0.0000     0.1842  21.06376774   -8.0049822   -34.597    -3.268
followjul22        geo-0001:sv1-20220729-U-19-1       59790.137769 22-JUL-30 03:18:23.24      1.100160     4  17.00  17.00  40987.43147  0.0000000    4.6682    99.9475     0.0000   228.5037    15.07      0.00250  0.0000000    0.0035     0.0486     0.0000     0.0484  21.45432577   -8.4851149   -28.992    -3.495
followjul22        geo-0001:sv1-20220729-U-20-1       59790.140083 22-JUL-30 03:21:43.17      2.566080     8  17.40  17.40  40163.72031  0.0000000    3.2204   355.5729     0.0000   331.3619    25.61      0.00295  0.0000000    0.0056     0.0540     0.0000     0.0539  21.38377231   -6.4144244   -31.211    -1.543
followjul22        geo-0001:sv1-20220729-U-21-1       59790.144435 22-JUL-30 03:27:59.18      3.300480    10  19.20  19.20  45217.87712  0.0000000    3.7512   358.3591     0.0000   325.9569   -39.08      0.00396  0.0000000    0.0062     0.0634     0.0000     0.0633  21.27102984   -6.3901797   -35.382    -2.099
followjul22        geo-0001:sv1-20220729-U-23-1       59790.152120 22-JUL-30 03:39:03.16      1.833120     5  18.80  18.80  39313.34498  0.0000000    2.7385    66.4976     0.0000   255.7909    36.49      0.00261  0.0000000    0.0014     0.1168     0.0000     0.1167  21.14028417   -8.0110955   -40.256    -2.655
followjul22        geo-0001:sv1-20220729-U-24-1       59790.162120 22-JUL-30 03:53:27.16      2.200320     7  17.70  17.70  39227.71746  0.0000000    2.1839     3.3945     0.0000   326.5109    37.59      0.00294  0.0000000    0.0055     0.0941     0.0000     0.0941  21.47034038   -6.2501505   -36.215    -1.205
followjul22        geo-0001:sv1-20220729-U-27-1       59790.215500 22-JUL-30 05:10:19.20      2.566080     8  17.60  17.60  40374.38480  0.0000000    2.2033    54.8873     0.0000   262.7511    22.91      0.00335  0.0000000    0.0009     0.1838     0.0000     0.1837  20.43257123   -6.5834323   -67.775    -2.186
followjul22        geo-0001:sv1-20220730-U-11-1       59791.064771 22-JUL-31 01:33:16.21      2.933280     9  18.50  18.60  41824.98092  0.0000000    5.5934     0.7221     0.0000   318.5770     4.35      0.00595  0.0000000    0.0092     0.0827     0.0000     0.0823  21.20211683   -8.5731307   -12.548    -3.697
followjul22        geo-0002:sv1-20220730-U-11-1       59791.065280 22-JUL-31 01:34:00.19      1.467360     4  19.10  19.20  44693.92418  0.0000000    4.3761    35.2471     0.0000   284.2877   -32.38      0.01678  0.0000000    0.0082     0.4057     0.0000     0.4046  21.20419436   -9.1121905   -12.592    -4.240
followjul22        geo-0001:sv1-20220730-U-12-1       59791.068613 22-JUL-31 01:38:48.16      2.566080     8  17.50  17.50  39840.82780  0.0000000   13.0318   327.7484     0.0000   351.2506    29.74      0.00440  0.0000000    0.0095     0.0067     0.0000     0.0065  21.18357256   -7.1624884   -14.149    -1.966
followjul22        geo-0001:sv1-20220730-U-13-1       59791.072711 22-JUL-31 01:44:42.23      2.200320     7  19.10  19.20  38099.88567  0.0000000    8.2688   334.8440     0.0000   345.6791    52.03      0.00290  0.0000000    0.0065     0.0115     0.0000     0.0114  21.24267098   -7.3822394   -14.183    -2.039
followjul22        geo-0003:sv1-20220730-U-13-1       59791.072965 22-JUL-31 01:45:04.17      2.200320     6  17.30  17.30  47639.57796  0.0000000   22.2010   329.8256     0.0000   350.4797   -70.08      0.00000  0.0000000    0.0000     0.0000     0.0000     0.0000  21.25304368   -8.0640995   -13.942    -3.583
followjul22        geo-0004:sv1-20220730-U-13-1       59791.073220 22-JUL-31 01:45:26.20      1.465920     5  15.40  15.40  30783.20644  0.0000000    0.5716    35.1125     0.0000   285.4643   145.68      0.00374  0.0000000    0.0031     1.0713     0.0000     1.0712  21.24218860   -7.2730176   -14.456    -0.551
followjul22        geo-0001:sv1-20220730-U-14-1       59791.077316 22-JUL-31 01:51:20.10      1.467360     3  16.30  16.40  45133.66858  0.0000000    4.4291    35.0115     0.0000   288.4816   -38.01      0.00273  0.0000000    0.0017     0.0631     0.0000     0.0629  21.36204137   -9.0522339   -12.967    -4.200
followjul22        geo-0001:sv1-20220730-U-20-1       59791.170535 22-JUL-31 04:05:34.22      3.666240    11  18.80  18.90  47914.39509  0.0000000    5.9872    70.6720     0.0000   251.0781   -73.60      0.00409  0.0000000    0.0023     0.0655     0.0000     0.0651  21.10496478  -10.1057940   -48.508    -5.663
follow_aiub2       geo-0001:sv1-20220730-U-22-1       59791.200292 22-JUL-31 04:48:25.22      1.100160     4  15.20  15.60  52022.42196  0.0000000    5.8467   354.1850     0.0000     4.0312  -126.18      0.00594  0.0000000    0.0095     0.0079     0.0000     0.0079  23.49552815   -3.1358063   -22.709     0.410
followjul22        geo-0001:sv1-20220802-U-12-1       59794.029365 22-AUG-03 00:42:17.13      2.566080     6  19.20  19.20  46599.08181  0.0000000    8.9678    56.3676     0.0000   258.9666   -56.76      0.00564  0.0000000    0.0020     0.0644     0.0000     0.0636  21.06128019  -14.0210699    -6.958    -8.801
followjul22        geo-0001:sv1-20220802-U-14-1       59794.045868 22-AUG-03 01:06:02.99      1.467360     4  17.00  17.00  45361.77276  0.0000000    9.6711    33.9124     0.0000   284.0211   -40.93      0.02519  0.0000000    0.0119     0.2712     0.0000     0.2673  21.16230233  -14.5126973    -9.989    -9.380
followjul22        geo-0001:sv1-20220802-U-17-1       59794.066029 22-AUG-03 01:35:04.90      2.200320     7  18.40  18.40  41892.35609  0.0000000    8.4729    62.1802     0.0000   256.3155     3.48      0.00306  0.0000000    0.0015     0.0414     0.0000     0.0409  21.13131953  -14.0528728   -17.044    -8.231
followjul22        geo-0001:sv1-20220802-U-18-1       59794.069365 22-AUG-03 01:39:53.13      3.300480    10  16.70  16.70  52775.63032  0.0000000   10.2407     2.4978     0.0000   310.1082  -135.82      0.00495  0.0000000    0.0051     0.0334     0.0000     0.0328  20.48586934  -12.1722792   -23.538    -7.815
followjul22        geo-0001:sv1-20220802-U-23-1       59794.132652 22-AUG-03 03:11:01.13      3.666240    10  18.10  18.10  51251.59219  0.0000000    8.6935    30.1527     0.0000   284.8281  -116.31      0.00389  0.0000000    0.0017     0.0405     0.0000     0.0400  20.47332634  -12.5351494   -44.299    -8.402
followjul22        geo-0001:sv1-20220802-U-25-1       59794.152627 22-AUG-03 03:39:46.97      3.300480     9  17.50  17.50  48373.93054  0.0000000    8.2869    42.7392     0.0000   273.9182   -79.48      0.00450  0.0000000    0.0007     0.0541     0.0000     0.0536  20.50280767  -12.5704542   -49.956    -8.267
followjul22        geo-0001:sv1-20220802-U-30-1       59794.194247 22-AUG-03 04:39:42.94      1.467360     5  17.90  18.20  38266.15710  0.0000000   11.6524   138.4486     0.0000   221.0097    49.90      0.00822  0.0000000    0.0141     0.0612     0.0000     0.0600  23.51178845  -14.0023361   -22.810    -7.616
followjul22        geo-0001:sv1-20220802-U-9-1        59793.997744 22-AUG-02 23:56:45.08      2.933280     9  18.40  18.50  43327.97532  0.0000000   14.2307   343.7564     0.0000   332.1423   -14.89      0.00379  0.0000000    0.0067     0.0142     0.0000     0.0137  21.19363982  -11.5307845     5.886    -6.596
followaug22        geo-0001:sv1-20220827-U-21-1       59819.125917 22-AUG-28 03:01:19.22      2.933280     9  17.90  17.90  43748.65082  0.0000000   14.2123    14.2369     0.0000   341.2806   -20.28      0.00345  0.0000000    0.0064     0.0087     0.0000     0.0085  23.39015198   -9.3624305   -25.602    -4.519
followaug22        geo-0001:sv1-20220827-U-23-1       59819.152666 22-AUG-28 03:39:50.34      2.933280     9  16.60  16.70  43684.61985  0.0000000   14.1984    14.2078     0.0000   350.4545   -19.46      0.00278  0.0000000    0.0054     0.0037     0.0000     0.0036   0.14109016   -7.0814693   -26.361    -2.331
followaug22        geo-0001:sv1-20220827-U-4-1        59818.908833 22-AUG-27 21:48:43.17      2.200320     6  15.40  16.70  42195.97630  0.0000000    8.5334    68.3836     0.0000   180.2245    -0.40      0.00516  0.0000000    0.0105     0.0044     0.0000     0.0039  16.13293220   -4.3356274   -54.684    -0.033
followaug22        geo-0001:sv1-20220828-U-11-1       59819.968961 22-AUG-28 23:15:18.23      2.566080     8  17.50  17.60  46781.81383  0.0000000    6.9759    51.1444     0.0000   307.4717   -59.10      0.00767  0.0000000    0.0085     0.0905     0.0000     0.0898   0.18052113   -9.5231633    32.841    -5.531
followaug22        geo-0002:sv1-20220828-U-11-1       59819.969979 22-AUG-28 23:16:46.18      0.732960     3  16.60  16.70  39818.02574  0.0000000   12.6277   154.4619     0.0000   203.8045    30.03      0.01810  0.0000000    0.0355     0.0723     0.0000     0.0710   0.17382926  -10.1241778    31.404    -5.062
followaug22        geo-0002:sv1-20220828-U-12-1       59819.973567 22-AUG-28 23:21:56.18      2.933280     9  17.50  17.60  43473.88687  0.0000000   10.3382    18.5389     0.0000   340.0555   -16.76      0.00540  0.0000000    0.0100     0.0202     0.0000     0.0197   0.19397862   -8.0505052    31.250    -3.510
followaug22        geo-0001:sv1-20220828-U-13-1       59819.977008 22-AUG-28 23:26:53.49      2.933280     9  16.80  18.00  50524.16996  0.0000000    6.6005   236.2084     0.0000    20.5064  -107.00      0.00542  0.0000000    0.0085     0.0281     0.0000     0.0280  16.43570490   -1.0944731   -72.296     2.308
followaug22        geo-0001:sv1-20220828-U-17-1       59820.049911 22-AUG-29 01:11:52.31      2.933280     9  18.60  18.70  46019.69213  0.0000000    4.0589    86.2901     0.0000   275.3555   -49.35      0.00672  0.0000000    0.0014     0.1742     0.0000     0.1738   0.19068678   -8.4142376     6.457    -4.041
followaug22        geo-0002:sv1-20220828-U-17-1       59820.049911 22-AUG-29 01:11:52.31      2.933280     8  17.70  17.80  45654.50106  0.0000000    8.9451    28.1762     0.0000   333.2208   -44.67      0.00455  0.0000000    0.0076     0.0244     0.0000     0.0241   0.19186351   -8.4234950     6.475    -4.017
followaug22        geo-0001:sv1-20220828-U-18-1       59820.054772 22-AUG-29 01:18:52.30      1.833120     6  17.30  17.40  42714.90059  0.0000000   10.8608   140.0302     0.0000   220.1865    -7.05      0.00412  0.0000000    0.0063     0.0284     0.0000     0.0279   0.10264121  -12.2601437     2.750    -6.984
followaug22        geo-0002:sv1-20220828-U-19-1       59820.057852 22-AUG-29 01:23:18.41      3.666240    11  19.40  19.50  50538.56972  0.0000000    6.0888    79.7413     0.0000   277.1684  -107.19      0.00497  0.0000000    0.0012     0.0768     0.0000     0.0764  23.55336162  -10.2955620    -1.119    -6.041
followaug22        geo-0003:sv1-20220828-U-20-1       59820.062203 22-AUG-29 01:29:34.33      1.100160     4  19.00  19.10  43947.65527  0.0000000    5.9256    56.8524     0.0000   297.3566   -22.82      0.00526  0.0000000    0.0047     0.0879     0.0000     0.0874  23.44026777  -10.2411832    -5.305    -5.261
followaug22        geo-0001:sv1-20220828-U-21-1       59820.066049 22-AUG-29 01:35:06.63      2.933280     8  19.00  19.20  45219.70378  0.0000000    3.9670    87.1229     0.0000   279.6422   -39.11      0.00371  0.0000000    0.0013     0.0992     0.0000     0.0990   0.39316203   -8.3850214     5.760    -3.911
followaug22        geo-0004:sv1-20220828-U-28-1       59820.170792 22-AUG-29 04:05:56.42      1.833120     4  19.40  19.40  44219.18567  0.0000000    6.9426   108.6689     0.0000   254.1265   -26.30      0.00594  0.0000000    0.0032     0.0911     0.0000     0.0904  23.59411308  -11.5315296   -36.155    -6.677
followaug22        geo-0001:sv1-20220828-U-29-1       59820.174125 22-AUG-29 04:10:44.40      2.933280     9  18.60  18.70  42682.12713  0.0000000   13.2808    10.7206     0.0000   350.5812    -6.63      0.00342  0.0000000    0.0068     0.0049     0.0000     0.0048  23.53289795   -6.5952116   -38.493    -2.154
followaug22        geo-0002:sv1-20220828-U-32-1       59820.189181 22-AUG-29 04:32:25.23      0.732960     3  17.90  17.90  49485.39680  0.0000000    6.4950   100.3512     0.0000   257.4923   -93.71      0.01963  0.0000000    0.0074     0.2877     0.0000     0.2858  23.36093330  -10.4641230   -47.712    -6.340
followaug22        geo-0001:sv1-20220828-U-35-1       59820.228373 22-AUG-29 05:28:51.42      1.833120     6  17.20  17.20  47289.51487  0.0000000    6.2602    63.8757     0.0000   293.0213   -65.60      0.01089  0.0000000    0.0077     0.1641     0.0000     0.1631  23.26432129  -10.0813172   -62.604    -5.760
followaug22        geo-0001:sv1-20220828-U-36-1       59820.232978 22-AUG-29 05:35:29.29      1.833120     6  16.90  16.90  34087.80735  0.0000000    8.7267    19.9641     0.0000   335.6276   103.38      0.00313  0.0000000    0.0073     0.0215     0.0000     0.0214  23.11386567   -9.3126846   -65.446    -3.590
followaug22        geo-0002:sv1-20220828-U-36-1       59820.234251 22-AUG-29 05:37:19.28      0.732960     3  18.10  18.10  31673.76953  0.0000000    7.0741   146.5929     0.0000   210.2317   134.28      0.03081  0.0000000    0.0739     0.3535     0.0000     0.3500  23.12157727   -9.5912380   -65.112    -3.555
followaug22        geo-0001:sv1-20220828-U-37-1       59820.239840 22-AUG-29 05:45:22.17      1.833120     6  17.00  17.00  34030.70380  0.0000000    7.2758   139.0641     0.0000   220.2269   104.11      0.02079  0.0000000    0.0406     0.2741     0.0000     0.2716  23.24435511  -10.4532498   -64.702    -4.691
followaug22        geo-0002:sv1-20220828-U-37-1       59820.239840 22-AUG-29 05:45:22.17      1.833120     6  16.90  16.90  33011.64666  0.0000000    7.3148   144.9168     0.0000   214.6052   117.16      0.01917  0.0000000    0.0418     0.2296     0.0000     0.2274  23.24440943  -10.2216964   -64.461    -4.147
followaug22        geo-0001:sv1-20220828-U-7-1        59819.950492 22-AUG-28 22:48:42.50      3.666240     7  16.00  17.40  52040.52792  0.0000000    7.1186   238.2160     0.0000    11.2310  -126.41      0.00276  0.0000000    0.0044     0.0073     0.0000     0.0073  16.16173223   -2.0240386   -69.951     1.383
followaug22        geo-0001:sv1-20220828-U-8-1        59819.955266 22-AUG-28 22:55:34.98      2.566080     8  18.10  19.20  39045.18012  0.0000000    1.9016   119.5462     0.0000   135.9382    39.93      0.00433  0.0000000    0.0069     0.1999     0.0000     0.1997  16.34402966   -3.2234495   -65.537     1.322
followaug22        geo-0001:sv1-20220829-U-6-1        59820.960917 22-AUG-29 23:03:43.22      1.833120     6  18.20  19.30  37606.30864  0.0000000    5.9552    78.0339     0.0000   180.2643    58.34      0.00290  0.0000000    0.0067     0.0043     0.0000     0.0038  16.44380082   -5.0241762   -65.766    -0.027
followaug22        geo-0001:sv1-20220829-U-8-1        59820.968427 22-AUG-29 23:14:32.09      2.933280     8  17.70  17.80  49061.57259  0.0000000   13.5672     6.8941     0.0000   348.9959   -88.28      0.00363  0.0000000    0.0062     0.0052     0.0000     0.0050   0.05191694   -6.3237370    29.416    -2.566
followaug22        geo-0002:sv1-20220829-U-9-1        59820.973007 22-AUG-29 23:21:07.80      2.566080     8  18.30  19.30  37594.42163  0.0000000    5.9930    78.0980     0.0000   185.3858    58.50      0.00464  0.0000000    0.0106     0.0123     0.0000     0.0118  17.05327471   -5.3820446   -64.973    -0.561
follow_aiub2       geo-0002:sv1-20220922-U-10-1       59844.960997 22-SEP-22 23:03:50.14      2.200320     5  18.90  18.90  41285.81827  0.0000000   13.2036   341.5266     0.0000     2.6869    11.25      0.00560  0.0000000    0.0118     0.0041     0.0000     0.0038  23.04461734   -4.0440557    -3.604     0.614
followsep22        geo-0001:sv1-20220922-U-16-1       59845.042977 22-SEP-23 01:01:53.21      3.666240    11  17.40  17.50  51837.02866  0.0000000   10.9304   153.3940     0.0000   222.0182  -123.81      0.01224  0.0000000    0.0146     0.0699     0.0000     0.0687   1.06309461  -11.4538041    -2.450    -7.292
followsep22        geo-0001:sv1-20220922-U-21-1       59845.103823 22-SEP-23 02:29:30.30      1.833120     6  12.30  12.40  42563.18969  0.0000000   10.0462    42.6662     0.0000   333.6145    -5.10      0.00254  0.0000000    0.0046     0.0130     0.0000     0.0128   1.02574711   -9.4149406   -22.674    -4.446
followsep22        geo-0002:sv1-20220922-U-21-1       59845.104078 22-SEP-23 02:29:52.33      3.300480    10  17.50  17.60  57996.03702  0.0000000   16.2035    36.7643     0.0000   338.7144  -202.64      0.00593  0.0000000    0.0079     0.0109     0.0000     0.0104   1.02171016   -9.3941104   -23.145    -5.814
followsep22        geo-0003:sv1-20220922-U-21-1       59845.105605 22-SEP-23 02:32:04.27      1.100160     4  18.60  18.70  45232.03719  0.0000000    4.9573    91.1106     0.0000   285.2680   -39.26      0.01481  0.0000000    0.0075     0.3105     0.0000     0.3094   1.01556711   -9.4322168   -23.515    -4.782
followsep22        geo-0001:sv1-20220922-U-22-1       59845.109701 22-SEP-23 02:37:58.16      1.100160     4  18.80  18.90  45531.31560  0.0000000    6.8560   130.8783     0.0000   248.0579   -43.10      0.01531  0.0000000    0.0107     0.2218     0.0000     0.2203   1.11529260  -11.2726195   -22.634    -6.357
followsep22        geo-0001:sv1-20220922-U-25-1       59845.120469 22-SEP-23 02:53:28.52      1.100160     4  17.90  18.00  45267.33041  0.0000000    4.9392    91.9612     0.0000   289.2407   -39.72      0.01298  0.0000000    0.0082     0.2670     0.0000     0.2660   1.20585698   -9.3500465   -24.046    -4.663
followsep22        geo-0003:sv1-20220922-U-25-1       59845.121487 22-SEP-23 02:54:56.47      1.833120     6  10.90  11.00  42159.63396  0.0000000    4.5748    99.0998     0.0000   282.3159     0.06      0.01553  0.0000000    0.0071     0.3872     0.0000     0.3860   1.21156190   -9.4633262   -24.228    -4.469
follow_aiub2       geo-0001:sv1-20220922-U-29-1       59845.175315 22-SEP-23 04:12:27.21      0.732960     3  11.10  16.30  59220.68625  0.0000000   16.1315    63.7171     0.0000   341.7518  -218.32      0.11111  0.0000000    0.1466     0.1741     0.0000     0.1674   3.03405216   -8.4059339   -18.970    -4.991
follow_aiub2       geo-0003:sv1-20220922-U-3-1        59844.877167 22-SEP-22 21:03:07.22      1.100160     4  18.20  18.50  42604.72350  0.0000000    0.2442     9.8880     0.0000   302.7760    -5.63      0.00741  0.0000000    0.0081     2.9477     0.0000     2.9477  20.57499023   -4.5121125    -4.821    -0.205
followsep22        geo-0002:sv1-20220922-U-5-1        59844.902307 22-SEP-22 21:39:19.32      1.467360     5  17.70  17.90  42800.27814  0.0000000    0.2632    10.9316     0.0000   310.6411    -8.14      0.00678  0.0000000    0.0089     2.2464     0.0000     2.2463  21.33201845   -4.4924124    -4.988    -0.200
followsep22        geo-0003:sv1-20220922-U-5-1        59844.903325 22-SEP-22 21:40:47.28      1.465920     4  11.60  11.80  42184.33972  0.0000000    0.1098   428.6111     0.0000   253.0253    -0.25      0.00000  0.0000000    0.0000     0.0000     0.0000     0.0000  21.33316014   -4.4735621    -5.292    -0.105
followsep22        geo-0001:sv1-20220922-U-7-1        59844.929723 22-SEP-22 22:18:48.06      2.933280     8  18.70  18.80  42987.81777  0.0000000    0.2107    36.5254     0.0000   294.7015   -10.54      0.00383  0.0000000    0.0033     1.8852     0.0000     1.8852  22.11468841   -4.4722131    -5.231    -0.191
followsep22        geo-0003:sv1-20220922-U-7-1        59844.930997 22-SEP-22 22:20:38.14      1.100160     3  12.80  12.90  42166.63626  0.0000000    0.1293    95.4382     0.0000   596.1750    -0.03      0.03222  0.0000000    0.0365    24.3335     0.0000    24.3335  22.13261155   -4.4745631    -5.304    -0.107
followoct22        geo-0001:sv1-20221027-U-10-1       59879.926031 22-OCT-27 22:13:29.07      3.666240    11  17.00  17.40  50814.47318  0.0000000    3.4971   206.3668     0.0000   138.3111  -110.72      0.00256  0.0000000    0.0032     0.0460     0.0000     0.0459  22.54541321   -1.1057361   -24.892     2.325
followoct22        geo-0001:sv1-20221027-U-12-1       59879.935755 22-OCT-27 22:27:29.23      1.467360     5  16.50  16.80  40699.49101  0.0000000    4.9322   286.4268     0.0000    61.8110    18.75      0.00482  0.0000000    0.0049     0.1059     0.0000     0.1055  23.07210113    0.0847674   -24.983     4.346
followoct22        geo-0001:sv1-20221027-U-16-1       59879.988799 22-OCT-27 23:43:52.23      2.566080     8  19.10  19.20  42642.24488  0.0000000    4.1591    98.4185     0.0000   304.5156    -6.12      0.00440  0.0000000    0.0051     0.1002     0.0000     0.0999   3.07520289   -8.2220206    10.724    -3.426
followoct22        geo-0001:sv1-20221027-U-23-1       59880.112660 22-OCT-28 02:42:13.82      2.933280     7  19.60  19.70  45280.51173  0.0000000    9.5539    62.6863     0.0000   341.0844   -39.88      0.00404  0.0000000    0.0072     0.0147     0.0000     0.0145   2.47043736   -7.4616968   -32.978    -3.084
followoct22        geo-0002:sv1-20221027-U-23-1       59880.112660 22-OCT-28 02:42:13.82      1.100160     4  17.30  17.40  53090.30925  0.0000000   11.7438   208.2379     0.0000   196.1431  -139.85      0.01958  0.0000000    0.0296     0.0428     0.0000     0.0418   2.48446724   -7.1112067   -32.933    -3.244
followoct22        geo-0003:sv1-20221027-U-23-1       59880.112914 22-OCT-28 02:42:35.76      3.300480    10  19.00  19.10  47046.39010  0.0000000    6.3667    70.7831     0.0000   332.9348   -62.49      0.00380  0.0000000    0.0061     0.0278     0.0000     0.0277   2.46428795   -7.2131257   -33.223    -2.892
followoct22        geo-0001:sv1-20221027-U-24-1       59880.116761 22-OCT-28 02:48:08.15      1.465920     5  14.40  14.50  55901.78183  0.0000000   15.2307   196.2398     0.0000   203.9436  -175.84      0.01543  0.0000000    0.0209     0.0357     0.0000     0.0344   2.28044161  -10.0441208   -39.041    -6.120
followoct22        geo-0001:sv1-20221027-U-25-1       59880.120856 22-OCT-28 02:54:01.95      2.933280     8  17.80  17.90  48472.07998  0.0000000   12.6424   214.5289     0.0000   192.4887   -80.74      0.00742  0.0000000    0.0126     0.0134     0.0000     0.0130   2.58273741   -7.0046031   -33.228    -2.713
followoct22        geo-0002:sv1-20221027-U-25-1       59880.121111 22-OCT-28 02:54:23.99      3.300480     8  20.20  20.20  44766.17636  0.0000000    9.4691    62.5328     0.0000   344.0287   -33.30      0.00503  0.0000000    0.0092     0.0159     0.0000     0.0158   2.57489034   -7.1649783   -33.275    -2.595
followoct22        geo-0003:sv1-20221027-U-25-1       59880.121111 22-OCT-28 02:54:23.99      1.465920     3  19.50  19.60  56614.74167  0.0000000    4.7504    91.8831     0.0000   314.7647  -184.96      0.02477  0.0000000    0.0255     0.3094     0.0000     0.3084   2.59511007   -7.0320746   -33.297    -3.371
followoct22        geo-0004:sv1-20221027-U-25-1       59880.121875 22-OCT-28 02:55:30.00      1.467360     5  18.20  18.20  51919.07355  0.0000000   12.0879   209.2574     0.0000   197.5614  -124.86      0.05233  0.0000000    0.0804     0.1237     0.0000     0.1209   2.57416277   -7.4159223   -33.867    -3.623
followoct22        geo-0005:sv1-20221027-U-25-1       59880.122130 22-OCT-28 02:55:52.03      1.833120     5  19.60  19.70  46995.43051  0.0000000    6.3172    70.9355     0.0000   335.6091   -61.84      0.00655  0.0000000    0.0108     0.0442     0.0000     0.0440   2.57421900   -7.0225036   -33.736    -2.604
followoct22        geo-0001:sv1-20221027-U-26-1       59880.124954 22-OCT-28 02:59:56.02      3.666240    11  17.00  17.10  51381.62901  0.0000000   11.9908   209.3500     0.0000   198.2998  -117.98      0.00977  0.0000000    0.0151     0.0248     0.0000     0.0242   3.00457375   -7.5232063   -34.154    -3.740
followoct22        geo-0001:sv1-20221027-U-27-1       59880.132178 22-OCT-28 03:10:20.17      3.666240    11  18.90  19.00  56638.74428  0.0000000    4.7146    92.2938     0.0000   316.9206  -185.27      0.00444  0.0000000    0.0047     0.0535     0.0000     0.0533   3.09313956   -6.5252740   -34.727    -3.218
follow_aiub2       geo-0001:sv1-20221027-U-32-1       59880.260373 22-OCT-28 06:14:56.22      2.933280     9  13.00  14.70  42163.07908  0.0000000    0.1667    86.8227     0.0000    46.2286     0.02      0.00473  0.0000000    0.0066     2.4134     0.0000     2.4134   9.03546889   -4.3139189     2.736     0.120
followoct22        geo-0001:sv1-20221027-U-5-1        59879.906310 22-OCT-27 21:45:05.18      2.566080     8  16.00  16.30  42313.93161  0.0000000    5.4947   287.7343     0.0000    56.7833    -1.91      0.00324  0.0000000    0.0036     0.0581     0.0000     0.0578  22.56462558    0.3707143   -18.107     4.595
followoct22        geo-0001:sv1-20221027-U-6-1        59879.909644 22-OCT-27 21:49:53.24      3.666240    10  17.70  18.10  50976.34185  0.0000000    3.4646   206.6027     0.0000   133.6137  -112.79      0.00291  0.0000000    0.0033     0.0572     0.0000     0.0571  22.37466834   -0.5757529   -23.438     2.508
followoct22        geo-0002:sv1-20221027-U-8-1        59879.918094 22-OCT-27 22:02:03.32      2.933280     8  17.80  18.20  43371.61529  0.0000000    9.2563   303.1597     0.0000    41.1531   -15.45      0.00425  0.0000000    0.0063     0.0348     0.0000     0.0344  22.52092592    2.2605595   -22.816     6.076
followoct22        geo-0001:sv1-20221027-U-9-1        59879.922190 22-OCT-27 22:07:57.21      1.100160     4  20.00  20.40  41245.12584  0.0000000    5.9988   299.6844     0.0000    43.8513    11.77      0.01150  0.0000000    0.0174     0.1610     0.0000     0.1601  22.48255066   -0.0049799   -24.857     4.152
followoct22        geo-0002:sv1-20221027-U-9-1        59879.923463 22-OCT-27 22:09:47.20      1.467360     5  16.80  17.20  40245.64809  0.0000000    4.9398   285.5031     0.0000    58.0313    24.56      0.00460  0.0000000    0.0053     0.0982     0.0000     0.0979  22.48156937   -0.0527038   -25.257     4.189
followoct22        geo-0001:sv1-20221029-U-10-1       59881.997157 22-OCT-29 23:55:54.36      2.933280     8  17.50  17.60  47800.15491  0.0000000   11.8610   215.0343     0.0000   191.7117   -72.14      0.00689  0.0000000    0.0119     0.0125     0.0000     0.0124   3.19158976   -6.3912854     9.233    -2.391
followoct22        geo-0002:sv1-20221029-U-10-1       59881.997157 22-OCT-29 23:55:54.36      2.933280     9  17.80  17.90  55986.68091  0.0000000    7.0460   204.5507     0.0000   202.6058  -176.92      0.00604  0.0000000    0.0083     0.0284     0.0000     0.0283   3.19200367   -6.1840123     9.733    -2.703
followoct22        geo-0001:sv1-20221029-U-13-1       59882.027410 22-OCT-30 00:39:28.22      0.732960     3  16.10  16.30  43763.37296  0.0000000   12.4012   217.4018     0.0000   198.6465   -20.47      0.01092  0.0000000    0.0202     0.0321     0.0000     0.0315   3.56193237   -8.5014144     7.452    -3.937
followoct22        geo-0001:sv1-20221029-U-14-1       59882.031507 22-OCT-30 00:45:22.20      3.666240    11  17.70  17.90  55610.46021  0.0000000    7.3525   205.9621     0.0000   209.3109  -172.11      0.00198  0.0000000    0.0026     0.0114     0.0000     0.0113   3.49591507   -7.2009620     5.402    -3.592
followoct22        geo-0001:sv1-20221029-U-17-1       59882.046796 22-OCT-30 01:07:23.17      1.833120     6  18.70  18.80  45522.26078  0.0000000    3.1244    59.6976     0.0000   345.3328   -42.98      0.00648  0.0000000    0.0117     0.0566     0.0000     0.0565   3.03585988   -5.1115256   -10.137    -0.791
followoct22b       geo-0001:sv2-20221029-U-11-1       59882.244887 22-OCT-30 05:52:38.23      2.200320     5  19.20  19.20  44474.81423  0.0000000   13.3329   340.3175     0.0000    78.0435   -29.57      0.00957  0.0000000    0.0038     0.0785     0.0000     0.0764   3.26519531    9.5602394   -68.656    13.038
follow_aiub2       geo-0001:sv2-20221029-U-12-1       59882.248984 22-OCT-30 05:58:32.21      0.732960     3  13.10  13.50  26604.43055  0.0000000    3.5417   354.5803     0.0000    93.2921   199.17      0.02495  0.0000000    0.0085     1.4140     0.0000     1.4112   5.27398696   -3.3845708   -40.296     3.536
followoct22b       geo-0001:sv2-20221029-U-1-1        59882.129539 22-OCT-30 03:06:32.16      4.033440    12  18.60  18.60  56245.08130  0.0000000   11.9581   204.4450     0.0000   194.5086  -180.23      0.00468  0.0000000    0.0067     0.0087     0.0000     0.0085   2.22133603   -6.3442816   -46.406    -2.975
followoct22b       geo-0002:sv2-20221029-U-1-1        59882.130049 22-OCT-30 03:07:16.23      1.467360     5  17.60  17.70  51487.21172  0.0000000   10.4101   201.3526     0.0000   197.7763  -119.33      0.01436  0.0000000    0.0223     0.0403     0.0000     0.0396   2.21465835   -7.0848885   -46.387    -3.162
followoct22b       geo-0001:sv2-20221029-U-3-1        59882.156206 22-OCT-30 03:44:56.19      2.566080     7  17.00  17.00  49060.48934  0.0000000   11.0135   203.8518     0.0000   202.6837   -88.27      0.00571  0.0000000    0.0091     0.0202     0.0000     0.0198   2.49200684   -8.3033671   -48.525    -4.225
follow_aiub2       geo-0002:sv2-20221029-U-5-1        59882.184654 22-OCT-30 04:25:54.10      1.100160     4  18.70  18.90  41737.28851  0.0000000    2.8052    17.2648     0.0000    51.8773     5.47      0.00974  0.0000000    0.0124     0.3247     0.0000     0.3244   4.24558134   -2.1200404   -35.844     2.206
followoct22b       geo-0001:sv2-20221029-U-6-1        59882.187478 22-OCT-30 04:29:58.09      2.933280     9  18.30  18.40  42438.54772  0.0000000    7.4477    43.2870     0.0000   354.9075    -3.51      0.00495  0.0000000    0.0099     0.0071     0.0000     0.0074   2.07211427   -5.0615412   -67.735    -0.659
followoct22b       geo-0001:sv2-20221029-U-7-1        59882.191574 22-OCT-30 04:35:51.99      2.566080     8  18.30  18.50  41662.55125  0.0000000    2.8087    17.0704     0.0000    54.6148     6.42      0.00367  0.0000000    0.0044     0.1272     0.0000     0.1270   4.35065057   -2.0654796   -35.798     2.290
follownov22        geo-0001:sv1-20221119-U-12-1       59903.169935 22-NOV-20 04:04:42.38      2.566080     8  18.40  18.50  47525.56970  0.0000000    6.1980   210.1014     0.0000   215.2528   -68.62      0.01148  0.0000000    0.0167     0.1104     0.0000     0.1097   4.02166635   -7.5238778   -55.142    -3.573
follownov22        geo-0001:sv1-20221119-U-15-1       59903.190978 22-NOV-20 04:35:00.49      1.833120     6  14.20  14.40  35741.66462  0.0000000   17.3100   243.4792     0.0000   190.2391    82.21      0.01877  0.0000000    0.0456     0.0310     0.0000     0.0288   4.27537505   -8.5141935   -54.671    -3.032
follownov22        geo-0002:sv1-20221119-U-15-1       59903.190978 22-NOV-20 04:35:00.49      1.467360     5  18.30  18.40  43538.78988  0.0000000    7.8235   222.9697     0.0000   209.5864   -17.59      0.01437  0.0000000    0.0245     0.1034     0.0000     0.1023   4.28434643   -8.3636406   -55.608    -3.854
follownov22        geo-0001:sv1-20221119-U-8-1        59903.069007 22-NOV-20 01:39:22.20      1.833120     4  13.10  17.40  38119.35594  0.0000000    5.2925    84.2726     0.0000   346.1689    51.78      0.00804  0.0000000    0.0180     0.0484     0.0000     0.0482   4.44231471   -6.4438344   -13.406    -1.264
follownov22        geo-0002:sv1-20221120-U-10-1       59903.906400 22-NOV-20 21:45:12.96      1.467360     5  18.90  19.00  43439.41939  0.0000000   12.1833   323.1343     0.0000    70.8942   -16.32      0.00657  0.0000000    0.0043     0.0586     0.0000     0.0572   2.28369411    8.3535491     7.429    11.503
follownov22        geo-0001:sv1-20221120-U-11-1       59903.909734 22-NOV-20 21:50:01.01      2.566080     8  18.00  18.10  42000.54260  0.0000000   10.5425   320.6453     0.0000    81.6219     2.10      0.00400  0.0000000    0.0012     0.0447     0.0000     0.0439   3.06567415    7.1011956    14.730    10.429
follownov22        geo-0001:sv1-20221120-U-13-1       59903.936331 22-NOV-20 22:28:18.99      2.566080     8  16.80  16.90  57131.34992  0.0000000   11.2774   330.2664     0.0000    75.4671  -191.58      0.00402  0.0000000    0.0014     0.0290     0.0000     0.0285   3.12379795    8.4221658     8.464    10.912
follownov22        geo-0002:sv1-20221120-U-13-1       59903.936840 22-NOV-20 22:29:02.97      2.933280     9  18.10  18.20  43759.45629  0.0000000   12.1636   323.1406     0.0000    81.3698   -20.42      0.00554  0.0000000    0.0016     0.0513     0.0000     0.0501   3.11092351    9.1255063     7.135    12.024
follownov22        geo-0002:sv1-20221120-U-16-1       59903.971287 22-NOV-20 23:18:39.19      2.200320     7  18.10  18.20  55719.05098  0.0000000   11.2140    70.5275     0.0000   354.9835  -173.50      0.01494  0.0000000    0.0223     0.0111     0.0000     0.0105   4.36073840   -4.2457493    15.991    -0.974
follownov22        geo-0001:sv1-20221120-U-17-1       59903.974111 22-NOV-20 23:22:43.19      4.033440    10  16.70  16.70  56574.03630  0.0000000   11.2476   328.7012     0.0000    85.6746  -184.44      0.00351  0.0000000    0.0004     0.0264     0.0000     0.0259   3.46091693    9.0303982     3.657    11.215
follownov22        geo-0001:sv1-20221120-U-26-1       59904.091137 22-NOV-21 02:11:14.23      2.200320     6  17.80  18.00  45797.58457  0.0000000    2.6124   103.0868     0.0000   328.5424   -46.50      0.00229  0.0000000    0.0036     0.0485     0.0000     0.0484   4.44111772   -5.4902060   -21.223    -1.363
follownov22        geo-0001:sv1-20221120-U-28-1       59904.107388 22-NOV-21 02:34:38.32      2.566080     8  17.90  18.00  42857.96583  0.0000000    3.7239    84.3953     0.0000   345.1034    -8.88      0.00293  0.0000000    0.0057     0.0232     0.0000     0.0232   4.30444347   -5.4106136   -29.216    -0.957
follow_aiub2       geo-0001:sv1-20221120-U-29-1       59904.111485 22-NOV-21 02:40:32.30      2.566080     8  18.10  18.30  48216.40575  0.0000000    2.7232   132.2118     0.0000   270.3743   -77.46      0.01406  0.0000000    0.0012     0.5189     0.0000     0.5183   2.31132329   -6.5118738   -57.638    -2.723
follow_aiub2       geo-0002:sv1-20221120-U-29-1       59904.111485 22-NOV-21 02:40:32.30      1.100160     4  18.00  18.20  37143.56715  0.0000000    9.8400   214.4492     0.0000   189.8939    64.27      0.01046  0.0000000    0.0242     0.0270     0.0000     0.0261   2.32038917   -7.0504701   -56.024    -1.683
follownov22        geo-0002:sv1-20221120-U-30-1       59904.116090 22-NOV-21 02:47:10.17      1.833120     6  16.90  17.00  35688.69471  0.0000000    9.4201    66.6519     0.0000     0.1528    82.89      0.00169  0.0000000    0.0042     0.0015     0.0000     0.0016   4.13571675   -5.3706564   -35.084     0.025
follow_aiub2       geo-0001:sv1-20221120-U-32-1       59904.143567 22-NOV-21 03:26:44.18      2.933280     9  18.00  18.10  50711.69242  0.0000000    3.5341   171.8585     0.0000   239.6133  -109.40      0.00854  0.0000000    0.0071     0.1990     0.0000     0.1986   3.06412850   -6.5740344   -60.381    -3.048
follow_aiub2       geo-0002:sv1-20221120-U-32-1       59904.144586 22-NOV-21 03:28:12.23      2.566080     8  16.60  16.70  45361.74851  0.0000000   12.3086   218.0271     0.0000   194.1411   -40.92      0.00815  0.0000000    0.0149     0.0184     0.0000     0.0178   3.05594560   -7.2329878   -60.317    -2.985
follownov22        geo-0001:sv1-20221120-U-33-1       59904.152942 22-NOV-21 03:40:14.18      2.200320     7  19.00  19.10  39239.00249  0.0000000    0.9241   108.7771     0.0000   318.6926    37.45      0.00455  0.0000000    0.0076     0.4099     0.0000     0.4099   4.10444243   -5.4001692   -47.716    -0.610
follownov22        geo-0001:sv1-20221120-U-34-1       59904.157039 22-NOV-21 03:46:08.16      2.933280     9  17.60  17.70  59702.21806  0.0000000    3.3207   143.5501     0.0000   278.8238  -224.48      0.01881  0.0000000    0.0042     0.4444     0.0000     0.4436   3.55225378   -6.3807087   -54.280    -3.281
follownov22        geo-0001:sv1-20221120-U-35-1       59904.160627 22-NOV-21 03:51:18.17      1.100160     4  19.80  19.90  43431.82602  0.0000000    5.1749    86.5401     0.0000   341.2113   -16.22      0.01613  0.0000000    0.0301     0.1137     0.0000     0.1135   4.13043650   -6.1634587   -50.141    -1.665
follownov22        geo-0002:sv1-20221120-U-35-1       59904.160882 22-NOV-21 03:51:40.20      3.300480    10  18.20  18.30  48884.54764  0.0000000    5.4660    90.1979     0.0000   336.7166   -86.02      0.00506  0.0000000    0.0080     0.0359     0.0000     0.0358   4.11414070   -6.1447435   -51.047    -2.158
follownov22        geo-0001:sv1-20221120-U-37-1       59904.169840 22-NOV-21 04:04:34.17      2.200320     6  18.80  18.90  43789.55020  0.0000000    5.1735    86.9147     0.0000   343.9620   -20.80      0.00714  0.0000000    0.0134     0.0426     0.0000     0.0426   4.25366648   -5.5815280   -50.351    -1.428
follownov22        geo-0001:sv1-20221120-U-40-1       59904.217949 22-NOV-21 05:13:50.79      1.467360     4  17.70  17.80  40836.25259  0.0000000    6.3746    77.0722     0.0000   353.7198    17.00      0.00713  0.0000000    0.0149     0.0156     0.0000     0.0160   4.16373285   -5.2023583   -67.826    -0.696
follownov22        geo-0002:sv1-20221120-U-40-1       59904.218713 22-NOV-21 05:14:56.80      2.200320     4  18.30  18.40  58214.93469  0.0000000   12.4532    78.9884     0.0000   349.5995  -205.45      0.00850  0.0000000    0.0120     0.0101     0.0000     0.0100   4.16316327   -5.2903701   -70.105    -2.231
follownov22        geo-0003:sv1-20221120-U-40-1       59904.218968 22-NOV-21 05:15:18.83      2.200320     7  19.00  19.10  46365.71388  0.0000000    3.8876    86.0655     0.0000   343.6388   -53.78      0.00503  0.0000000    0.0089     0.0382     0.0000     0.0382   4.15162717   -5.0944377   -69.284    -1.094
follownov22        geo-0001:sv1-20221120-U-42-1       59904.248683 22-NOV-21 05:58:06.21      1.465920     5  16.90  17.00  42210.53605  0.0000000    0.8321    78.1279     0.0000   359.3109    -0.59      0.01275  0.0000000    0.0258     0.0916     0.0000     0.0935   4.42423415   -4.2355650   -72.312    -0.010
follownov22        geo-0001:sv1-20221120-U-43-1       59904.253799 22-NOV-21 06:05:28.23      2.566080     8  18.20  18.30  41568.80895  0.0000000    6.2700    77.6150     0.0000     6.4560     7.62      0.00791  0.0000000    0.0162     0.0188     0.0000     0.0191   5.10015128   -3.4449935   -67.565     0.704
follownov22        geo-0001:sv1-20221120-U-6-1        59903.888740 22-NOV-20 21:19:47.13      3.300480    10  16.80  16.90  56759.63836  0.0000000   11.3854   331.4713     0.0000    63.3410  -186.82      0.00527  0.0000000    0.0034     0.0352     0.0000     0.0345   2.30322338    7.4851043    14.537    10.161
follownov22        geo-0001:sv1-20221120-U-7-1        59903.893345 22-NOV-20 21:26:25.00      2.566080     8  17.20  17.20  47570.03651  0.0000000   10.1825   310.0520     0.0000    86.8465   -69.19      0.00407  0.0000000    0.0004     0.0412     0.0000     0.0405   2.43418729    7.1803600    15.369    10.167
follownov22        geo-0002:sv1-20221120-U-7-1        59903.894109 22-NOV-20 21:27:31.01      1.467360     5  19.40  19.50  41748.92902  0.0000000   10.5752   320.9250     0.0000    75.6225     5.32      0.00954  0.0000000    0.0049     0.1047     0.0000     0.1029   2.43422776    6.5608450    14.555    10.240
follownov22        geo-0001:sv1-20221120-U-9-1        59903.900777 22-NOV-20 21:37:07.13      0.367200     2  19.00  19.10  28135.43957  0.0000000   21.9353   356.1268     0.0000    45.2166   179.57      0.00000  0.0000000    0.0000     0.0000     0.0000     0.0000   3.07027232   11.1212865    15.030    15.375
follownov22        geo-0002:sv1-20221121-U-11-1       59904.953544 22-NOV-21 22:53:06.20      2.200320     6  12.70  19.00  40538.40424  0.0000000   21.5202   271.7847     0.0000   150.9088    20.81      0.00000  0.0000000    0.0000     0.0000     0.0000     0.0000   4.39339842    6.4725272    20.223    10.274
follownov22        geo-0001:sv1-20221121-U-11-1       59904.953799 22-NOV-21 22:53:28.23      2.933280     9  16.00  18.00  44377.67931  0.0000000   10.7181   313.3952     0.0000   111.0354   -28.33      0.00201  0.0000000    0.0014     0.0195     0.0000     0.0192   4.38578728    6.4901327    20.483     9.996
follow_aiub2       geo-0001:sv1-20221121-U-13-1       59904.982365 22-NOV-21 23:34:36.33      2.566080     8  13.00  13.10  42529.17372  0.0000000   14.7203     0.7381     0.0000    65.3734    -4.67      0.00725  0.0000000    0.0061     0.0532     0.0000     0.0514   4.37551606   10.3549862    10.780    13.355
follownov22        geo-0001:sv1-20221121-U-16-1       59905.003104 22-NOV-22 00:04:28.18      2.933280     7  17.20  17.30  44538.71176  0.0000000    2.5091    58.9776     0.0000    13.8321   -30.39      0.00427  0.0000000    0.0079     0.0470     0.0000     0.0469   5.06151627   -3.3920194    10.711     0.600
follownov22        geo-0001:sv1-20221121-U-18-1       59905.022201 22-NOV-22 00:31:58.16      2.566080     8  18.30  18.40  54754.55090  0.0000000   11.7657    67.6471     0.0000   359.4747  -161.15      0.01076  0.0000000    0.0164     0.0036     0.0000     0.0033   4.35179291   -3.3549977    -1.847    -0.107
follownov22        geo-0002:sv1-20221121-U-19-1       59905.025789 22-NOV-22 00:37:08.16      2.933280     7  16.90  17.00  44473.18706  0.0000000    2.8630    67.7236     0.0000     0.8534   -29.55      0.00423  0.0000000    0.0081     0.0093     0.0000     0.0090   4.42560458   -4.2031588    -1.699     0.043
follownov22        geo-0001:sv1-20221121-U-20-1       59905.029887 22-NOV-22 00:43:02.23      2.933280     6   9.30  14.10  42592.97664  0.0000000    0.4798    93.5625     0.0000   339.4645    -5.48      0.00317  0.0000000    0.0060     0.2654     0.0000     0.2653   5.02525416   -4.4726618     1.274    -0.168
follownov22        geo-0003:sv1-20221121-U-20-1       59905.031414 22-NOV-22 00:45:14.16      0.732960     3  12.00  18.20  36808.18332  0.0000000    2.0126   280.4206     0.0000   152.3410    68.56      0.00153  0.0000000    0.0032     0.0485     0.0000     0.0485   5.03186257   -4.2135820     0.471     0.934
follownov22        geo-0001:sv1-20221121-U-22-1       59905.039655 22-NOV-22 00:57:06.19      2.200320     6  18.20  18.40  36406.20092  0.0000000    2.0263   282.0586     0.0000   154.3402    73.71      0.00125  0.0000000    0.0027     0.0369     0.0000     0.0369   5.18277650   -4.2930498     1.132     0.877
follownov22        geo-0003:sv1-20221121-U-22-1       59905.040928 22-NOV-22 00:58:56.17      1.465920     5  13.80  14.00  42550.45009  0.0000000    0.4348    95.0844     0.0000   341.8680    -4.94      0.01227  0.0000000    0.0236     1.0207     0.0000     1.0205   5.18332650   -4.4535518     1.213    -0.135
follownov22        geo-0001:sv1-20221121-U-26-1       59905.090198 22-NOV-22 02:09:53.10      1.100160     4  20.30  20.40  40717.08119  0.0000000    2.3172   267.3210     0.0000   159.0063    18.53      0.02229  0.0000000    0.0444     0.4229     0.0000     0.4224   4.18488185   -3.5528326   -27.183     0.830
follownov22        geo-0002:sv1-20221121-U-26-1       59905.091980 22-NOV-22 02:12:27.07      0.732960     3  20.00  20.10  60701.72275  0.0000000    5.9691    71.4961     0.0000   354.3787  -237.28      0.06217  0.0000000    0.0835     0.0834     0.0000     0.0835   4.19003519   -3.4518456   -28.264    -0.584
follow_aiub2       geo-0001:sv1-20221121-U-27-1       59905.094295 22-NOV-22 02:15:47.08      1.465920     5  18.50  18.80  40272.39926  0.0000000    3.0876    75.9537     0.0000   314.6907    24.22      0.01745  0.0000000    0.0263     0.4898     0.0000     0.4893   1.36478812   -7.0401603   -64.319    -2.194
follownov22        geo-0001:sv1-20221121-U-29-1       59905.111553 22-NOV-22 02:40:38.17      4.033440    12  17.90  18.10  61159.84156  0.0000000    5.7398    71.8746     0.0000   358.0369  -243.14      0.00576  0.0000000    0.0077     0.0036     0.0000     0.0036   4.33549977   -3.1807302   -31.313    -0.196
follownov22        geo-0001:sv1-20221121-U-30-1       59905.115651 22-NOV-22 02:46:32.24      1.100160     4  17.80  17.90  32168.45880  0.0000000    1.8935   279.4195     0.0000   155.5548   127.95      0.00248  0.0000000    0.0064     0.0878     0.0000     0.0877   4.50503474   -5.2951064   -27.727     0.783
follownov22        geo-0002:sv1-20221121-U-31-1       59905.120512 22-NOV-22 02:53:32.23      0.732960     3  18.40  18.50  43362.28415  0.0000000    2.4320    64.7499     0.0000     7.6733   -15.33      0.00702  0.0000000    0.0138     0.0473     0.0000     0.0474   4.40464490   -4.0934243   -32.052     0.325
follownov22        geo-0003:sv1-20221121-U-31-1       59905.122039 22-NOV-22 02:55:44.16      0.732960     3  18.40  18.50  43418.09763  0.0000000    2.4428    64.9282     0.0000     8.0201   -16.05      0.00770  0.0000000    0.0150     0.0535     0.0000     0.0536   4.42522449   -4.0805220   -32.079     0.341
follownov22        geo-0001:sv1-20221121-U-32-1       59905.124864 22-NOV-22 02:59:48.24      2.566080     8  18.20  18.40  41426.09842  0.0000000    2.4350   264.4693     0.0000   174.8574     9.45      0.00533  0.0000000    0.0111     0.0265     0.0000     0.0264   5.11114401   -4.3215927   -26.708     0.218
follow_aiub2       geo-0001:sv1-20221121-U-35-1       59905.155870 22-NOV-22 03:44:27.16      1.833120     5  19.00  19.20  50165.46508  0.0000000    3.1479   160.5159     0.0000   248.5315  -102.41      0.01231  0.0000000    0.0076     0.3518     0.0000     0.3513   2.54324402   -6.4729398   -68.214    -2.929
follownov22        geo-0001:sv1-20221121-U-37-1       59905.166220 22-NOV-22 03:59:21.40      2.933280     7  18.50  18.60  41500.66449  0.0000000    2.9509    66.2923     0.0000     1.1435     8.50      0.00501  0.0000000    0.0104     0.0115     0.0000     0.0120   4.08598952   -4.3404139   -53.534     0.059
follownov22        geo-0002:sv1-20221121-U-38-1       59905.170824 22-NOV-22 04:05:59.19      2.566080     8  18.90  19.00  44559.49104  0.0000000    3.5645   238.6120     0.0000   194.6226   -30.66      0.00560  0.0000000    0.0104     0.0453     0.0000     0.0451   4.35272196   -5.1828380   -49.423    -0.899
follownov22        geo-0001:sv1-20221121-U-40-1       59905.178257 22-NOV-22 04:16:41.40      3.300480    10  18.90  19.10  50728.40962  0.0000000    3.9867   182.8855     0.0000   232.2990  -109.62      0.00582  0.0000000    0.0059     0.1108     0.0000     0.1105   3.18414035   -6.5744276   -70.196    -3.153
follownov22        geo-0001:sv1-20221121-U-43-1       59905.220139 22-NOV-22 05:17:00.00      2.566080     8  17.10  17.20  42393.17272  0.0000000    1.1424    87.7223     0.0000   342.3840    -2.93      0.00388  0.0000000    0.0075     0.1184     0.0000     0.1185   4.14034613   -4.4518981   -70.323    -0.346
follownov22        geo-0001:sv1-20221121-U-5-1        59904.879619 22-NOV-21 21:06:39.08      2.200320     7  17.40  17.40  42006.17873  0.0000000   10.8660   311.6576     0.0000    86.7610     2.03      0.00399  0.0000000    0.0005     0.0435     0.0000     0.0428   2.54474029    7.3410374    20.850    10.848
follownov22        geo-0001:sv1-20221121-U-8-1        59904.930234 22-NOV-21 22:19:32.21      2.933280     8  17.60  17.60  42101.52659  0.0000000   10.8696   311.5275     0.0000   105.2437     0.81      0.00436  0.0000000    0.0024     0.0456     0.0000     0.0448   4.09361004    7.0937861    21.256    10.483
follownov22        geo-0002:sv1-20221121-U-8-1        59904.931762 22-NOV-21 22:21:44.23      1.100160     3  17.80  17.80  44716.25807  0.0000000   10.6981   313.3446     0.0000   103.8034   -32.66      0.00480  0.0000000    0.0022     0.0481     0.0000     0.0473   4.09304230    7.1623760    21.050    10.386
follownov22        geo-0001:sv1-20221122-U-14-1       59906.058289 22-NOV-23 01:23:56.16      1.465920     3  18.20  18.40  63852.03658  0.0000000    3.8326   117.3620     0.0000   319.3232  -277.60      0.01872  0.0000000    0.0181     0.2321     0.0000     0.2316   5.11042423   -5.4006272    -6.244    -2.497
follownov22        geo-0001:sv1-20221122-U-16-1       59906.066994 22-NOV-23 01:36:28.28      2.566080     7  17.80  17.90  54153.72200  0.0000000    2.8022    52.6891     0.0000    16.2458  -153.46      0.00675  0.0000000    0.0099     0.0608     0.0000     0.0607   4.35301014   -2.4008521   -17.219     0.784
follownov22        geo-0001:sv1-20221122-U-17-1       59906.071438 22-NOV-23 01:42:52.24      2.200320     7  16.40  16.50  50679.13177  0.0000000    4.1898    51.5633     0.0000    17.3214  -108.99      0.00306  0.0000000    0.0048     0.0211     0.0000     0.0210   4.34210168   -2.2457875   -18.898     1.246
follownov22        geo-0001:sv1-20221122-U-18-1       59906.076299 22-NOV-23 01:49:52.23      2.566080     8  19.40  19.50  39807.18721  0.0000000    3.4053   274.3737     0.0000   160.8772    30.17      0.00000  0.0000000    0.0000     0.0000     0.0000     0.0000   5.02524805   -3.4348653   -14.212     1.115
follownov22        geo-0001:sv1-20221122-U-19-1       59906.079631 22-NOV-23 01:54:40.11      2.933280     9  17.80  17.90  60465.46726  0.0000000    3.3544   119.9662     0.0000   320.9787  -234.25      0.01344  0.0000000    0.0142     0.1950     0.0000     0.1946   5.26541615   -5.2653229    -9.704    -2.111
follownov22        geo-0001:sv1-20221122-U-20-1       59906.083732 22-NOV-23 02:00:34.44      1.100160     4  18.60  18.70  54186.03829  0.0000000    2.7046    52.0346     0.0000    21.0443  -153.88      0.00685  0.0000000    0.0098     0.0808     0.0000     0.0807   4.51112041   -2.2734565   -19.119     0.971
follownov22        geo-0002:sv1-20221122-U-20-1       59906.085514 22-NOV-23 02:03:08.40      1.100160     4  18.60  18.70  54240.26819  0.0000000    2.6674    51.8039     0.0000    21.7159  -154.57      0.00681  0.0000000    0.0097     0.0838     0.0000     0.0837   4.52514745   -2.2617977   -19.322     0.987
follownov22        geo-0001:sv1-20221122-U-24-1       59906.141182 22-NOV-23 03:23:18.12      2.566080     8  18.10  18.10  41069.71860  0.0000000   18.2934    54.6507     0.0000    19.0397    14.01      0.00291  0.0000000    0.0058     0.0065     0.0000     0.0062   4.36561956    1.5500979   -40.123     5.877
follownov22        geo-0002:sv1-20221122-U-24-1       59906.142964 22-NOV-23 03:25:52.08      0.732960     3  15.80  15.90  37329.74950  0.0000000   24.1988   266.9709     0.0000   164.9651    61.88      0.00781  0.0000000    0.0180     0.0122     0.0000     0.0110   4.36469221    1.4304124   -40.354     6.104
follownov22        geo-0001:sv1-20221122-U-27-1       59906.176799 22-NOV-23 04:14:35.43      1.833120     6  16.30  16.40  41388.44578  0.0000000   11.2020   263.9268     0.0000   173.4004     9.93      0.02038  0.0000000    0.0424     0.0281     0.0000     0.0268   4.51286134   -3.1517186   -48.321     1.279
follownov22        geo-0002:sv1-20221122-U-27-1       59906.177053 22-NOV-23 04:14:57.37      2.933280     9  15.50  15.70  44218.03902  0.0000000    2.3951    53.4778     0.0000    23.7163   -26.29      0.00454  0.0000000    0.0080     0.0862     0.0000     0.0861   4.51307324   -3.1655844   -48.689     0.963
follownov22        geo-0004:sv1-20221122-U-27-1       59906.177563 22-NOV-23 04:15:41.44      2.200320     7  17.20  17.30  44210.13565  0.0000000    1.2362     0.3557     0.0000    76.7939   -26.18      0.00582  0.0000000    0.0026     0.5084     0.0000     0.5083   4.51176498   -3.0052090   -48.902     1.204
follownov22        geo-0001:sv1-20221122-U-28-1       59906.180894 22-NOV-23 04:20:29.24      3.300480    10  19.00  19.10  44390.77045  0.0000000    1.1534    28.2410     0.0000    39.1133   -28.50      0.00594  0.0000000    0.0088     0.3615     0.0000     0.3615   4.07381373   -3.2742989   -59.903     0.728
follownov22        geo-0001:sv1-20221122-U-31-1       59906.228585 22-NOV-23 05:29:09.74      1.833120     6  14.80  14.90  32938.59761  0.0000000    7.4953   299.9176     0.0000   132.1463   118.09      0.00268  0.0000000    0.0048     0.0405     0.0000     0.0401   4.13443581    0.1938058   -72.158     5.550
follownov22        geo-0002:sv1-20221122-U-31-1       59906.228839 22-NOV-23 05:29:31.68      2.933280     5  18.30  18.40  43940.92898  0.0000000   19.3234    58.6039     0.0000    12.1554   -22.74      0.01004  0.0000000    0.0190     0.0127     0.0000     0.0123   4.13514883    0.0354536   -74.466     3.995
follownov22        geo-0001:sv1-20221122-U-32-1       59906.232664 22-NOV-23 05:35:02.16      2.566080     8  18.20  18.30  42638.83336  0.0000000    2.0398   296.2747     0.0000   139.1396    -6.07      0.00479  0.0000000    0.0073     0.1762     0.0000     0.1760   4.35272242   -2.5534811   -70.507     1.334
follownov22        geo-0001:sv1-20221122-U-35-1       59906.269597 22-NOV-23 06:28:13.18      1.833120     6  16.50  18.30  35890.46266  0.0000000   10.6473    99.3753     0.0000    64.7099    80.31      0.00711  0.0000000    0.0075     0.0866     0.0000     0.0851  11.10156266    5.3744522     4.427     9.617
follow_aiub2       geo-0001:sv1-20221122-U-3-1        59905.874331 22-NOV-22 20:59:02.19      1.100160     4  17.60  17.70  41970.98290  0.0000000   10.8636   311.4972     0.0000    81.1703     2.48      0.00791  0.0000000    0.0025     0.0857     0.0000     0.0841   2.29058080    7.2959175    15.923    10.733
follownov22        geo-0001:sv1-20221122-U-5-1        59905.901507 22-NOV-22 21:38:10.20      2.566080     8  17.40  17.40  42038.32364  0.0000000   10.8639   311.5937     0.0000    90.9443     1.62      0.00300  0.0000000    0.0003     0.0327     0.0000     0.0321   3.09225801    7.3855450    16.159    10.862
