Campaign           Name                              Osc_epoch     Date      Time        arcl [min]    # obs mag_c   mag_u  a(km)        e          i(dg)     raan(dg)   w(dg)      s(dg)      dn(dg/d) da(km)       de         di(dg)    draan(dg)  dw(dg)     ds(dg)     R.A.(h)      Decl.(dg)    lon(dg)   lat(dg)  
svymay22_gto75     geo-0001:sv1-20220526-S-6-1B       59725.937653 22-MAY-26 22:30:13.21      2.400480     4  20.20  20.20  41173.00446  0.0000000    1.9953   322.7563     0.0000   276.4859    12.69      0.02281  0.0000000    0.0063     1.3592     0.0000     1.3584  16.16391955   -6.5456971    17.218    -1.983
svymay22           geo-0001:sv1-20220529-S-30-1B      59729.196495 22-MAY-30 04:42:57.16      2.200320     4  14.60  15.00  42496.18623  0.0000000   14.0881    16.6702     0.0000   279.8984    -4.25      0.02489  0.0000000    0.0095     0.2014     0.0000     0.1954  19.44264576  -20.1812041   -21.554   -13.874
svyjun22           geo-0003:sv1-20220629-S-4-1B       59759.958451 22-JUN-29 23:00:10.16      2.933280     5  16.40  16.70  43161.52831  0.0000000   13.2676   338.5956     0.0000   253.7460   -12.76      0.00690  0.0000000    0.0038     0.0569     0.0000     0.0554  15.18570938  -18.5047598   -31.128   -12.728
svyjun22           geo-0001:sv1-20220629-S-5-1A       59759.969863 22-JUN-29 23:16:36.16      3.666240     6  15.90  16.20  50835.86502  0.0000000   22.9376    13.7840     0.0000   219.8265  -110.99      0.01954  0.0000000    0.0245     0.0531     0.0000     0.0489  15.15377309  -19.3920004   -35.859   -14.454
svyjun22           geo-0014:sv1-20220630-S-25-1B      59761.167837 22-JUL-01 04:01:41.11      0.732960     2  19.40  19.70  42540.62673  0.0000000   10.5707    75.7749     0.0000   254.3999    -4.81      0.00000  0.0000000    0.0000     0.0000     0.0000     0.0000  22.04024666  -16.0920755    -9.700   -10.177
svyjun22           geo-0001:sv1-20220630-S-2-1A       59760.905049 22-JUN-30 21:43:16.23      2.933280     5  13.40  13.70  43176.97918  0.0000000   14.9941   346.6451     0.0000   246.0021   -12.96      0.02284  0.0000000    0.0183     0.1590     0.0000     0.1536  15.30004948  -19.5907371   -12.855   -13.672
svyjun22           geo-0001:sv1-20220630-S-5-1B       59760.948695 22-JUN-30 22:46:07.24      2.933280     5  18.70  19.00  45388.39974  0.0000000   13.7287   305.5672     0.0000   285.4683   -41.27      0.00000  0.0000000    0.0000     0.0000     0.0000     0.0000  15.18466243  -19.0505960   -29.044   -13.222
svyjun22           geo-0003:sv1-20220630-S-5-1B       59760.952769 22-JUN-30 22:51:59.24      2.933280     5  16.50  16.80  43168.76788  0.0000000   13.2599   338.4829     0.0000   253.6587   -12.85      0.00850  0.0000000    0.0048     0.0701     0.0000     0.0682  15.18394350  -18.5031999   -30.264   -12.715
svyjun22           geo-0007:sv1-20220630-S-5-1B       59760.957352 22-JUN-30 22:58:35.21      0.732960     2  19.70  20.10  42067.17466  0.0000000   13.8869   347.3382     0.0000   245.3215     1.25      0.00000  0.0000000    0.0000     0.0000     0.0000     0.0000  15.18448398  -18.5212867   -31.628   -12.597
svyjun22           geo-0002:sv1-20220630-S-7-1B       59760.971796 22-JUN-30 23:19:23.17      2.200320     3  18.30  18.70  42124.94908  0.0000000   13.9063   347.4853     0.0000   245.0670     0.51      0.00688  0.0000000    0.0059     0.0526     0.0000     0.0511  15.15099551  -18.4540910   -36.957   -12.588
svyjun22           geo-0001:sv1-20220701-S-2-1A       59761.908266 22-JUL-01 21:47:54.18      1.467360     3  16.40  16.70  36443.90911  0.0000000   30.0420   254.7306     0.0000   334.1489    73.22      0.03412  0.0000000    0.0742     0.0715     0.0000     0.0623  15.29160066  -20.0703103   -14.927   -12.609
svyjun22           geo-0001:sv1-20220701-S-4-1A       59761.935245 22-JUL-01 22:26:45.16      3.666240     5  16.60  17.00  49649.45863  0.0000000   14.8148   303.2049     0.0000   287.5446   -95.81      0.00000  0.0000000    0.0000     0.0000     0.0000     0.0000  15.20442983  -19.3215360   -25.328   -14.111
svyjun22           geo-0002:sv1-20220701-S-4-1A       59761.936264 22-JUL-01 22:28:13.20      1.467360     3  19.10  19.50  31060.03779  0.0000000   19.6941    19.8937     0.0000   213.7619   142.14      0.02363  0.0000000    0.0571     0.1150     0.0000     0.1084  15.20577233  -19.2851366   -24.931   -10.794
svyjun22           geo-0003:sv1-20220701-S-4-1A       59761.939320 22-JUL-01 22:32:37.24      2.200320     4  12.60  12.90  43192.38025  0.0000000   15.0097   346.7736     0.0000   245.7582   -13.16      0.02661  0.0000000    0.0216     0.1846     0.0000     0.1783  15.21133210  -19.5542827   -26.335   -13.659
svyjun22           geo-0001:sv1-20220701-S-4-1B       59761.937028 22-JUL-01 22:29:19.21      1.465920     3  16.90  17.20  49760.81497  0.0000000   14.8548   302.8796     0.0000   288.3591   -97.23      0.02335  0.0000000    0.0126     0.1444     0.0000     0.1396  15.22447010  -19.2930717   -25.457   -14.083
svyjun22           geo-0002:sv1-20220701-S-5-1B       59761.961900 22-JUL-01 23:05:08.16      2.200320     4  18.00  18.30  42127.39677  0.0000000   13.9103   347.5286     0.0000   245.2675     0.47      0.00554  0.0000000    0.0047     0.0424     0.0000     0.0412  15.17484087  -18.5018892   -34.123   -12.612
svyjun22           geo-0001:sv1-20220701-S-6-1B       59761.966160 22-JUL-01 23:11:16.22      2.933280     5  18.60  19.00  45348.71743  0.0000000   13.7099   305.6870     0.0000   285.3013   -40.76      0.00790  0.0000000    0.0041     0.0596     0.0000     0.0580  15.14311409  -18.5840774   -36.387   -13.215
svyjun22           geo-0001:sv1-20220702-S-6-1B       59762.963856 22-JUL-02 23:07:57.15      2.933280     5  17.00  17.40  47232.42486  0.0000000   13.6372   333.7519     0.0000   258.0213   -64.87      0.00156  0.0000000    0.0006     0.0115     0.0000     0.0112  15.15018630  -18.5120200   -36.520   -13.335
svyjul22           geo-0002:sv1-20220729-S-28-1A      59790.227236 22-JUL-30 05:27:13.19      1.467360     3  15.00  15.30  32482.64580  0.0000000    8.6462   131.9840     0.0000   221.3120   123.93      0.02031  0.0000000    0.0420     0.2480     0.0000     0.2451  23.15418213  -12.5533059   -36.674    -5.696
svyjul22           geo-0001:sv1-20220801-S-3-1A       59792.911821 22-AUG-01 21:53:01.33      2.200320     4  15.70  16.30  42504.87268  0.0000000   15.7904   359.4549     0.0000   245.5513    -4.36      0.00700  0.0000000    0.0058     0.0469     0.0000     0.0452  16.05390216  -20.4037407   -34.576   -14.343
svyjul22           geo-0001:sv1-20220802-S-27-1B      59794.167117 22-AUG-03 04:00:38.90      1.467360     3  13.30  13.50  27319.26099  0.0000000    7.1521   137.5962     0.0000   214.5031   190.02      0.00369  0.0000000    0.0104     0.0584     0.0000     0.0580  23.24138966  -12.4858348   -19.995    -4.044
svyjul22           geo-0003:sv1-20220802-S-27-1B      59794.179339 22-AUG-03 04:18:14.88      1.467360     3  18.00  18.20  35866.21497  0.0000000   11.0883   138.9869     0.0000   213.9415    80.62      0.01838  0.0000000    0.0375     0.1328     0.0000     0.1303  23.24264441  -12.4917235   -23.867    -6.164
svyjul22           geo-0003:sv1-20220802-S-31-1A      59794.199548 22-AUG-03 04:47:20.94      0.732960     2  17.20  17.40  26207.58873  0.0000000    7.2830    30.0849     0.0000   323.0013   204.25      0.00000  0.0000000    0.0000     0.0000     0.0000     0.0000  23.18421219  -13.3353824   -30.283    -4.375
svyjul22           geo-0002:sv1-20220802-S-31-1A      59794.209733 22-AUG-03 05:02:00.93      1.467360     3  12.60  12.80  42627.99995  0.0000000   10.1136    39.5447     0.0000   312.1802    -5.93      0.00523  0.0000000    0.0071     0.0441     0.0000     0.0435  23.17439056  -13.0044375   -35.097    -7.477
svyaug22           geo-0010:sv1-20220827-S-24-1B      59819.163638 22-AUG-28 03:55:38.32      0.732960     2  18.00  19.50  38042.46606  0.0000000   20.7973    22.0676     0.0000    45.2187    52.76      0.00000  0.0000000    0.0000     0.0000     0.0000     0.0000   4.49510798   11.1320747    30.086    14.597
svyaug22           geo-0002:sv1-20220827-S-28-1A      59819.224435 22-AUG-28 05:23:11.18      1.467360     3  11.30  12.70  35635.61648  0.0000000   21.6411   284.0864     0.0000   138.9199    83.57      0.02529  0.0000000    0.0477     0.1119     0.0000     0.1042   4.38314765   10.4802515     7.851    14.025
svyaug22           geo-0002:sv1-20220827-S-2-1A       59818.880315 22-AUG-27 21:07:39.21      1.465920     3  14.60  16.20  70102.46075  0.0000000   15.3934    53.0202     0.0000   184.5250  -357.61      0.04737  0.0000000    0.0553     0.0187     0.0000     0.0175  15.37141265   -3.5321206   -55.612    -1.200
svyaug22           geo-0010:sv1-20220827-S-2-1A       59818.885407 22-AUG-27 21:14:59.16      0.732960     2  15.40  17.00  41321.42335  0.0000000    8.4861    69.1457     0.0000   170.9670    10.79      0.00000  0.0000000    0.0000     0.0000     0.0000     0.0000  15.39261828   -3.0954315   -54.623     1.328
svyaug22           geo-0004:sv1-20220827-S-2-1B       59818.884134 22-AUG-27 21:13:09.17      2.200320     4  15.90  17.50  41213.44632  0.0000000    8.5692    69.1491     0.0000   170.5005    12.17      0.00354  0.0000000    0.0073     0.0086     0.0000     0.0083  15.37329849   -3.0515600   -54.620     1.409
svyaug22           geo-0002:sv1-20220827-S-5-1B       59818.915222 22-AUG-27 21:57:55.18      2.200320     3  16.90  18.50  39049.58799  0.0000000    1.9140   146.0672     0.0000    93.7672    39.87      0.01602  0.0000000    0.0031     1.0576     0.0000     1.0570  15.31563644   -2.4413534   -65.760     1.910
svyaug22           geo-0002:sv1-20220828-S-4-1A       59819.890639 22-AUG-28 21:22:31.20      2.933280     5  11.50  13.10  41719.33223  0.0000000   19.5664    61.8165     0.0000   177.4073     5.70      0.00710  0.0000000    0.0148     0.0036     0.0000     0.0029  15.34452556   -3.3605120   -58.334     0.868
svyaug22           geo-0001:sv1-20220828-S-5-1A       59819.906588 22-AUG-28 21:45:29.20      3.666240     6  15.30  17.00  52494.86706  0.0000000    7.8378   239.0622     0.0000   358.9172  -132.23      0.01135  0.0000000    0.0182     0.0048     0.0000     0.0058  15.32086842   -3.4003477   -65.475    -0.148
svyaug22           geo-0003:sv1-20220828-S-5-1A       59819.923903 22-AUG-28 22:10:25.21      1.467360     3   0.00   0.00  45943.52418  0.0000000    0.3619   119.7564     0.0000   119.4025   -48.37      0.08398  0.0000000    0.0770    21.4510     0.0000    21.4502  15.32190032   -3.4011458   -70.556     0.315
svyaug22           geo-0001:sv1-20220828-S-5-1B       59819.917537 22-AUG-28 22:01:15.19      1.467360     3  15.10  16.80  38668.76517  0.0000000    1.8248   125.8350     0.0000   114.2926    44.75      0.00578  0.0000000    0.0054     0.3688     0.0000     0.3686  15.32193994   -3.0242622   -67.279     1.663
svyaug22           geo-0001:sv1-20220829-S-2-1A       59820.872583 22-AUG-29 20:56:31.17      1.467360     3  11.10  12.80  41722.07681  0.0000000   19.5524    61.7971     0.0000   177.4090     5.66      0.00733  0.0000000    0.0153     0.0037     0.0000     0.0031  15.37032942   -3.3826150   -52.820     0.867
svyaug22           geo-0002:sv1-20220829-S-4-1B       59820.917977 22-AUG-29 22:01:53.21      0.732960     2  16.80  18.60  37777.51913  0.0000000    5.8686    77.9989     0.0000   161.8963    56.15      0.00000  0.0000000    0.0000     0.0000     0.0000     0.0000  15.30318804   -2.5903829   -68.578     1.821
svyaug22           geo-0001:sv1-20220829-S-4-1B       59820.923070 22-AUG-29 22:09:13.24      2.200320     4  16.30  18.00  39112.12852  0.0000000    1.9183   143.5633     0.0000    96.2296    39.07      0.00331  0.0000000    0.0009     0.2166     0.0000     0.2165  15.30141335   -2.4159874   -70.604     1.907
svyaug22           geo-0001:sv1-20220830-S-4-1A       59821.890779 22-AUG-30 21:22:43.30      2.200320     4  16.80  18.60  39100.72888  0.0000000    9.3032   234.2380     0.0000     5.6898    39.22      0.03367  0.0000000    0.0738     0.0519     0.0000     0.0537  15.34194765   -3.5151300   -59.876     0.918
svyaug22           geo-0001:sv1-20220830-S-4-1B       59821.880848 22-AUG-30 21:08:25.26      2.200320     4  12.90  14.60  42414.17084  0.0000000    6.9815    70.3475     0.0000   168.6798    -3.20      0.00706  0.0000000    0.0141     0.0237     0.0000     0.0233  15.34377775   -2.5847515   -57.036     1.367
svyaug22           geo-0001:sv1-20220830-S-5-1B       59821.907492 22-AUG-30 21:46:47.30      2.200320     4  10.70  12.40  42527.57739  0.0000000    4.4167    75.8244     0.0000   163.3653    -4.65      0.00524  0.0000000    0.0101     0.0395     0.0000     0.0392  15.31438856   -3.0119496   -66.526     1.263
svysep22           geo-0001:sv1-20220922-S-32-1A      59845.222091 22-SEP-23 05:19:48.66      2.200320     3  18.20  18.90  46555.96588  0.0000000   15.3920     9.4346     0.0000    57.9680   -56.21      0.01332  0.0000000    0.0129     0.0784     0.0000     0.0756   4.26336925   10.3904728   -15.544    13.004
svyoct22           geo-0001:sv1-20221027-S-3-1A       59879.864296 22-OCT-27 20:44:35.17      2.200320     4  16.70  17.30  41885.05897  0.0000000    5.5571   287.9792     0.0000    41.3460     3.58      0.00607  0.0000000    0.0094     0.0862     0.0000     0.0858  21.55544343   -0.3006460   -18.146     3.668
svyoct22           geo-0002:sv1-20221027-S-3-1A       59879.869898 22-OCT-27 20:52:39.18      2.200320     4  17.10  17.70  51191.18876  0.0000000    3.4088   207.3074     0.0000   122.1543  -115.54      0.03303  0.0000000    0.0290     0.7694     0.0000     0.7681  21.56302644   -0.3139205   -19.852     2.886
svyoct22           geo-0001:sv1-20221027-S-3-1B       59879.864042 22-OCT-27 20:44:13.22      2.200320     4  16.30  16.90  41943.05558  0.0000000    6.6391   288.4905     0.0000    40.8494     2.83      0.00445  0.0000000    0.0069     0.0523     0.0000     0.0520  21.55462007    0.1639927   -18.096     4.337
svyoct22           geo-0002:sv1-20221027-S-3-1B       59879.872699 22-OCT-27 20:56:41.19      2.200320     4  18.40  19.00  44159.47015  0.0000000   12.2523   312.8573     0.0000    16.9700   -25.54      0.01009  0.0000000    0.0187     0.0277     0.0000     0.0271  21.55257415   -0.2317916   -20.908     3.551
svyoct22           geo-0003:sv1-20221027-S-3-1B       59879.876773 22-OCT-27 21:02:33.18      2.200320     4  17.50  18.10  43512.16123  0.0000000    9.2508   303.2637     0.0000    26.7888   -17.25      0.00505  0.0000000    0.0089     0.0284     0.0000     0.0280  21.55506876    0.1415501   -22.089     4.155
svyoct22           geo-0002:sv1-20221027-S-4-1A       59879.887884 22-OCT-27 21:18:33.17      1.467360     3  16.80  17.40  38994.27563  0.0000000    5.0724   284.9330     0.0000    44.5469    40.58      0.00722  0.0000000    0.0115     0.1292     0.0000     0.1287  21.50572261   -0.5923966   -26.485     3.556
svyoct22           geo-0005:sv2-20221029-S-8-1A       59882.203833 22-OCT-30 04:53:31.17      2.933280     5  18.40  18.40  43931.28530  0.0000000   13.3630   340.3303     0.0000    64.2973   -22.61      0.00823  0.0000000    0.0069     0.0629     0.0000     0.0612   2.30443911    8.4755763   -67.869    12.020
svynov22           geo-0001:sv1-20221119-S-1-1B       59902.896102 22-NOV-19 21:30:23.21      2.200320     4  12.10  16.40  39864.75170  0.0000000   19.7129   240.1330     0.0000   143.9372    29.44      0.03143  0.0000000    0.0559     0.1195     0.0000     0.1128   1.56280578    8.1556234     4.212    11.453
svynov22           geo-0002:sv1-20221119-S-20-1A      59903.263752 22-NOV-20 06:19:48.17      2.200320     4  11.60  13.30  42585.94970  0.0000000    9.7587    39.2781     0.0000   117.4725    -5.39      0.00471  0.0000000    0.0044     0.0499     0.0000     0.0492  10.40104125    5.1504025     2.889     8.649
svynov22           geo-0001:sv1-20221120-S-44-1A      59904.258023 22-NOV-21 06:11:33.18      1.467360     3  15.80  17.40  51912.33231  0.0000000   10.5361   106.9446     0.0000    51.1196  -124.77      0.03633  0.0000000    0.0369     0.2517     0.0000     0.2474  10.40289106    5.2428465     4.465     8.184
svynov22           geo-0001:sv1-20221120-S-4-1A       59903.857132 22-NOV-20 20:34:16.20      2.200320     4  17.50  17.60  55908.41522  0.0000000   11.5323   332.3472     0.0000    55.0510  -175.92      0.00446  0.0000000    0.0038     0.0275     0.0000     0.0270   2.02054169    6.5625934    18.441     9.431
svynov22           geo-0002:sv1-20221120-S-4-1A       59903.858150 22-NOV-20 20:35:44.16      2.933280     5  16.90  17.00  46760.04148  0.0000000   10.2412   310.4176     0.0000    75.6822   -58.82      0.01094  0.0000000    0.0049     0.1092     0.0000     0.1074   2.00514971    6.5704644    17.104     9.920
svynov22           geo-0001:sv1-20221120-S-4-1B       59903.857387 22-NOV-20 20:34:38.23      1.465920     3  18.00  18.10  42571.71892  0.0000000   19.6922   238.1262     0.0000   145.9124    -5.21      0.00975  0.0000000    0.0164     0.0327     0.0000     0.0309   2.01496029    7.4236055    17.124    10.886
svynov22           geo-0005:sv1-20221120-S-5-1A       59903.878463 22-NOV-20 21:04:59.20      0.732960     2  17.20  17.30  28447.33978  0.0000000   20.5344   350.2309     0.0000    35.3010   175.58      0.00000  0.0000000    0.0000     0.0000     0.0000     0.0000   1.58323230    6.5454177     7.672    11.695
svynov22           geo-0006:sv1-20221120-S-5-1A       59903.878463 22-NOV-20 21:04:59.20      0.732960     2  19.20  19.30  28460.64115  0.0000000   20.5402   350.2489     0.0000    35.2898   175.41      0.00000  0.0000000    0.0000     0.0000     0.0000     0.0000   1.58332886    6.5503460     7.678    11.695
svynov22           geo-0003:sv1-20221120-S-5-1B       59903.884829 22-NOV-20 21:14:09.22      2.200320     3  18.90  19.00  43165.78846  0.0000000   12.2080   323.1884     0.0000    63.3341   -12.82      0.00295  0.0000000    0.0026     0.0251     0.0000     0.0245   1.58150996    7.5221901     7.589    10.893
svynov22           geo-0003:sv1-20221121-S-3-1A       59904.844991 22-NOV-21 20:16:47.22      1.467360     3  17.80  17.90  41986.52682  0.0000000   10.8670   311.6519     0.0000    74.1947     2.28      0.01718  0.0000000    0.0096     0.1811     0.0000     0.1778   2.03292805    7.0729432    20.563    10.451
svynov22           geo-0001:sv1-20221122-S-1-1A       59905.820674 22-NOV-22 19:41:46.23      2.933280     5  16.70  16.90  42810.23995  0.0000000   11.5210   324.4426     0.0000    61.4695    -8.27      0.00345  0.0000000    0.0033     0.0308     0.0000     0.0301   2.05291041    6.4247859    28.203    10.106
svynov22           geo-0002:sv1-20221122-S-34-1A      59906.252988 22-NOV-23 06:04:18.16      2.200320     4  16.90  18.50  38300.50439  0.0000000   10.6659   102.4998     0.0000    54.6011    49.46      0.00656  0.0000000    0.0087     0.0667     0.0000     0.0656  10.40082559    4.5009344     3.352     8.677
svynov22           geo-0003:sv1-20221122-S-34-1B      59906.255789 22-NOV-23 06:08:20.16      1.467360     3  18.30  19.80  38602.33713  0.0000000   11.3566    35.6382     0.0000   120.6239    45.60      0.01809  0.0000000    0.0211     0.1794     0.0000     0.1759  10.40023057    6.0804773     2.474     9.756
