Campaign           Name                              Osc_epoch     Date      Time        arcl [min]    # obs mag_c   mag_u  a(km)        e          i(dg)     raan(dg)   w(dg)      s(dg)      dn(dg/d) da(km)       de         di(dg)    draan(dg)  dw(dg)     ds(dg)     R.A.(h)      Decl.(dg)    lon(dg)   lat(dg)  
svymay22_gto75     geo-0001:sv1-20220526-S-6-1B       59725.937653 22-MAY-26 22:30:13.21      2.400480     4  20.20  20.20  41173.00446  0.0000000    1.9953   322.7563     0.0000   276.4859    12.69      0.02281  0.0000000    0.0063     1.3592     0.0000     1.3584  16.16391955   -6.5456971    17.218    -1.983
svymay22_gto75     geo-0002:sv1-20220526-S-6-1B       59725.937653 22-MAY-26 22:30:13.21      1.599840     3  19.90  19.90  40807.52438  0.0000000    1.9484   323.2844     0.0000   275.9125    17.37      0.05721  0.0000000    0.0147     3.5305     0.0000     3.5285  16.16385314   -6.5456982    17.172    -1.938
svymay22_gto75     geo-0001:sv2-20220526-S-10-1B      59726.038022 22-MAY-27 00:54:45.10      4.000320     6  17.60  17.60  72137.34192  0.0000000   13.4635   256.4211     0.0000   342.4142  -383.65      0.05827  0.0000000    0.0618     0.0833     0.0000     0.0810  15.56241942   -6.5700152   -18.970    -4.034
svymay22_gto75     geo-0002:sv2-20220526-S-10-1B      59726.038578 22-MAY-27 00:55:33.13      1.599840     3  21.00  21.00  66828.64645  0.0000000    4.2787   296.2069     0.0000   303.1218  -315.70      0.02849  0.0000000    0.0189     0.3857     0.0000     0.3846  15.56451849   -6.4243133   -19.059    -3.582
svymay22_gto75     geo-0001:sv2-20220526-S-11-1A      59726.051147 22-MAY-27 01:13:39.10      1.599840     3  16.10  16.10  33852.80156  0.0000000    4.9601    49.4995     0.0000   189.9626   106.39      0.04512  0.0000000    0.1175     0.2630     0.0000     0.2619  15.52168737   -7.0533023   -23.572    -0.857
svymay22_gto75     geo-0002:sv2-20220526-S-11-1A      59726.051147 22-MAY-27 01:13:39.10      1.599840     3  16.70  16.80  33879.66669  0.0000000    4.9597    49.4442     0.0000   190.0104   106.05      0.02782  0.0000000    0.0724     0.1627     0.0000     0.1619  15.52149066   -7.0528701   -23.580    -0.861
svymay22_gto75     geo-0001:sv2-20220526-S-11-1B      59726.051425 22-MAY-27 01:14:03.12      1.599840     3  16.60  16.60  33876.99683  0.0000000    5.0153    49.5604     0.0000   190.0431   106.08      0.00155  0.0000000    0.0040     0.0090     0.0000     0.0089  15.52525450   -7.0623982   -23.532    -0.874
svymay22_gto75     geo-0002:sv2-20220526-S-11-1B      59726.051425 22-MAY-27 01:14:03.12      1.599840     3  16.50  16.50  33909.35318  0.0000000    5.0120    49.4872     0.0000   190.1089   105.67      0.01361  0.0000000    0.0353     0.0793     0.0000     0.0789  15.52508065   -7.0620236   -23.540    -0.879
svymay22_gto75     geo-0001:sv2-20220526-S-15-1A      59726.085419 22-MAY-27 02:03:00.20      2.400480     4  18.80  18.90  44287.08327  0.0000000   11.4757    46.8229     0.0000   192.5720   -27.17      0.01877  0.0000000    0.0354     0.0418     0.0000     0.0408  15.45347904   -7.1208254   -36.218    -2.482
svymay22_gto75     geo-0002:sv2-20220526-S-15-1B      59726.092363 22-MAY-27 02:13:00.16      3.199680     4  20.30  20.40  46324.67142  0.0000000    8.6426    43.8533     0.0000   195.5646   -53.25      0.02868  0.0000000    0.0506     0.0979     0.0000     0.0966  15.45185093   -6.4545260   -38.627    -2.311
svymay22_gto75     geo-0001:sv2-20220526-S-16-1A      59726.099379 22-MAY-27 02:23:06.34      2.400480     4  15.80  15.90  36716.25823  0.0000000   17.6202    54.2007     0.0000   185.8554    69.74      0.00075  0.0000000    0.0018     0.0008     0.0000     0.0007  15.42374789   -7.2729493   -40.626    -1.770
svymay22_gto75     geo-0002:sv2-20220526-S-16-1B      59726.099101 22-MAY-27 02:22:42.32      2.400480     4  16.00  16.10  47178.53603  0.0000000    2.5444     8.5550     0.0000   230.5399   -64.18      0.00417  0.0000000    0.0047     0.1306     0.0000     0.1305  15.43339489   -6.1610847   -41.241    -1.964
svymay22_gto75     geo-0001:sv2-20220526-S-21-1B      59726.128470 22-MAY-27 03:04:59.80      3.199680     5  18.10  18.20  53308.59754  0.0000000    2.6707   318.1601     0.0000   280.1442  -142.64      0.04864  0.0000000    0.0142     1.6104     0.0000     1.6087  15.37469601   -6.2223129   -52.595    -2.629
svymay22_gto75     geo-0002:sv2-20220526-S-21-1B      59726.128470 22-MAY-27 03:04:59.80      2.400480     4  17.10  17.20  44201.60795  0.0000000    2.0891   300.6912     0.0000   298.3721   -26.07      0.01128  0.0000000    0.0105     0.5243     0.0000     0.5240  15.37381058   -6.2124610   -51.831    -1.838
svymay22_gto75     geo-0004:sv2-20220526-S-21-1B      59726.132914 22-MAY-27 03:11:23.76      1.599840     3   6.50  19.90  34657.91579  0.0000000    2.8045   255.3402     0.0000   345.1916    96.08      0.03853  0.0000000    0.0944     0.5162     0.0000     0.5173  15.37336040   -6.2921239   -51.966    -0.717
svymay22_gto75     geo-0001:sv2-20220526-S-4-1B       59725.970523 22-MAY-26 23:17:33.18      2.400480     4  11.10  11.10  41110.74942  0.0000000    5.3500   256.0656     0.0000   343.0130    13.49      0.04034  0.0000000    0.0813     0.2658     0.0000     0.2640  16.10010496   -6.3351820     5.255    -1.561
svymay22_gto75     geo-0001:sv2-20220526-S-6-1B       59726.011773 22-MAY-27 00:16:57.18      2.400480     3  18.40  18.50  46387.45164  0.0000000    2.1761   341.1311     0.0000   258.7450   -54.05      0.03992  0.0000000    0.0145     1.8869     0.0000     1.8855  16.03461175   -6.3748506    -8.916    -2.134
svymay22_gto75     geo-0001:sv2-20220526-S-7-1B       59726.019065 22-MAY-27 00:27:27.21      2.400480     4  15.00  15.10  44264.42769  0.0000000   11.6309    49.8915     0.0000   189.7341   -26.88      0.02898  0.0000000    0.0552     0.0502     0.0000     0.0495  16.00287077   -6.4032558   -11.987    -1.953
svymay22_gto75     geo-0001:sv1-20220527-S-12-1A      59726.966522 22-MAY-27 23:11:47.50      4.000320     6  19.30  19.30  57439.76729  0.0000000    5.5018   337.5358     0.0000   262.5833  -195.52      0.02023  0.0000000    0.0038     0.3006     0.0000     0.2992  16.10099201   -9.1449991     6.650    -5.456
svymay22_gto75     geo-0002:sv1-20220527-S-12-1B      59726.972911 22-MAY-27 23:20:59.51      5.600160     8  17.80  17.80  59759.20523  0.0000000    4.6907   354.6919     0.0000   245.6968  -225.21      0.03415  0.0000000    0.0191     0.5245     0.0000     0.5227  16.09521981   -7.4910329     4.575    -4.274
svymay22_gto75     geo-0001:sv1-20220527-S-18-1B      59727.020581 22-MAY-28 00:29:38.19      2.400480     4  12.40  12.50  42479.71350  0.0000000    9.9775    42.3602     0.0000   197.4353    -4.03      0.04516  0.0000000    0.0871     0.1629     0.0000     0.1608  16.00136939   -8.0408487   -13.402    -2.976
svymay22_gto75     geo-0001:sv1-20220527-S-20-1A      59727.038220 22-MAY-28 00:55:02.20      1.599840     3  15.70  15.70  57179.75524  0.0000000    7.6191   282.8164     0.0000   316.2947  -192.20      0.00762  0.0000000    0.0080     0.0570     0.0000     0.0565  15.56030886   -9.0754847   -19.952    -5.256
svymay22_gto75     geo-0001:sv1-20220527-S-20-1B      59727.043498 22-MAY-28 01:02:38.22      3.199680     4  19.60  19.70  45347.15115  0.0000000    3.6090   314.4937     0.0000   284.7827   -40.74      0.00740  0.0000000    0.0037     0.2126     0.0000     0.2122  15.54171348   -8.1644086   -21.918    -3.489
svymay22_gto75     geo-0002:sv1-20220527-S-26-1A      59727.099528 22-MAY-28 02:23:19.21      1.599840     3  19.40  19.40  44854.86972  0.0000000   13.9643    44.1405     0.0000   195.7184   -34.44      0.04412  0.0000000    0.0809     0.0974     0.0000     0.0941  15.43482622   -8.3000006   -42.032    -3.748
svymay22_gto75     geo-0001:sv1-20220527-S-27-1A      59727.105708 22-MAY-28 02:32:13.17      3.199680     5  19.40  19.40  66468.81484  0.0000000   13.9165    36.2745     0.0000   202.3185  -311.10      0.02826  0.0000000    0.0321     0.0554     0.0000     0.0538  15.41496190   -8.2511681   -45.680    -5.240
svymay22_gto75     geo-0001:sv1-20220527-S-27-1B      59727.105986 22-MAY-28 02:32:37.19      2.400480     4  19.40  19.50  66371.04288  0.0000000   14.0522    36.5374     0.0000   202.1176  -309.84      0.04066  0.0000000    0.0463     0.0783     0.0000     0.0759  15.42008928   -8.2547549   -45.725    -5.245
svymay22_gto75     geo-0002:sv1-20220527-S-27-1B      59727.106542 22-MAY-28 02:33:25.22      1.599840     3  15.60  15.70  54008.13952  0.0000000    7.1229    25.9988     0.0000   212.8833  -151.60      0.00487  0.0000000    0.0063     0.0331     0.0000     0.0329  15.42085948   -7.4304043   -45.300    -3.860
svymay22_gto75     geo-0001:sv1-20220527-S-33-1A      59727.167455 22-MAY-28 04:01:08.11      3.199680     4  19.20  19.20  58003.68152  0.0000000    7.7890   281.9139     0.0000   315.5060  -202.74      0.00000  0.0000000    0.0000     0.0000     0.0000     0.0000  15.32102273   -8.5324135   -68.284    -5.450
svymay22_gto75     geo-0001:sv1-20220527-S-6-1B       59726.931836 22-MAY-27 22:21:50.63      2.400480     4  10.10  20.10  47566.62592  0.0000000    4.4007   356.6357     0.0000   243.6257   -69.15      0.02282  0.0000000    0.0179     0.4744     0.0000     0.4731  16.18233489   -8.1842924    19.280    -3.942
svymay22_gto75     geo-0001:sv1-20220528-S-15-1B      59728.051623 22-MAY-29 01:14:20.22      1.599840     3  18.20  18.20  54777.75461  0.0000000    9.5594    23.3558     0.0000   216.5510  -161.45      0.01889  0.0000000    0.0229     0.1028     0.0000     0.1014  15.54020710   -9.4603188   -25.617    -5.676
svymay22_gto75     geo-0001:sv1-20220528-S-16-1B      59728.058359 22-MAY-29 01:24:02.21      1.599840     3  20.30  20.40  31065.84307  0.0000000   25.6360    54.4896     0.0000   186.0161   142.06      0.02982  0.0000000    0.0874     0.0276     0.0000     0.0257  15.50067093   -9.4907554   -27.655    -2.599
svymay22_gto75     geo-0005:sv1-20220528-S-16-1B      59728.058914 22-MAY-29 01:24:50.16      0.800640     2  20.30  20.30  30822.87856  0.0000000   25.7569    54.6540     0.0000   186.1858   145.17      0.00000  0.0000000    0.0000     0.0000     0.0000     0.0000  15.51217091   -9.5918214   -27.544    -2.684
svymay22_gto75     geo-0001:sv1-20220528-S-24-1A      59728.135651 22-MAY-29 03:15:20.24      1.599840     3  16.70  16.70  39075.10421  0.0000000    6.7678   290.4709     0.0000   309.1836    39.54      0.00703  0.0000000    0.0098     0.1015     0.0000     0.1008  15.36032542  -10.4326418   -55.623    -5.241
svymay22_gto75     geo-0001:sv1-20220528-S-24-1B      59728.134262 22-MAY-29 03:13:20.23      3.199680     5  11.50  11.50  51309.13926  0.0000000    9.3273    21.1417     0.0000   217.4747  -117.05      0.01037  0.0000000    0.0134     0.0643     0.0000     0.0634  15.35187742   -9.4531802   -56.724    -5.659
svymay22_gto75     geo-0001:sv1-20220529-S-11-1B      59729.009736 22-MAY-30 00:14:01.19      1.599840     3   6.60  19.20  42830.84943  0.0000000   26.4378    47.6163     0.0000   193.4052    -8.53      0.01233  0.0000000    0.0241     0.0133     0.0000     0.0121  16.01554315  -11.2129748   -11.343    -5.925
svymay22_gto75     geo-0003:sv1-20220529-S-12-1B      59729.024250 22-MAY-30 00:34:55.20      1.599840     3  20.20  20.20  42375.24941  0.0000000    6.7277   303.2018     0.0000   296.3478    -2.70      0.01697  0.0000000    0.0155     0.2622     0.0000     0.2604  15.58571786  -11.3249897   -16.538    -6.026
svymay22_gto75     geo-0001:sv1-20220529-S-17-1A      59729.056889 22-MAY-30 01:21:55.20      2.400480     4  18.60  18.60  50949.68475  0.0000000   15.6240   266.9404     0.0000   331.4342  -112.45      0.01252  0.0000000    0.0181     0.0363     0.0000     0.0350  15.51076296  -11.5951243   -28.756    -7.399
svymay22_gto75     geo-0002:sv1-20220529-S-17-1B      59729.060500 22-MAY-30 01:27:07.20      2.400480     4  20.10  20.20  47718.62218  0.0000000   18.8306    41.0728     0.0000   199.3852   -71.09      0.03836  0.0000000    0.0642     0.0715     0.0000     0.0677  15.51006954  -10.5655441   -29.839    -6.150
svyjun22_gto105    geo-0002:sv1-20220629-S-13-1A      59760.074748 22-JUN-30 01:47:38.22      0.732960     2  18.50  18.70  44092.48580  0.0000000   10.3011   319.3034     0.0000   347.6545   -24.68      0.00000  0.0000000    0.0000     0.0000     0.0000     0.0000  20.39209051   -6.5339495     2.121    -2.191
svyjun22_gto105    geo-0006:sv1-20220629-S-17-1A      59760.119054 22-JUN-30 02:51:26.26      0.732960     2  17.90  18.10  25233.24651  0.0000000   18.2711   303.4121     0.0000     3.2176   216.72      0.00000  0.0000000    0.0000     0.0000     0.0000     0.0000  20.28228106   -7.2537752   -14.556     1.008
svyjun22_gto105    geo-0004:sv1-20220629-S-17-1A      59760.130767 22-JUN-30 03:08:18.26      1.467360     3  14.50  14.60  36799.65691  0.0000000    2.0216    70.2239     0.0000   237.0317    68.67      0.00323  0.0000000    0.0042     0.1849     0.0000     0.1847  20.28024588   -7.2831245   -18.013    -1.696
svyjun22_gto105    geo-0002:sv1-20220629-S-18-1B      59760.144934 22-JUN-30 03:28:42.29      2.200320     3  19.40  19.60  42755.71444  0.0000000    1.5721    46.3312     0.0000   260.6882    -7.57      0.00678  0.0000000    0.0023     0.4904     0.0000     0.4902  20.24044033   -6.2256683   -23.350    -1.551
svyjun22_gto105    geo-0001:sv1-20220629-S-21-1B      59760.158057 22-JUN-30 03:47:36.12      2.933280     5  18.80  18.90  44859.19498  0.0000000    2.7231    89.3113     0.0000   217.2241   -34.49      0.00774  0.0000000    0.0117     0.1892     0.0000     0.1890  20.19171995   -6.1303978   -28.599    -1.647
svyjun22_gto105    geo-0001:sv1-20220629-S-26-1B      59760.201819 22-JUN-30 04:50:37.16      1.467360     3  19.90  20.10  42275.95362  0.0000000    9.3733   318.3818     0.0000   348.2746    -1.43      0.00524  0.0000000    0.0104     0.0134     0.0000     0.0133  20.11219813   -6.4246902   -44.092    -1.897
svyjun22_gto105    geo-0002:sv1-20220629-S-26-1B      59760.203856 22-JUN-30 04:53:33.15      2.200320     4  15.70  15.90  42151.72712  0.0000000   11.2867   314.9268     0.0000   351.8622     0.16      0.01748  0.0000000    0.0352     0.0261     0.0000     0.0262  20.11330119   -6.2238514   -44.692    -1.588
svyjun22_gto105    geo-0005:sv1-20220629-S-7-1B       59760.001796 22-JUN-30 00:02:35.17      0.732960     2  17.20  17.40  40887.04670  0.0000000    1.9658     0.3595     0.0000   306.5186    16.35      0.00000  0.0000000    0.0000     0.0000     0.0000     0.0000  20.52086248   -6.2137190    28.199    -1.580
svyjun22_gto105    geo-0001:sv1-20220629-S-7-1B       59760.005870 22-JUN-30 00:08:27.16      2.933280     5  16.60  16.90  42740.14102  0.0000000    2.7519    83.1285     0.0000   223.7425    -7.37      0.00487  0.0000000    0.0070     0.1413     0.0000     0.1412  20.50113259   -6.3019433    26.672    -1.902
svyjun22_gto105    geo-0002:sv1-20220630-S-13-1B      59761.019760 22-JUL-01 00:28:27.26      1.467360     3  18.10  18.30  40608.79634  0.0000000    4.0319   354.6266     0.0000   312.2598    19.91      0.01004  0.0000000    0.0144     0.2236     0.0000     0.2230  20.49302674   -8.0218611    20.792    -2.983
svyjun22_gto105    geo-0001:sv1-20220630-S-14-1A      59761.033418 22-JUL-01 00:48:07.31      1.465920     3  14.80  14.90  35034.46053  0.0000000   17.4489   313.7568     0.0000   351.6538    91.26      0.04771  0.0000000    0.1198     0.0651     0.0000     0.0597  20.45198387   -8.2933953    14.694    -2.495
svyjun22_gto105    geo-0001:sv1-20220630-S-14-1B      59761.040802 22-JUL-01 00:58:45.29      2.933280     5  16.40  20.60  43898.43546  0.0000000    2.9857    39.2583     0.0000   268.0213   -22.19      0.00485  0.0000000    0.0006     0.1810     0.0000     0.1807  20.45437984   -7.4232791    13.516    -2.984
svyjun22_gto105    geo-0008:sv1-20220630-S-21-1A      59761.132352 22-JUL-01 03:10:35.21      0.732960     2  20.00  20.10  63450.14761  0.0000000   23.0614   319.3632     0.0000   346.6739  -272.46      0.00000  0.0000000    0.0000     0.0000     0.0000     0.0000  20.27061545   -8.3713653   -19.741    -5.180
svyjun22_gto105    geo-0002:sv1-20220630-S-21-1B      59761.120384 22-JUL-01 02:53:21.17      0.732960     2  15.40  15.50  32147.86040  0.0000000   15.7256   121.3336     0.0000   185.6128   128.21      0.00000  0.0000000    0.0000     0.0000     0.0000     0.0000  20.27474823   -8.1600713   -15.752    -1.519
svyjun22_gto105    geo-0001:sv1-20220630-S-21-1B      59761.123440 22-JUL-01 02:57:45.21      2.200320     4  17.10  17.30  39642.15465  0.0000000    2.9915   359.1759     0.0000   307.5897    32.29      0.01033  0.0000000    0.0140     0.3430     0.0000     0.3426  20.27109257   -7.4624771   -16.789    -2.370
svyjun22_gto105    geo-0001:sv1-20220630-S-29-1B      59761.183350 22-JUL-01 04:24:01.44      2.933280     5  18.20  18.30  48877.57856  0.0000000    4.0113    69.9491     0.0000   236.3153   -85.93      0.00909  0.0000000    0.0086     0.1870     0.0000     0.1866  20.13359339   -7.3728535   -39.019    -3.337
svyjun22_gto105    geo-0002:sv1-20220630-S-29-1B      59761.185896 22-JUL-01 04:27:41.41      1.467360     3  11.50  11.60  28872.69531  0.0000000    5.3081   122.3187     0.0000   185.9285   170.14      0.01678  0.0000000    0.0531     0.0789     0.0000     0.0773  20.13139378   -7.5128963   -37.916    -0.547
svyjun22_gto105    geo-0001:sv1-20220701-S-10-1A      59761.994842 22-JUL-01 23:52:34.34      2.200320     4  19.50  19.70  40802.01081  0.0000000    4.5888    39.3680     0.0000   267.1220    17.44      0.00291  0.0000000    0.0004     0.0763     0.0000     0.0761  20.50402114   -9.3817320    28.325    -4.583
svyjun22_gto105    geo-0011:sv1-20220701-S-10-1A      59762.010119 22-JUL-02 00:14:34.28      0.732960     2  19.80  20.00  41958.83046  0.0000000   11.8525   330.1447     0.0000   336.6652     2.63      0.00000  0.0000000    0.0000     0.0000     0.0000     0.0000  20.51097130   -9.3950752    23.585    -4.667
svyjun22_gto105    geo-0001:sv1-20220701-S-17-1A      59762.082317 22-JUL-02 01:58:32.18      2.200320     4  18.40  18.60  44427.55638  0.0000000   16.5734   323.8329     0.0000   342.3663   -28.97      0.04103  0.0000000    0.0755     0.0840     0.0000     0.0804  20.35315593   -9.5937624    -2.844    -4.957
svyjun22_gto105    geo-0002:sv1-20220701-S-17-1B      59762.083590 22-JUL-02 02:00:22.17      0.732960     2  18.60  18.80  44708.16939  0.0000000   16.4885   324.0487     0.0000   342.5876   -32.56      0.00000  0.0000000    0.0000     0.0000     0.0000     0.0000  20.37084130   -9.5146416    -2.881    -4.872
svyjun22_gto105    geo-0002:sv1-20220701-S-22-1A      59762.135118 22-JUL-02 03:14:34.19      2.200320     4  18.30  18.50  48730.27834  0.0000000   14.5335   329.5914     0.0000   336.9130   -84.04      0.05157  0.0000000    0.0822     0.1386     0.0000     0.1344  20.26072420  -10.1759386   -21.625    -5.647
svyjun22_gto105    geo-0001:sv1-20220701-S-24-1A      59762.142945 22-JUL-02 03:25:50.44      0.732960     2  19.40  19.50  27116.71205  0.0000000    3.3732   340.0313     0.0000   327.3677   192.61      0.00000  0.0000000    0.0000     0.0000     0.0000     0.0000  20.22022351  -10.0930708   -24.175    -1.818
svyjun22_gto105    geo-0001:sv1-20220701-S-29-1B      59762.189751 22-JUL-02 04:33:14.48      2.200320     4  18.60  18.70  40000.93547  0.0000000    4.2362    27.1180     0.0000   279.9089    27.69      0.02022  0.0000000    0.0082     0.5818     0.0000     0.5803  20.12446869   -9.3701396   -41.462    -4.173
svyjun22_gto105    geo-0001:sv1-20220702-S-16-1B      59763.170766 22-JUL-03 04:05:54.18      2.933280     4  19.10  19.10  41154.10092  0.0000000    6.3620    72.9746     0.0000   233.9971    12.93      0.00471  0.0000000    0.0058     0.0724     0.0000     0.0720  20.15240100  -10.3609837   -35.844    -5.143
svyjun22_gto105    geo-0002:sv1-20220702-S-16-1B      59763.172803 22-JUL-03 04:08:50.17      2.200320     4  19.80  19.90  39343.36253  0.0000000   13.0973   330.0076     0.0000   336.5381    36.11      0.00669  0.0000000    0.0135     0.0257     0.0000     0.0251  20.15392518  -10.5512446   -36.291    -5.176
svyjul22_gto75     geo-0002:sv1-20220729-S-10-1A      59790.038058 22-JUL-30 00:54:48.21      1.467360     3  19.20  19.20  47976.60294  0.0000000    6.9009   103.0472     0.0000   207.1287   -74.39      0.06912  0.0000000    0.1081     0.4656     0.0000     0.4624  20.42535894   -7.3441978   -11.347    -3.141
svyjul22_gto75     geo-0001:sv1-20220729-S-15-1A      59790.087525 22-JUL-30 02:06:02.16      2.933280     5  11.70  11.70  53300.65924  0.0000000    5.9238    86.1553     0.0000   222.9459  -142.54      0.02454  0.0000000    0.0279     0.2542     0.0000     0.2528  20.29288200   -8.0246373   -30.263    -4.032
svyjul22_gto75     geo-0003:sv1-20220729-S-15-1A      59790.099748 22-JUL-30 02:23:38.22      2.200320     4   9.00  18.30  43329.63827  0.0000000    3.7232    82.7637     0.0000   227.0473   -14.91      0.01081  0.0000000    0.0145     0.2421     0.0000     0.2416  20.28597199   -7.3528178   -33.873    -2.724
svyjul22_gto75     geo-0001:sv1-20220729-S-15-1B      59790.086762 22-JUL-30 02:04:56.23      2.200320     3  12.80  12.80  42171.75920  0.0000000    3.4609    84.9563     0.0000   224.1905    -0.09      0.00893  0.0000000    0.0130     0.2116     0.0000     0.2112  20.28248967   -7.2447392   -29.841    -2.412
svyjul22_gto75     geo-0002:sv1-20220729-S-15-1B      59790.087780 22-JUL-30 02:06:24.19      2.200320     3  17.20  17.20  40770.03644  0.0000000   11.8018   319.9278     0.0000   349.1099    17.85      0.01128  0.0000000    0.0235     0.0224     0.0000     0.0221  20.28390027   -7.2300886   -30.041    -2.214
svyjul22_gto75     geo-0003:sv1-20220729-S-15-1B      59790.088289 22-JUL-30 02:07:08.16      2.200320     4  18.00  18.00  39600.02987  0.0000000    4.4460   100.7876     0.0000   208.6164    32.83      0.01114  0.0000000    0.0214     0.1534     0.0000     0.1529  20.28338843   -7.2731811   -30.156    -2.128
svyjul22_gto75     geo-0005:sv1-20220729-S-15-1B      59790.095928 22-JUL-30 02:18:08.17      1.467360     3  17.90  18.00  40355.42849  0.0000000    3.2286   355.8968     0.0000   313.9355    23.16      0.00608  0.0000000    0.0091     0.1664     0.0000     0.1661  20.29344987   -7.3319179   -32.367    -2.324
svyjul22_gto75     geo-0007:sv1-20220729-S-15-1B      59790.098984 22-JUL-30 02:22:32.21      2.933280     4  14.80  20.00  45046.72680  0.0000000    3.8506   356.7344     0.0000   312.7781   -36.89      0.00939  0.0000000    0.0121     0.1933     0.0000     0.1929  20.28472438   -7.2949174   -33.771    -2.825
svyjul22_gto75     geo-0008:sv1-20220729-S-15-1B      59790.099493 22-JUL-30 02:23:16.19      2.933280     5  11.20  18.70  43351.26375  0.0000000    3.6749    81.8813     0.0000   227.8387   -15.19      0.01196  0.0000000    0.0158     0.2752     0.0000     0.2746  20.28386627   -7.3514895   -33.870    -2.723
svyjul22_gto75     geo-0001:sv1-20220729-S-16-1A      59790.120789 22-JUL-30 02:53:56.16      2.200320     3  18.50  18.50  40014.84220  0.0000000    2.8409    66.2556     0.0000   243.5841    27.52      0.00398  0.0000000    0.0038     0.1561     0.0000     0.1559  20.23506161   -7.4639637   -41.408    -2.544
svyjul22_gto75     geo-0002:sv1-20220729-S-16-1B      59790.110350 22-JUL-30 02:38:54.24      1.465920     3  12.90  12.90  42150.15121  0.0000000    2.0550    27.8844     0.0000   281.2882     0.18      0.00550  0.0000000    0.0023     0.3064     0.0000     0.3062  20.23548012   -6.5441919   -38.271    -2.015
svyjul22_gto75     geo-0003:sv1-20220729-S-16-1B      59790.110859 22-JUL-30 02:39:38.21      2.200320     4  18.30  18.30  39606.28910  0.0000000    2.1532     6.2321     0.0000   303.1583    32.75      0.00399  0.0000000    0.0048     0.1943     0.0000     0.1942  20.23548167   -7.0140289   -38.225    -1.802
svyjul22_gto75     geo-0001:sv1-20220729-S-26-1A      59790.194586 22-JUL-30 04:40:12.23      1.467360     3  16.30  16.30  29291.21251  0.0000000   15.4151   129.0782     0.0000   183.2481   164.78      0.01905  0.0000000    0.0582     0.0256     0.0000     0.0211  20.11126496   -7.3250061   -65.649    -0.863
svyjul22_gto75     geo-0001:sv1-20220729-S-26-1B      59790.194840 22-JUL-30 04:40:34.17      2.200320     4  17.90  17.90  40325.84267  0.0000000    2.1999    54.3156     0.0000   255.3588    23.53      0.00835  0.0000000    0.0045     0.4482     0.0000     0.4479  20.11210237   -6.5444823   -68.286    -2.128
svyjul22_gto75     geo-0001:sv1-20220730-S-18-1A      59791.128648 22-JUL-31 03:05:15.18      2.200320     3  13.60  20.30  47799.29454  0.0000000    5.8958    69.0074     0.0000   240.2488   -72.13      0.00560  0.0000000    0.0049     0.0838     0.0000     0.0833  20.21483592   -9.3745220   -45.917    -5.116
svyjul22_gto75     geo-0001:sv1-20220730-S-21-1B      59791.181032 22-JUL-31 04:20:41.16      3.666240     6  17.90  17.90  54840.59625  0.0000000    6.1000   355.7202     0.0000   311.9174  -162.25      0.00779  0.0000000    0.0080     0.0829     0.0000     0.0825  20.12029055   -8.0905636   -66.152    -4.535
svyjul22_gto75     geo-0001:sv1-20220730-S-5-1A       59790.971322 22-JUL-30 23:18:42.22      2.200320     4  12.70  12.70  43509.51033  0.0000000   13.3671   327.4022     0.0000   341.5010   -17.22      0.00463  0.0000000    0.0087     0.0126     0.0000     0.0122  20.53080383   -9.0825922    11.122    -4.207
svyjul22_gto75     geo-0001:sv1-20220730-S-5-1B       59790.970558 22-JUL-30 23:17:36.21      1.467360     3  15.30  15.30  31353.06138  0.0000000    1.8329    64.2719     0.0000   243.5960   138.39      0.00056  0.0000000    0.0007     0.0451     0.0000     0.0451  20.53180290   -8.2356459     9.883    -1.642
svyjul22_gto75     geo-0002:sv1-20220730-S-9-1A       59791.036507 22-JUL-31 00:52:34.20      2.200320     4  18.50  18.50  41254.30621  0.0000000    5.5621   359.9447     0.0000   308.9036    11.65      0.00827  0.0000000    0.0109     0.1384     0.0000     0.1377  20.38250208   -9.4540440   -12.800    -4.326
svyjul22_gto75     geo-0003:sv1-20220730-S-9-1A       59791.042618 22-JUL-31 01:01:22.19      2.200320     4  18.20  18.20  39765.73600  0.0000000   12.9216   327.8051     0.0000   340.9587    30.70      0.00503  0.0000000    0.0104     0.0160     0.0000     0.0156  20.38091116   -9.5006621   -14.774    -4.184
svyjul22_gto75     geo-0004:sv1-20220730-S-9-1A       59791.045674 22-JUL-31 01:05:46.23      1.467360     3  20.10  20.10  38333.61912  0.0000000    8.5016   334.5423     0.0000   334.6743    49.04      0.00570  0.0000000    0.0118     0.0376     0.0000     0.0372  20.38367158   -9.2611859   -15.629    -3.626
svyjul22_gto75     geo-0001:sv1-20220801-S-5-1B       59792.948881 22-AUG-01 22:46:23.31      0.732960     2  17.20  17.20  38868.72628  0.0000000   28.9023   119.3465     0.0000   191.3282    42.19      0.00000  0.0000000    0.0000     0.0000     0.0000     0.0000  20.58144371  -11.0511980    17.174    -5.448
svyjul22_gto75     geo-0001:sv1-20220802-S-10-1A      59794.012536 22-AUG-03 00:18:03.11      2.200320     3  19.50  19.50  47238.39781  0.0000000    8.9991    55.2115     0.0000   254.9628   -64.95      0.03272  0.0000000    0.0153     0.3603     0.0000     0.3559  20.45462101  -13.4943393    -6.088    -8.688
svyjul22_gto75     geo-0001:sv1-20220802-S-10-1B      59794.008717 22-AUG-03 00:12:33.14      2.933280     5  16.80  16.80  44641.36669  0.0000000    8.3069    62.8519     0.0000   246.8763   -31.70      0.00633  0.0000000    0.0047     0.0768     0.0000     0.0760  20.44417012  -12.5850964    -5.196    -7.635
svyjul22_gto75     geo-0001:sv1-20220802-S-11-1B      59794.020267 22-AUG-03 00:29:11.06      2.200320     3  18.70  18.70  44130.66796  0.0000000   13.4828    96.8542     0.0000   213.3104   -25.17      0.04423  0.0000000    0.0713     0.2029     0.0000     0.1975  20.42015980  -12.4544450    -9.441    -7.356
svyjul22_gto75     geo-0001:sv1-20220802-S-13-1A      59794.042373 22-AUG-03 01:01:01.02      1.467360     3  19.00  19.00  41400.11798  0.0000000    8.3645    61.3992     0.0000   248.3819     9.78      0.00615  0.0000000    0.0047     0.0816     0.0000     0.0808  20.37563681  -13.3914419   -17.284    -7.772
svyjul22_gto75     geo-0001:sv1-20220802-S-13-1B      59794.034989 22-AUG-03 00:50:23.04      1.467360     3  17.20  17.20  32227.88512  0.0000000    7.6664    85.5794     0.0000   223.8537   127.19      0.01000  0.0000000    0.0201     0.1463     0.0000     0.1450  20.38106639  -12.4341111   -15.013    -5.303
svyjul22_gto75     geo-0002:sv1-20220802-S-15-1B      59794.054803 22-AUG-03 01:18:54.97      3.666240     6  17.50  17.50  52329.02121  0.0000000   10.9743   357.5952     0.0000   311.1619  -130.11      0.00841  0.0000000    0.0089     0.0526     0.0000     0.0516  20.34325523  -12.4818983   -22.060    -8.240
svyjul22_gto75     geo-0002:sv1-20220802-S-20-1B      59794.110477 22-AUG-03 02:39:05.21      1.465920     3  19.70  19.70  51030.50825  0.0000000    8.7188    28.8239     0.0000   280.1699  -113.48      0.05134  0.0000000    0.0157     0.5449     0.0000     0.5387  20.24112844  -13.0826250   -42.329    -8.581
svyjul22_gto75     geo-0001:sv1-20220802-S-22-1B      59794.126125 22-AUG-03 03:01:37.20      3.666240     6  17.90  17.90  48266.24607  0.0000000    8.2837    41.2365     0.0000   267.6211   -78.10      0.00611  0.0000000    0.0007     0.0738     0.0000     0.0730  20.19404971  -13.0006262   -48.255    -8.277
svyjul22_gto75     geo-0001:sv1-20220802-S-24-1A      59794.148971 22-AUG-03 03:34:31.09      1.467360     3  18.60  18.60  49341.30668  0.0000000   19.2299   102.4490     0.0000   207.6403   -91.86      0.03220  0.0000000    0.0488     0.0784     0.0000     0.0738  20.16299879  -13.1738760   -56.575    -8.789
svyjul22_gto75     geo-0001:sv1-20220802-S-7-1A       59793.976773 22-AUG-02 23:26:33.18      2.933280     4  19.00  19.00  43351.60783  0.0000000   14.2377   343.7556     0.0000   324.8802   -15.19      0.00761  0.0000000    0.0124     0.0349     0.0000     0.0338  20.51141774  -13.3517450     6.298    -8.134
svyjul22_gto75     geo-0001:sv1-20220802-S-8-1B       59793.987884 22-AUG-02 23:42:33.17      3.666240     6  16.00  16.00  47530.25580  0.0000000   23.0083   329.2744     0.0000   338.8275   -68.68      0.00378  0.0000000    0.0063     0.0062     0.0000     0.0057  20.48456470  -13.0510651     2.468    -8.116
svyaug22_gto105    geo-0001:sv1-20220827-S-10-1A      59818.988185 22-AUG-27 23:42:59.18      2.200320     3  18.80  18.80  41296.55441  0.0000000    6.9462    60.6523     0.0000   287.3250    11.11      0.00915  0.0000000    0.0059     0.1497     0.0000     0.1486  23.31390252  -12.0207581    16.163    -6.630
svyaug22_gto105    geo-0001:sv1-20220827-S-10-1B      59818.985384 22-AUG-27 23:38:57.17      2.200320     4  13.00  13.00  42317.62351  0.0000000   14.1864    12.4338     0.0000   334.9496    -1.96      0.00548  0.0000000    0.0101     0.0192     0.0000     0.0186  23.31238793  -11.0800824    17.134    -5.956
svyaug22_gto105    geo-0003:sv1-20220827-S-14-1A      59819.029155 22-AUG-28 00:41:58.99      0.732960     2  14.00  14.00  42608.99803  0.0000000    9.1220    40.4028     0.0000   307.7612    -5.69      0.00000  0.0000000    0.0000     0.0000     0.0000     0.0000  23.25104821  -12.4214172     1.793    -7.200
svyaug22_gto105    geo-0002:sv1-20220827-S-18-1B      59819.102743 22-AUG-28 02:27:56.99      2.933280     5  18.10  18.10  43770.23651  0.0000000   14.2900    14.1160     0.0000   333.4875   -20.55      0.00583  0.0000000    0.0102     0.0204     0.0000     0.0198  23.08256197  -11.3833370   -24.973    -6.326
svyaug22_gto105    geo-0001:sv1-20220828-S-15-1B      59820.007388 22-AUG-29 00:10:38.32      2.933280     4  17.80  17.90  45596.16233  0.0000000    9.0211    27.7447     0.0000   320.0102   -43.93      0.00860  0.0000000    0.0123     0.0654     0.0000     0.0646  23.25568940  -10.3933971     8.253    -5.783
svyaug22_gto105    geo-0002:sv1-20220828-S-15-1B      59820.023684 22-AUG-29 00:34:06.29      1.467360     3  17.00  17.00  41595.85345  0.0000000   10.3105   138.7835     0.0000   210.1072     7.28      0.00961  0.0000000    0.0171     0.0561     0.0000     0.0553  23.25520479  -10.3227299     2.753    -5.151
svyaug22_gto105    geo-0001:sv1-20220828-S-16-1B      59820.027087 22-AUG-29 00:39:00.31      2.200320     4  19.90  19.90  50027.29886  0.0000000    6.0479    78.9532     0.0000   269.3924  -100.64      0.00691  0.0000000    0.0006     0.1098     0.0000     0.1092  23.22246205  -10.3220430     1.379    -6.048
svyaug22_gto105    geo-0003:sv1-20220828-S-16-1B      59820.045420 22-AUG-29 01:05:24.28      2.933280     5  19.10  19.10  43323.02119  0.0000000    5.8921    55.8503     0.0000   292.5767   -14.83      0.00855  0.0000000    0.0066     0.1515     0.0000     0.1507  23.21062513  -10.4113063    -5.047    -5.439
svyaug22_gto105    geo-0001:sv1-20220828-S-25-1A      59820.105425 22-AUG-29 02:31:48.72      5.133600     8  14.50  14.50  57180.58234  0.0000000    8.1790   103.6767     0.0000   243.9027  -192.21      0.02935  0.0000000    0.0184     0.2672     0.0000     0.2645  23.04320902  -11.2229224   -27.895    -7.340
svyaug22_gto105    geo-0002:sv1-20220828-S-25-1A      59820.105934 22-AUG-29 02:32:32.69      2.933280     5  17.00  17.00  46962.27112  0.0000000    6.3262    80.8325     0.0000   266.8563   -61.41      0.00403  0.0000000    0.0006     0.0656     0.0000     0.0652  23.04431618  -11.1252123   -27.757    -6.317
svyaug22_gto105    geo-0001:sv1-20220828-S-26-1A      59820.126466 22-AUG-29 03:02:06.66      1.467360     3  19.20  19.30  43802.48724  0.0000000    6.8430   107.6485     0.0000   240.1744   -20.97      0.01153  0.0000000    0.0112     0.1639     0.0000     0.1627  22.59567690  -11.0716409   -35.192    -5.933
svyaug22_gto105    geo-0001:sv1-20220828-S-26-1B      59820.135379 22-AUG-29 03:14:56.74      2.933280     5  20.00  20.10  42764.64979  0.0000000   13.3552    10.7074     0.0000   336.8776    -7.68      0.01478  0.0000000    0.0273     0.0498     0.0000     0.0486  23.00097195  -10.2500916   -37.908    -5.204
svyaug22_gto105    geo-0005:sv1-20220828-S-27-1A      59820.160952 22-AUG-29 03:51:46.25      1.465920     3  17.30  17.30  43474.52124  0.0000000    6.0456    76.1826     0.0000   272.1148   -16.77      0.00841  0.0000000    0.0012     0.1564     0.0000     0.1555  22.56225634  -11.0800790   -46.977    -6.042
svyaug22_gto105    geo-0007:sv1-20220828-S-27-1A      59820.166044 22-AUG-29 03:59:06.20      1.467360     3  16.10  16.10  31452.38308  0.0000000    5.3412   124.7378     0.0000   225.4933   137.12      0.01076  0.0000000    0.0214     0.2358     0.0000     0.2346  22.56031387  -10.4731238   -47.018    -3.806
svyaug22_gto105    geo-0008:sv1-20220828-S-27-1A      59820.166553 22-AUG-29 03:59:50.17      2.200320     4  17.60  17.60  48327.00424  0.0000000    6.2880    78.0222     0.0000   269.8250   -78.88      0.01825  0.0000000    0.0017     0.2904     0.0000     0.2887  22.55204175  -10.4840923   -49.463    -6.288
svyaug22_gto105    geo-0001:sv1-20220828-S-27-1B      59820.150512 22-AUG-29 03:36:44.23      3.666240     6  17.50  17.50  52677.92770  0.0000000    6.7015    97.8581     0.0000   249.3105  -134.57      0.00522  0.0000000    0.0029     0.0664     0.0000     0.0659  22.55315233  -10.2636786   -44.480    -6.268
svyaug22_gto105    geo-0001:sv1-20220828-S-33-1A      59820.194771 22-AUG-29 04:40:28.21      3.666240     5  17.40  17.40  49802.74154  0.0000000    6.4866    64.3236     0.0000   282.5025   -97.77      0.00441  0.0000000    0.0017     0.0643     0.0000     0.0639  22.48017894  -10.3244992   -60.591    -6.332
svyaug22_gto105    geo-0001:sv1-20220828-S-34-1A      59820.220234 22-AUG-29 05:17:08.21      1.467360     3  17.60  17.60  35247.70991  0.0000000    8.8183    20.8859     0.0000   328.2706    88.53      0.01047  0.0000000    0.0218     0.0875     0.0000     0.0868  22.46325706  -10.2331450   -67.226    -4.624
svyaug22_gto105    geo-0002:sv1-20220828-S-6-1A       59819.935473 22-AUG-28 22:27:04.86      3.666240     6  18.40  18.40  47824.48527  0.0000000    7.2098    49.7862     0.0000   298.7792   -72.45      0.00517  0.0000000    0.0045     0.0636     0.0000     0.0631  23.37537319  -10.3425032    34.866    -6.315
svyaug22_gto105    geo-0004:sv1-20220828-S-6-1B       59819.943367 22-AUG-28 22:38:26.90      2.200320     3  17.30  17.30  43047.80711  0.0000000   10.3562    18.0996     0.0000   329.9460   -11.31      0.00859  0.0000000    0.0148     0.0474     0.0000     0.0465  23.38217470   -9.5429360    31.710    -5.165
svyaug22_gto105    geo-0001:sv1-20220829-S-13-1A      59821.029019 22-AUG-30 00:41:47.24      2.200320     4  19.40  19.40  43701.65209  0.0000000    5.3133    41.8832     0.0000   305.8437   -19.68      0.00937  0.0000000    0.0108     0.1600     0.0000     0.1593  23.20399338   -9.1952267    -0.802    -4.305
svyaug22_gto105    geo-0001:sv1-20220829-S-13-1B      59821.029273 22-AUG-30 00:42:09.18      2.200320     4  19.70  19.70  43724.11367  0.0000000    5.3649    41.1797     0.0000   306.6324   -19.96      0.00851  0.0000000    0.0100     0.1424     0.0000     0.1418  23.21007602   -9.1933625    -0.806    -4.303
svyaug22_gto105    geo-0002:sv1-20220829-S-13-1B      59821.035894 22-AUG-30 00:51:41.24      5.133600     8  17.50  17.50  61325.40960  0.0000000    5.4249    75.0781     0.0000   273.6682  -245.26      0.01686  0.0000000    0.0019     0.2367     0.0000     0.2356  23.20491328   -8.5821246    -2.365    -5.414
svyaug22_gto105    geo-0003:sv1-20220829-S-13-1B      59821.040986 22-AUG-30 00:59:01.19      2.200320     4  15.40  15.40  41041.38800  0.0000000    9.4829   147.3223     0.0000   201.2911    14.38      0.02603  0.0000000    0.0509     0.1233     0.0000     0.1219  23.21026641   -8.4358139    -4.618    -3.430
svyaug22_gto105    geo-0001:sv1-20220829-S-5-1B       59820.941352 22-AUG-29 22:35:32.81      3.666240     6  17.30  17.30  50701.72399  0.0000000   13.7830     7.4070     0.0000   341.0543  -109.28      0.00346  0.0000000    0.0055     0.0078     0.0000     0.0076  23.36302034   -8.2226328    31.970    -4.436
svyaug22_gto105    geo-0006:sv1-20220829-S-5-1B       59820.947463 22-AUG-29 22:44:20.80      0.732960     2  16.20  16.30  28325.83446  0.0000000   34.4257   163.8864     0.0000   181.9393   177.13      0.00000  0.0000000    0.0000     0.0000     0.0000     0.0000  23.37589756   -8.1323593    26.280    -1.096
svyaug22_gto105    geo-0002:sv1-20220830-S-10-1A      59821.973509 22-AUG-30 23:21:51.17      2.933280     4  12.70  12.70  42687.74603  0.0000000    2.9085    88.1445     0.0000   260.1402    -6.70      0.00383  0.0000000    0.0013     0.1493     0.0000     0.1491  23.32411279   -7.3917136    18.678    -2.866
svyaug22_gto105    geo-0002:sv1-20220830-S-10-1B      59821.973764 22-AUG-30 23:22:13.20      2.200320     4  13.10  13.10  42679.73459  0.0000000    2.8974    86.8315     0.0000   261.5407    -6.60      0.00584  0.0000000    0.0018     0.2294     0.0000     0.2292  23.33027465   -7.3922175    18.676    -2.866
svysep22_gto75     geo-0004:sv1-20220922-S-11-1B      59844.982155 22-SEP-22 23:34:18.19      2.200320     4  12.50  12.60  42646.75068  0.0000000    5.5293    75.9980     0.0000   294.9665    -6.17      0.00755  0.0000000    0.0065     0.1421     0.0000     0.1414   1.02343673  -10.0401815    15.682    -5.011
svysep22_gto75     geo-0001:sv1-20220922-S-14-1A      59845.029796 22-SEP-23 00:42:54.37      3.666240     5  13.90  17.60  50250.01360  0.0000000   10.5913   152.7494     0.0000   218.9905  -103.49      0.02832  0.0000000    0.0365     0.1627     0.0000     0.1600   0.52459714  -11.1124155    -1.323    -6.641
svysep22_gto75     geo-0002:sv1-20220922-S-19-1A      59845.077155 22-SEP-23 01:51:06.19      2.200320     4  18.00  18.00  57535.21978  0.0000000   16.3683    36.3896     0.0000   333.0228  -196.75      0.01275  0.0000000    0.0163     0.0293     0.0000     0.0281   0.40203812  -11.2236007   -19.320    -7.345
svysep22_gto75     geo-0003:sv1-20220922-S-19-1A      59845.085303 22-SEP-23 02:02:50.17      1.467360     3  19.70  19.70  42431.04861  0.0000000    6.2452   126.6241     0.0000   244.0555    -3.41      0.02305  0.0000000    0.0204     0.3859     0.0000     0.3836   0.38572273  -11.0223093   -22.075    -5.614
svysep22_gto75     geo-0002:sv1-20220922-S-19-1B      59845.084539 22-SEP-23 02:01:44.16      1.467360     3  19.20  19.20  38534.47151  0.0000000    7.3883   147.4573     0.0000   223.4436    46.46      0.02042  0.0000000    0.0335     0.2487     0.0000     0.2466   0.39187330  -11.0307822   -21.682    -5.073
svysep22_gto75     geo-0003:sv1-20220922-S-19-1B      59845.085049 22-SEP-23 02:02:28.23      2.200320     3  19.40  19.40  42410.78461  0.0000000    6.2068   125.9380     0.0000   244.6461    -3.15      0.02401  0.0000000    0.0208     0.4069     0.0000     0.4045   0.38350591  -11.0206556   -22.074    -5.607
svysep22_gto75     geo-0002:sv1-20220922-S-26-1A      59845.129898 22-SEP-23 03:07:03.18      2.200320     4  17.00  17.00  53568.76638  0.0000000   21.2168   171.2660     0.0000   199.8848  -145.97      0.02347  0.0000000    0.0344     0.0350     0.0000     0.0326   0.29318133  -11.1805114   -38.819    -7.071
svyoct22_gto105    geo-0001:sv1-20221027-S-14-1A      59879.963660 22-OCT-27 23:07:40.22      2.933280     5  19.40  19.50  42713.54941  0.0000000    4.2321    97.0125     0.0000   297.0133    -7.03      0.00618  0.0000000    0.0057     0.1492     0.0000     0.1487   2.32154835   -8.4438952    10.883    -3.770
svyoct22_gto105    geo-0003:sv1-20221027-S-14-1A      59879.980975 22-OCT-27 23:32:36.24      2.200320     4  14.60  14.70  57619.64557  0.0000000   10.4484    65.7382     0.0000   329.6175  -197.83      0.01474  0.0000000    0.0183     0.0588     0.0000     0.0578   2.32473152   -9.0018437     6.316    -5.263
svyoct22_gto105    geo-0001:sv1-20221027-S-18-1A      59880.018103 22-OCT-28 00:26:04.09      2.200320     4  16.70  16.80  41973.49221  0.0000000    4.9827    80.1824     0.0000   313.6394     2.44      0.00505  0.0000000    0.0072     0.0861     0.0000     0.0858   2.20361367   -8.4900678    -8.929    -3.604
svyoct22_gto105    geo-0001:sv1-20221027-S-20-1B      59880.082339 22-OCT-28 01:58:34.08      2.200320     4  18.00  18.10  47076.33411  0.0000000    6.4866    70.1436     0.0000   324.2177   -62.87      0.00511  0.0000000    0.0075     0.0474     0.0000     0.0471   2.10172352   -8.2145779   -31.512    -3.787
svyoct22_gto105    geo-0001:sv1-20221027-S-21-1A      59880.088543 22-OCT-28 02:07:30.11      3.666240     5  19.90  20.00  61719.68532  0.0000000   14.4295   193.1824     0.0000   200.6215  -250.31      0.04020  0.0000000    0.0499     0.0766     0.0000     0.0741   2.05385559   -8.3119264   -35.081    -5.035
svyoct22_gto105    geo-0001:sv1-20221027-S-29-1B      59880.150211 22-OCT-28 03:36:18.23      2.200320     3  18.80  18.90  42925.96060  0.0000000    5.7902    68.1309     0.0000   325.9855    -9.75      0.00843  0.0000000    0.0140     0.0925     0.0000     0.0921   1.55487357   -7.5909158   -56.296    -3.235
svyoct22_gto105    geo-0006:sv1-20221029-S-11-1A      59882.000745 22-OCT-30 00:01:04.36      0.732960     2  20.30  20.40  46205.13164  0.0000000   10.8251   206.1775     0.0000   188.2242   -51.72      0.00000  0.0000000    0.0000     0.0000     0.0000     0.0000   2.23538607   -5.5628196    -4.307    -1.539
svyoct22_gto105    geo-0001:sv1-20221029-S-11-1A      59882.002782 22-OCT-30 00:04:00.36      2.200320     4  18.70  18.80  44897.31569  0.0000000    1.1636    87.7684     0.0000   306.3063   -34.98      0.00478  0.0000000    0.0054     0.3594     0.0000     0.3594   2.22545974   -5.2433565    -5.220    -0.938
svyoct22_gto105    geo-0003:sv1-20221029-S-11-1A      59882.012968 22-OCT-30 00:18:40.43      2.200320     3  19.10  19.20  47723.32579  0.0000000    3.2579    62.9332     0.0000   331.6427   -71.15      0.01611  0.0000000    0.0252     0.2375     0.0000     0.2371   2.22579565   -5.4814119    -8.362    -1.547
svyoct22_gto105    geo-0001:sv1-20221029-S-11-1B      59882.007620 22-OCT-30 00:10:58.36      1.467360     3  17.40  17.50  37545.68734  0.0000000    9.5210    31.6189     0.0000     2.5484    59.12      0.01924  0.0000000    0.0451     0.0217     0.0000     0.0209   2.23279924   -4.5120092    -6.914     0.421
svyoct22_gto105    geo-0001:sv1-20221029-S-20-1A      59882.081565 22-OCT-30 01:57:27.21      4.400640     7  17.10  17.20  57608.04482  0.0000000    4.9042    57.2779     0.0000   335.9991  -197.68      0.01429  0.0000000    0.0187     0.0964     0.0000     0.0960   2.05588722   -5.2813338   -34.384    -1.993
svyoct22_gto105    geo-0002:sv1-20221029-S-20-1A      59882.085639 22-OCT-30 02:03:19.20      2.200320     4  18.20  18.30  49290.90253  0.0000000    6.6404   197.3864     0.0000   196.6388   -91.22      0.01329  0.0000000    0.0217     0.0577     0.0000     0.0572   2.06240051   -6.0050522   -35.290    -1.897
svyoct22_gto105    geo-0001:sv1-20221029-S-20-1B      59882.082329 22-OCT-30 01:58:33.22      2.933280     3  17.30  17.40  53790.83768  0.0000000    6.8609    45.5281     0.0000   348.0770  -148.82      0.04070  0.0000000    0.0617     0.1089     0.0000     0.1084   2.06454851   -5.0617432   -34.327    -1.414
svyoct22_gto105    geo-0001:sv1-20221029-S-21-1A      59882.106174 22-OCT-30 02:32:53.43      3.666240     5  19.80  19.80  57104.75007  0.0000000   11.5157   203.6332     0.0000   189.8698  -191.24      0.01868  0.0000000    0.0267     0.0248     0.0000     0.0241   2.02121678   -5.2559518   -43.315    -1.961
svyoct22_gto105    geo-0001:sv1-20221029-S-7-1B       59881.946973 22-OCT-29 22:43:38.46      3.666240     6  19.10  19.20  55299.51267  0.0000000    6.5901   203.7090     0.0000   191.4959  -168.13      0.03377  0.0000000    0.0498     0.0919     0.0000     0.0918   2.34191731   -4.4827865    15.977    -1.311
svyoct22_gto105    geo-0008:sv1-20221029-S-7-1B       59881.966325 22-OCT-29 23:11:30.48      2.200320     3  12.20  12.30  42192.89865  0.0000000    0.1681    91.7781     0.0000   303.0982    -0.36      0.00698  0.0000000    0.0079     4.0519     0.0000     4.0519   2.34284469   -4.4543401     8.737    -0.141
svyoct22_gto105    geo-0001:sv2-20221029-S-2-1B       59882.133891 22-OCT-30 03:12:48.18      2.200320     4  14.70  14.70  41922.56963  0.0000000    0.3959    98.7741     0.0000   295.3313     3.10      0.00590  0.0000000    0.0053     1.5798     0.0000     1.5798   1.56213942   -4.5833820   -52.522    -0.358
svyoct22_gto105    geo-0003:sv2-20221029-S-4-1A       59882.177617 22-OCT-30 04:15:46.10      1.465920     3  18.60  18.70  42255.29514  0.0000000    7.5201    43.1088     0.0000   351.5713    -1.16      0.01837  0.0000000    0.0367     0.0424     0.0000     0.0430   1.53184893   -5.3554744   -67.661    -1.099
svynov22_gto75     geo-0001:sv1-20221119-S-10-1B      59903.138984 22-NOV-20 03:20:08.21      2.200320     4  16.10  16.30  38737.22976  0.0000000    2.7712   110.3109     0.0000   309.2254    43.87      0.00312  0.0000000    0.0044     0.1114     0.0000     0.1113   3.37498677   -7.2643826   -49.596    -2.146
svynov22_gto75     geo-0002:sv1-20221119-S-10-1B      59903.148150 22-NOV-20 03:33:20.16      3.666240     4  19.20  19.30  49980.73957  0.0000000    4.8448   195.3727     0.0000   223.4257  -100.05      0.01352  0.0000000    0.0165     0.1869     0.0000     0.1862   3.37464082   -7.2347890   -53.778    -3.328
svynov22_gto75     geo-0006:sv1-20221119-S-11-1B      59903.165674 22-NOV-20 03:58:34.23      0.732960     2  15.00  15.10  32778.75972  0.0000000    2.3735    90.4763     0.0000   330.7578   120.14      0.00000  0.0000000    0.0000     0.0000     0.0000     0.0000   3.35437434   -7.1654396   -57.545    -1.159
svynov22_gto75     geo-0001:sv1-20221119-S-7-1B       59903.041044 22-NOV-20 00:59:06.20      2.200320     4  18.20  18.30  39445.21128  0.0000000    5.3106    86.3416     0.0000   332.6712    34.81      0.00382  0.0000000    0.0075     0.0417     0.0000     0.0415   3.57534952   -7.5247253   -14.697    -2.435
svynov22_gto75     geo-0006:sv1-20221120-S-14-1B      59903.950384 22-NOV-20 22:48:33.17      0.732960     2  19.30  19.40  51387.81588  0.0000000   12.8542    67.9599     0.0000   351.9936  -118.06      0.00000  0.0000000    0.0000     0.0000     0.0000     0.0000   4.16223705   -5.3532247    18.082    -1.776
svynov22_gto75     geo-0009:sv1-20221120-S-14-1B      59903.952421 22-NOV-20 22:51:29.17      0.732960     2  19.50  19.60  53880.58239  0.0000000    5.2712   212.5197     0.0000   207.9880  -149.97      0.00000  0.0000000    0.0000     0.0000     0.0000     0.0000   4.16261376   -6.0931132    17.603    -2.471
svynov22_gto75     geo-0014:sv1-20221120-S-14-1B      59903.953440 22-NOV-20 22:52:57.21      0.732960     2  20.20  20.30  51756.11332  0.0000000    6.2150    79.0971     0.0000   341.0203  -122.77      0.00000  0.0000000    0.0000     0.0000     0.0000     0.0000   4.16085804   -5.5002402    17.049    -2.018
svynov22_gto75     geo-0001:sv1-20221120-S-22-1B      59904.031623 22-NOV-21 00:45:32.22      1.467360     3  13.80  13.90  42664.03119  0.0000000    5.2846    74.3433     0.0000   344.7901    -6.39      0.00191  0.0000000    0.0037     0.0110     0.0000     0.0110   3.59363637   -6.1234208   -12.200    -1.385
svynov22_gto75     geo-0001:sv1-20221120-S-23-1B      59904.050118 22-NOV-21 01:12:10.19      3.666240     5  18.50  18.60  47156.25437  0.0000000    2.8070   103.3992     0.0000   315.4279   -63.89      0.01304  0.0000000    0.0168     0.3332     0.0000     0.3328   3.54103075   -6.2112585   -19.210    -1.970
svynov22_gto75     geo-0003:sv1-20221120-S-23-1B      59904.056739 22-NOV-21 01:21:42.24      2.933280     5  16.90  17.00  47378.03920  0.0000000    3.3302   207.4804     0.0000   211.7904   -66.73      0.00821  0.0000000    0.0124     0.1345     0.0000     0.1343   3.54333413   -6.0509781   -21.234    -1.754
svynov22_gto75     geo-0004:sv1-20221120-S-23-1B      59904.061322 22-NOV-21 01:28:18.22      2.200320     4  13.20  13.30  42541.62824  0.0000000    5.5069    76.0928     0.0000   343.3248    -4.83      0.00504  0.0000000    0.0098     0.0305     0.0000     0.0303   3.54273648   -6.2649042   -22.626    -1.578
svynov22_gto75     geo-0001:sv1-20221120-S-24-1A      59904.077525 22-NOV-21 01:51:38.16      2.200320     4  15.60  15.70  44093.16565  0.0000000    9.0564   226.8362     0.0000   192.6697   -24.69      0.01310  0.0000000    0.0248     0.0372     0.0000     0.0367   3.50365252   -6.4125695   -28.612    -1.978
svynov22_gto75     geo-0001:sv1-20221120-S-24-1B      59904.077780 22-NOV-21 01:52:00.19      2.933280     5  18.90  19.00  43801.74942  0.0000000    3.8532    85.3276     0.0000   333.8822   -20.96      0.00309  0.0000000    0.0054     0.0392     0.0000     0.0391   3.50051195   -6.2416753   -28.796    -1.695
svynov22_gto75     geo-0002:sv1-20221120-S-27-1A      59904.100837 22-NOV-21 02:25:12.31      2.200320     4  18.70  18.80  36421.48122  0.0000000    9.9125    67.0842     0.0000   352.6996    73.51      0.01336  0.0000000    0.0320     0.0250     0.0000     0.0253   3.45406199   -6.5709929   -36.489    -1.253
svynov22_gto75     geo-0001:sv1-20221120-S-31-1A      59904.133035 22-NOV-21 03:11:34.22      2.933280     5  19.20  19.30  48162.96230  0.0000000    5.6000    88.8386     0.0000   329.9859   -76.78      0.01328  0.0000000    0.0202     0.1186     0.0000     0.1181   3.39576485   -7.0148594   -49.060    -2.798
svynov22_gto75     geo-0002:sv1-20221120-S-31-1A      59904.137109 22-NOV-21 03:17:26.21      1.467360     3  19.80  20.00  42504.06023  0.0000000    5.2149    85.2426     0.0000   334.3535    -4.35      0.00282  0.0000000    0.0051     0.0270     0.0000     0.0269   3.40149150   -7.0237269   -49.785    -2.255
svynov22_gto75     geo-0003:sv1-20221120-S-31-1A      59904.138637 22-NOV-21 03:19:38.23      1.467360     3  19.50  19.60  43906.80214  0.0000000    6.5293    77.0095     0.0000   342.3785   -22.30      0.01077  0.0000000    0.0200     0.0558     0.0000     0.0556   3.39481123   -6.3320901   -50.530    -1.973
svynov22_gto75     geo-0004:sv1-20221120-S-31-1A      59904.139146 22-NOV-21 03:20:22.21      2.933280     5  17.90  18.00  55724.89974  0.0000000    3.3358   127.1619     0.0000   291.3817  -173.57      0.04792  0.0000000    0.0265     1.1432     0.0000     1.1413   3.39554569   -6.4325166   -51.633    -3.106
svynov22_gto75     geo-0008:sv1-20221120-S-31-1B      59904.134817 22-NOV-21 03:14:08.18      0.732960     2  19.00  19.10  39104.87719  0.0000000    0.9186   107.8741     0.0000   312.3047    39.16      0.00000  0.0000000    0.0000     0.0000     0.0000     0.0000   3.41063080   -5.4519674   -48.464    -0.679
svynov22_gto75     geo-0002:sv1-20221120-S-38-1A      59904.188961 22-NOV-21 04:32:06.23      2.200320     4  16.70  16.80  40088.62880  0.0000000    6.4635    76.2638     0.0000   343.5069    26.57      0.01225  0.0000000    0.0251     0.0658     0.0000     0.0657   3.32036317   -6.3854223   -68.322    -1.831
svynov22_gto75     geo-0002:sv1-20221120-S-38-1B      59904.184632 22-NOV-21 04:25:52.20      2.933280     5  19.00  19.10  45276.58503  0.0000000    3.9950    84.1528     0.0000   334.7525   -39.83      0.00786  0.0000000    0.0134     0.0897     0.0000     0.0896   3.31591857   -5.5554902   -67.670    -1.703
svynov22_gto75     geo-0002:sv1-20221121-S-12-1B      59904.963174 22-NOV-21 23:06:58.23      2.200320     4  17.90  18.00  44057.54166  0.0000000    2.5764    58.2474     0.0000     1.1447   -24.23      0.00939  0.0000000    0.0182     0.0239     0.0000     0.0231   4.13180247   -4.1846243    11.719     0.051
svynov22_gto75     geo-0001:sv1-20221121-S-15-1A      59904.991206 22-NOV-21 23:47:20.19      2.200320     3  14.10  14.20  42582.69209  0.0000000    0.3962   100.0520     0.0000   319.2163    -5.35      0.00486  0.0000000    0.0075     0.9246     0.0000     0.9246   4.07573057   -4.5325759     1.478    -0.259
svynov22_gto75     geo-0002:sv1-20221121-S-15-1A      59904.993752 22-NOV-21 23:51:00.17      2.933280     5  19.00  19.10  52160.66733  0.0000000   11.9453    66.6578     0.0000   353.1775  -127.95      0.02108  0.0000000    0.0337     0.0202     0.0000     0.0195   4.08295408   -5.1321693     1.272    -1.409
svynov22_gto75     geo-0002:sv1-20221121-S-15-1B      59904.991970 22-NOV-21 23:48:26.20      1.467360     3  13.60  13.70  42622.72645  0.0000000    0.4793    92.5971     0.0000   326.9450    -5.87      0.00943  0.0000000    0.0160     1.2383     0.0000     1.2382   4.09023309   -4.5318951     1.476    -0.261
svynov22_gto75     geo-0003:sv1-20221121-S-15-1B      59904.992989 22-NOV-21 23:49:54.24      2.200320     4  19.10  19.20  41395.55347  0.0000000    0.4088   344.1509     0.0000    75.1475     9.84      0.00682  0.0000000    0.0037     1.9304     0.0000     1.9304   4.08042561   -4.1758545     0.864     0.395
svynov22_gto75     geo-0004:sv1-20221121-S-15-1B      59904.994516 22-NOV-21 23:52:06.18      2.200320     4  17.40  17.40  41372.74406  0.0000000    7.2908    58.5939     0.0000     0.6837    10.13      0.00691  0.0000000    0.0144     0.0069     0.0000     0.0065   4.07380995   -4.3924955     0.286     0.087
svynov22_gto75     geo-0005:sv1-20221121-S-15-1B      59904.999100 22-NOV-21 23:58:42.24      2.200320     4  17.20  17.30  44321.82873  0.0000000    2.9686    67.2735     0.0000   352.3776   -27.61      0.01205  0.0000000    0.0231     0.0622     0.0000     0.0618   4.07421657   -4.5052101    -0.979    -0.394
svynov22_gto75     geo-0003:sv1-20221121-S-17-1B      59905.010708 22-NOV-22 00:15:25.17      0.732960     2  12.40  12.50  27736.81846  0.0000000    9.0770    43.2428     0.0000    15.3785   184.67      0.00000  0.0000000    0.0000     0.0000     0.0000     0.0000   4.04178798   -4.4359211    -6.393     2.398
svynov22_gto75     geo-0001:sv1-20221121-S-24-1B      59905.068799 22-NOV-22 01:39:04.23      2.933280     4  19.50  19.50  47136.06470  0.0000000    8.8074    62.0061     0.0000   357.4093   -63.64      0.01077  0.0000000    0.0193     0.0077     0.0000     0.0078   3.52404115   -4.3431864   -26.355    -0.397
svynov22_gto75     geo-0001:sv1-20221121-S-25-1A      59905.087815 22-NOV-22 02:06:27.21      1.467360     3  18.90  19.00  33669.14085  0.0000000    1.8688   270.0458     0.0000   150.2566   108.74      0.02152  0.0000000    0.0498     0.8708     0.0000     0.8701   3.49056507   -4.5809392   -32.350     0.927
svynov22_gto75     geo-0003:sv1-20221121-S-25-1B      59905.081449 22-NOV-22 01:57:17.19      1.467360     3  16.50  16.50  38368.78610  0.0000000    8.3615   245.8550     0.0000   173.9034    48.59      0.00714  0.0000000    0.0162     0.0135     0.0000     0.0132   3.50019334   -4.1116278   -30.545     0.885
svynov22_gto75     geo-0004:sv1-20221121-S-25-1B      59905.082977 22-NOV-22 01:59:29.21      2.933280     4  18.30  18.40  43064.21744  0.0000000    2.4873    64.0629     0.0000   355.3284   -11.52      0.00979  0.0000000    0.0194     0.0410     0.0000     0.0411   3.48550728   -4.4729407   -31.523    -0.203
svynov22_gto75     geo-0005:sv1-20221121-S-33-1A      59905.130546 22-NOV-22 03:07:59.17      0.732960     2  18.60  18.70  38043.53947  0.0000000    1.3761    45.7476     0.0000    13.7820    52.75      0.00000  0.0000000    0.0000     0.0000     0.0000     0.0000   3.37481267   -4.4633460   -48.565     0.328
svynov22_gto75     geo-0002:sv1-20221121-S-33-1A      59905.145315 22-NOV-22 03:29:15.21      2.200320     4  18.80  18.80  41248.48069  0.0000000    2.9943    65.7868     0.0000   353.9184    11.73      0.00474  0.0000000    0.0098     0.0215     0.0000     0.0217   3.37535234   -5.0045596   -53.709    -0.317
svynov22_gto75     geo-0001:sv1-20221121-S-33-1B      59905.128764 22-NOV-22 03:05:25.20      1.467360     3  18.20  18.30  43759.70399  0.0000000    3.3646   239.5152     0.0000   179.6427   -20.42      0.00335  0.0000000    0.0066     0.0061     0.0000     0.0058   3.39255949   -4.2240176   -48.289     0.021
svynov22_gto75     geo-0002:sv1-20221121-S-33-1B      59905.130801 22-NOV-22 03:08:21.20      1.467360     3  18.30  18.40  38179.85665  0.0000000    1.3779    46.5469     0.0000    13.0721    51.00      0.02676  0.0000000    0.0594     0.5989     0.0000     0.5996   3.38144404   -4.4625324   -48.567     0.312
svynov22_gto75     geo-0001:sv1-20221121-S-41-1A      59905.189771 22-NOV-22 04:33:16.21      2.933280     5  17.10  17.20  42357.90533  0.0000000    1.1625    87.4392     0.0000   331.7857    -2.48      0.00474  0.0000000    0.0085     0.2217     0.0000     0.2217   3.30320469   -4.5831996   -70.240    -0.550
svynov22_gto75     geo-0006:sv1-20221121-S-41-1B      59905.200720 22-NOV-22 04:49:02.20      1.467360     3  15.30  15.40  39154.21440  0.0000000    0.7769   303.2483     0.0000   116.9006    38.53      0.00475  0.0000000    0.0048     0.6862     0.0000     0.6861   3.31002909   -3.5947498   -73.271     0.693
svynov22_gto75     geo-0001:sv1-20221122-S-10-1A      59906.007942 22-NOV-23 00:11:26.18      1.467360     3  17.60  17.70  38456.40447  0.0000000    1.2704   352.4810     0.0000    66.6075    47.46      0.02378  0.0000000    0.0215     2.2465     0.0000     2.2459   4.03529483   -3.5054419    -5.735     1.166
svynov22_gto75     geo-0002:sv1-20221122-S-10-1A      59906.014053 22-NOV-23 00:20:14.17      2.933280     5  18.90  19.00  44585.96253  0.0000000   12.9263   241.5546     0.0000   177.9134   -30.99      0.03130  0.0000000    0.0601     0.0150     0.0000     0.0163   4.03271874   -3.5145031    -7.503     0.467
svynov22_gto75     geo-0001:sv1-20221122-S-10-1B      59906.003104 22-NOV-23 00:04:28.18      1.465920     3  16.30  16.40  46933.07577  0.0000000    3.7548   256.6394     0.0000   162.7543   -61.04      0.00362  0.0000000    0.0063     0.0297     0.0000     0.0297   4.04492372   -2.5253692    -3.643     1.112
svynov22_gto75     geo-0002:sv1-20221122-S-10-1B      59906.004123 22-NOV-23 00:05:56.22      2.933280     5  16.40  16.50  42100.50113  0.0000000    1.4325   319.7201     0.0000    99.1746     0.82      0.00569  0.0000000    0.0020     0.4598     0.0000     0.4597   4.03059931   -3.0349170    -4.542     1.414
svynov22_gto75     geo-0004:sv1-20221122-S-10-1B      59906.009215 22-NOV-23 00:13:16.17      2.200320     4  17.90  18.00  44069.73502  0.0000000    8.2364   250.1241     0.0000   169.0848   -24.39      0.03289  0.0000000    0.0629     0.0853     0.0000     0.0849   4.03360646   -2.4043769    -5.959     1.554
svynov22_gto75     geo-0001:sv1-20221122-S-11-1B      59906.027711 22-NOV-23 00:39:54.23      4.400640     4  19.50  19.60  53502.29622  0.0000000    3.1589    53.1718     0.0000     5.9490  -145.12      0.02420  0.0000000    0.0374     0.0811     0.0000     0.0808   3.58200227   -3.1312923   -12.842     0.327
svynov22_gto75     geo-0002:sv1-20221122-S-11-1B      59906.035859 22-NOV-23 00:51:38.21      3.666240     6  16.90  17.00  52988.46470  0.0000000    4.4394    54.3691     0.0000     5.1108  -138.55      0.00261  0.0000000    0.0041     0.0055     0.0000     0.0055   3.58322291   -3.1104062   -15.431     0.395
svynov22_gto75     geo-0003:sv1-20221122-S-11-1B      59906.036368 22-NOV-23 00:52:22.19      1.465920     3  20.60  20.70  39521.79886  0.0000000    3.4033   275.0312     0.0000   144.4222    33.83      0.00807  0.0000000    0.0146     0.1745     0.0000     0.1742   3.58513742   -2.4550846   -15.578     1.979
svynov22_gto75     geo-0001:sv1-20221122-S-22-1B      59906.103683 22-NOV-23 02:29:18.21      1.467360     3  19.90  20.00  41392.45263  0.0000000   18.1650    54.7000     0.0000     4.9564     9.88      0.01115  0.0000000    0.0232     0.0073     0.0000     0.0075   3.43416614   -2.5901804   -39.969     1.543
svynov22_gto75     geo-0001:sv1-20221122-S-23-1A      59906.120396 22-NOV-23 02:53:22.21      2.933280     5  16.80  16.90  46579.50476  0.0000000    2.2208   240.6503     0.0000   177.9865   -56.51      0.00261  0.0000000    0.0048     0.0072     0.0000     0.0070   3.39103400   -4.0140393   -46.774     0.078
svynov22_gto75     geo-0001:sv1-20221122-S-23-1B      59906.121669 22-NOV-23 02:55:12.20      2.200320     4  18.40  18.50  43239.93366  0.0000000    2.3766    21.4286     0.0000    37.6563   -13.77      0.03766  0.0000000    0.0590     1.1089     0.0000     1.1081   3.39304942   -2.5044331   -46.811     1.452
svynov22_gto75     geo-0002:sv1-20221122-S-23-1B      59906.124725 22-NOV-23 02:59:36.24      1.467360     3  19.80  19.90  43590.41565  0.0000000    1.3416     4.8825     0.0000    54.3808   -18.25      0.01900  0.0000000    0.0217     1.3002     0.0000     1.2999   3.40003441   -3.1225316   -47.719     1.091
svynov22_gto75     geo-0001:sv1-20221122-S-25-1A      59906.146043 22-NOV-23 03:30:18.11      2.933280     5  16.70  16.80  43290.84285  0.0000000    0.9769   266.0686     0.0000   152.7845   -14.42      0.00713  0.0000000    0.0126     0.3760     0.0000     0.3759   3.34404313   -3.5437792   -55.814     0.447
svynov22_gto75     geo-0003:sv1-20221122-S-25-1A      59906.156228 22-NOV-23 03:44:58.09      2.933280     5  17.80  17.80  44235.77825  0.0000000    1.1118    26.7228     0.0000    32.3653   -26.51      0.00977  0.0000000    0.0159     0.5267     0.0000     0.5266   3.34435633   -3.3727770   -59.264     0.595
svynov22_gto75     geo-0004:sv1-20221122-S-25-1A      59906.161321 22-NOV-23 03:52:18.13      2.933280     5  16.00  16.10  43066.87203  0.0000000    1.0402   337.6850     0.0000    81.7122   -11.55      0.00420  0.0000000    0.0012     0.4554     0.0000     0.4553   3.34451891   -3.1552940   -60.790     1.029
svynov22_gto75     geo-0001:sv1-20221122-S-25-1B      59906.161575 22-NOV-23 03:52:40.08      2.200320     4  16.50  16.60  43015.10736  0.0000000    1.1084   350.4139     0.0000    69.0812   -10.89      0.00455  0.0000000    0.0032     0.4380     0.0000     0.4379   3.35064189   -3.1549881   -60.786     1.035
svynov22_gto75     geo-0001:sv1-20221122-S-29-1A      59906.195940 22-NOV-23 04:42:09.21      1.467360     3  17.10  17.20  43867.31832  0.0000000   19.3986    58.6304     0.0000     0.9447   -21.80      0.00547  0.0000000    0.0106     0.0009     0.0000     0.0017   3.31543935   -3.5201309   -73.161     0.314
svynov22_gto75     geo-0001:sv1-20221122-S-29-1B      59906.186518 22-NOV-23 04:28:35.15      2.933280     5  18.70  18.80  42918.13310  0.0000000    1.9926   296.0942     0.0000   122.9732    -9.65      0.00622  0.0000000    0.0068     0.2987     0.0000     0.2985   3.30191590   -2.3155324   -70.198     1.672
