Campaign           Name                              Osc_epoch     Date      Time        arcl [min]    # obs mag_c   mag_u  a(km)        e          i(dg)     raan(dg)   w(dg)      s(dg)      dn(dg/d) da(km)       de         di(dg)    draan(dg)  dw(dg)     ds(dg)     R.A.(h)      Decl.(dg)    lon(dg)   lat(dg)  
svyjan07_gto75     geo-0006:sv1-20070113-S-10-1A      54114.028116 07-JAN-14 00:40:29.22      3.300480     4  18.10  18.20  50129.85505  0.0000000   13.2376   341.4293     0.0000   149.2105  -101.96      0.02987  0.0000000    0.0433     0.1116     0.0000     0.1088   8.57178163    3.4003528     8.083     6.731
svyjan07           geo-0016:sv1-20070113-S-33-1A      54114.268915 07-JAN-14 06:27:14.25      3.100320     4  10.00  10.10  46116.50827  0.0000000   19.9746   119.0404     0.0000    29.1331   -50.59      0.02107  0.0000000    0.0339     0.0561     0.0000     0.0529   9.24142323    6.2114251   -63.469     9.573
svyjan07           geo-0007:sv1-20070114-S-1-1B       54114.815141 07-JAN-14 19:33:48.18      1.033920     2  17.50  17.70  42487.87323  0.0000000   13.3182     5.1668     0.0000    63.8933    -4.14      0.00000  0.0000000    0.0000     0.0000     0.0000     0.0000   4.54557524    8.4915603    21.102    11.938
svyjan07           geo-0008:sv1-20070114-S-1-1B       54114.815141 07-JAN-14 19:33:48.18      2.066400     3  18.50  18.80  40945.35743  0.0000000   12.9373     3.2771     0.0000    65.2066    15.61      0.00156  0.0000000    0.0014     0.0135     0.0000     0.0132   4.53290863    8.2722250    20.583    11.727
svyjan07           geo-0009:sv1-20070114-S-1-1B       54114.816576 07-JAN-14 19:35:52.16      5.166720     6  17.20  17.40  60002.07321  0.0000000   19.9753    38.6303     0.0000    32.6553  -228.32      0.02291  0.0000000    0.0269     0.0515     0.0000     0.0483   4.53261301    8.2250448    21.839    10.622
svyjan07           geo-0058:sv1-20070114-S-1-1B       54114.830210 07-JAN-14 19:55:30.14      1.033920     2  19.10  19.40  41402.53394  0.0000000   13.4127     8.2744     0.0000    61.0944     9.75      0.00000  0.0000000    0.0000     0.0000     0.0000     0.0000   4.54052448    8.3312148    15.918    11.716
svyjan07           geo-0065:sv1-20070114-S-1-1B       54114.830928 07-JAN-14 19:56:32.17      2.066400     3  18.10  18.40  41921.17563  0.0000000   12.2085   328.1480     0.0000   100.3436     3.11      0.00790  0.0000000    0.0031     0.0758     0.0000     0.0741   4.53514878    8.5555029    15.691    12.007
svyjan07           geo-0011:sv1-20070114-S-2-1A       54114.844527 07-JAN-14 20:16:07.13      2.066400     3  17.00  17.30  45776.56385  0.0000000   11.2235   344.7533     0.0000    84.0471   -46.23      0.00266  0.0000000    0.0005     0.0254     0.0000     0.0249   4.49333562    8.1952443    10.741    11.162
svyjan07           geo-0015:sv1-20070114-S-2-1A       54114.848115 07-JAN-14 20:21:17.13      2.066400     3  16.50  16.80  51446.10548  0.0000000   14.2120   297.1359     0.0000   131.3186  -118.80      0.00000  0.0000000    0.0000     0.0000     0.0000     0.0000   4.50039140    8.0518630    10.100    10.626
svyjan07           geo-0001:sv1-20070114-S-2-1B       54114.836275 07-JAN-14 20:04:14.16      2.067840     3  13.30  13.60  42490.40546  0.0000000   14.1348    10.8918     0.0000    57.9999    -4.17      0.00123  0.0000000    0.0013     0.0088     0.0000     0.0085   4.49464378    8.5705700    13.130    11.952
svyjan07           geo-0009:sv1-20070114-S-3-1A       54114.868486 07-JAN-14 20:50:37.19      2.066400     3  18.90  19.20  45166.47462  0.0000000   10.8564   338.5457     0.0000    90.1628   -38.43      0.00549  0.0000000    0.0003     0.0554     0.0000     0.0544   4.45265500    8.0055992     2.119    10.856
svyjan07           geo-0002:sv1-20070114-S-3-1B       54114.860951 07-JAN-14 20:39:46.16      1.033920     2  18.30  18.60  41650.04188  0.0000000   11.8914   347.2785     0.0000    81.0682     6.59      0.00000  0.0000000    0.0000     0.0000     0.0000     0.0000   4.45325081    8.4444759     4.282    11.745
svyjan07           geo-0005:sv1-20070114-S-4-1A       54114.890916 07-JAN-14 21:22:55.14      1.033920     2  18.50  18.90  45492.45486  0.0000000   10.9044   343.6572     0.0000    84.8358   -42.60      0.00000  0.0000000    0.0000     0.0000     0.0000     0.0000   4.39296085    8.0522745    -6.291    10.860
svyjan07           geo-0010:sv1-20070115-S-10-1B      54115.913996 07-JAN-15 21:56:09.25      2.066400     3  15.80  16.10  39580.00154  0.0000000   12.3966   356.0485     0.0000    72.8682    33.08      0.00326  0.0000000    0.0021     0.0322     0.0000     0.0315   4.34543965    8.4644390   -15.474    11.838
svyjan07           geo-0008:sv1-20070115-S-1-1A       54115.831357 07-JAN-15 19:57:09.24      3.100320     3  15.20  15.50  51302.43280  0.0000000   14.1949   297.2012     0.0000   130.7548  -116.97      0.00000  0.0000000    0.0000     0.0000     0.0000     0.0000   4.49597871    8.0738919    14.661    10.705
svyjan07           geo-0025:sv1-20070115-S-1-1A       54115.844274 07-JAN-15 20:15:45.27      3.100320     4  16.90  17.20  45726.04572  0.0000000   11.2215   344.6551     0.0000    84.3455   -45.59      0.00566  0.0000000    0.0010     0.0543     0.0000     0.0532   4.50038628    8.2021147    10.053    11.166
svyjan07           geo-0092:sv1-20070115-S-1-1B       54115.848221 07-JAN-15 20:21:26.29      2.066400     3  18.90  19.20  48773.10944  0.0000000   16.4517    26.3304     0.0000    44.2807   -84.59      0.06734  0.0000000    0.0841     0.2924     0.0000     0.2802   4.50450019    8.4853684     9.152    11.404
svyjan07           geo-0049:sv1-20070116-S-1-1B       54116.839446 07-JAN-16 20:08:48.13      1.033920     2  16.00  16.30  39596.76345  0.0000000   12.3874   355.9278     0.0000    73.0863    32.87      0.00000  0.0000000    0.0000     0.0000     0.0000     0.0000   4.51564293    8.3621593    10.554    11.844
svyjan07           geo-0013:sv1-20070116-S-3-1A       54116.860546 07-JAN-16 20:39:11.17      2.066400     3  18.00  18.30  42277.33636  0.0000000   11.1722   338.4829     0.0000    90.1037    -1.44      0.00813  0.0000000    0.0006     0.0860     0.0000     0.0844   4.46143203    8.0856155     2.891    11.172
svyjan07           geo-0018:sv1-20070116-S-3-1A       54116.863416 07-JAN-16 20:43:19.14      2.066400     3  18.20  18.50  41179.50524  0.0000000   13.4654    10.8886     0.0000    58.4188    12.61      0.00443  0.0000000    0.0049     0.0345     0.0000     0.0335   4.46005353    8.2234065     1.857    11.442
svyjan07           geo-0004:sv1-20070116-S-3-1B       54116.860904 07-JAN-16 20:39:42.10      2.066400     3  13.30  13.60  42500.19734  0.0000000   14.1169    10.7637     0.0000    58.4777    -4.30      0.00648  0.0000000    0.0069     0.0465     0.0000     0.0450   4.45308298    9.0727641     2.626    12.000
svyjan07           geo-0008:sv1-20070116-S-8-1A       54116.905767 07-JAN-16 21:44:18.26      1.033920     2  18.10  18.50  46217.18741  0.0000000   11.2170   341.8380     0.0000    86.5501   -51.87      0.00000  0.0000000    0.0000     0.0000     0.0000     0.0000   4.34561068    8.3242710   -13.701    11.196
svyjan07           geo-0006:sv1-20070116-S-8-1B       54116.903973 07-JAN-16 21:41:43.26      1.033920     2  18.60  19.00  40596.31109  0.0000000   11.9586   342.5837     0.0000    85.7022    20.07      0.00000  0.0000000    0.0000     0.0000     0.0000     0.0000   4.35016309    8.5803745   -13.183    11.924
svyjan07           geo-0017:sv1-20070117-S-11-1B      54117.926509 07-JAN-17 22:14:10.37      1.032480     2  17.80  18.10  41158.03199  0.0000000   13.3770     5.3441     0.0000    64.2380    12.88      0.00000  0.0000000    0.0000     0.0000     0.0000     0.0000   4.32391815    9.0748882   -21.535    12.026
svyjan07           geo-0030:sv1-20070117-S-1-1A       54117.843694 07-JAN-17 20:14:55.16      1.033920     2  18.90  19.20  42266.98760  0.0000000   11.1712   338.3927     0.0000    90.3466    -1.31      0.00000  0.0000000    0.0000     0.0000     0.0000     0.0000   4.49484759    8.0553237     8.146    11.171
svyjan07           geo-0039:sv1-20070117-S-1-1A       54117.846564 07-JAN-17 20:19:03.12      1.033920     2  18.00  18.30  40043.71635  0.0000000   12.1883   356.1081     0.0000    72.7783    27.15      0.00000  0.0000000    0.0000     0.0000     0.0000     0.0000   4.49068118    8.2656465     6.877    11.634
svyjan07           geo-0001:sv1-20070117-S-1-1B       54117.828983 07-JAN-17 19:53:44.13      1.033920     2  18.40  18.80  40637.52725  0.0000000   13.8200   308.8160     0.0000   118.5791    19.55      0.00000  0.0000000    0.0000     0.0000     0.0000     0.0000   4.50343253    8.5837501    12.818    12.109
svyjan07           geo-0017:sv1-20070117-S-47-1A      54118.252557 07-JAN-18 06:03:40.92      5.166720     6  13.50  13.60  63110.57025  0.0000000   22.0581   122.8791     0.0000    23.6023  -268.11      0.02216  0.0000000    0.0267     0.0316     0.0000     0.0294   9.23429225    6.1759979   -63.269     8.648
svyjan07           geo-0033:sv1-20070117-S-47-1A      54118.267627 07-JAN-18 06:25:22.97      2.066400     3  12.90  13.00  41619.58127  0.0000000   11.2346    34.5741     0.0000   112.5718     6.97      0.01184  0.0000000    0.0096     0.1166     0.0000     0.1143   9.24008431    6.4805438   -66.092    10.364
svyjan07           geo-0012:sv1-20070119-S-30-1A      54120.253637 07-JAN-20 06:05:14.23      1.033920     2  16.60  16.70  46638.28356  0.0000000   15.9927     3.3298     0.0000   142.0984   -57.26      0.00000  0.0000000    0.0000     0.0000     0.0000     0.0000   9.23386980    6.3427854   -64.036     9.744
svyjan07           geo-0014:sv1-20070119-S-30-1B      54120.259737 07-JAN-20 06:14:01.27      4.132800     3  16.30  16.30  55237.46077  0.0000000   22.6025   351.0209     0.0000   152.8513  -167.33      0.01818  0.0000000    0.0251     0.0333     0.0000     0.0306   9.23143830    7.2735805   -67.069    10.100
svyjan07           geo-0018:sv1-20070120-S-1-1A       54120.829806 07-JAN-20 19:54:55.23      1.033920     2  18.40  18.80  41163.43270  0.0000000   13.4710    10.9159     0.0000    58.2932    12.81      0.00000  0.0000000    0.0000     0.0000     0.0000     0.0000   4.50149581    8.1654142     9.946    11.431
svyjan07           geo-0013:sv1-20070120-S-2-1B       54120.853452 07-JAN-20 20:28:58.25      1.033920     2  19.20  19.50  40196.02770  0.0000000   12.3076   326.3621     0.0000   101.8925    25.20      0.00000  0.0000000    0.0000     0.0000     0.0000     0.0000   4.45514671    8.5918367     1.447    12.039
svyjan07           geo-0011:sv1-20070120-S-39-1A      54121.260824 07-JAN-21 06:15:35.19      2.064960     3  16.00  16.10  46635.87971  0.0000000   15.9619     3.4009     0.0000   142.0446   -57.23      0.00593  0.0000000    0.0087     0.0245     0.0000     0.0235   9.22369374    6.3123926   -67.602     9.738
svyjan07           geo-0012:sv1-20070120-S-39-1B      54121.266923 07-JAN-21 06:24:22.14      1.033920     2  16.10  16.20  34825.75022  0.0000000   12.9708    28.5705     0.0000   119.5592    93.94      0.00000  0.0000000    0.0000     0.0000     0.0000     0.0000   9.22367192    6.5904132   -67.567    11.259
svyjan07           geo-0005:sv1-20070120-S-6-1B       54120.907655 07-JAN-20 21:47:01.39      1.032480     2  13.40  13.80  42516.43303  0.0000000   14.0999    10.6628     0.0000    58.3910    -4.50      0.00000  0.0000000    0.0000     0.0000     0.0000     0.0000   4.31578074    9.1058889   -18.380    11.974
svyjan07           geo-0011:sv1-20070120-S-6-1B       54120.911960 07-JAN-20 21:53:13.34      1.033920     2  18.60  19.00  41201.00322  0.0000000   13.6699     6.3558     0.0000    62.9248    12.33      0.00000  0.0000000    0.0000     0.0000     0.0000     0.0000   4.32301324    9.1647245   -19.592    12.147
svyjan07           geo-0002:sv1-20070121-S-1-1A       54121.838522 07-JAN-21 20:07:28.30      1.033920     2  17.90  18.30  40749.22830  0.0000000   11.4444   334.8324     0.0000    93.4970    18.12      0.00000  0.0000000    0.0000     0.0000     0.0000     0.0000   4.47409623    8.1651469     5.725    11.423
svyjan07           geo-0003:sv1-20070121-S-1-1B       54121.840315 07-JAN-21 20:10:03.21      1.033920     2  17.50  17.90  41133.96759  0.0000000   13.3670     5.2356     0.0000    63.7687    13.19      0.00000  0.0000000    0.0000     0.0000     0.0000     0.0000   4.47044589    8.5710890     5.052    11.969
svyjan07           geo-0005:sv1-20070121-S-6-1A       54121.884457 07-JAN-21 21:13:37.08      3.100320     4  18.60  19.10  46385.05350  0.0000000   10.7105   337.8455     0.0000    90.3548   -54.02      0.00828  0.0000000    0.0005     0.0821     0.0000     0.0806   4.35571435    7.5937811   -11.051    10.710
svyjan07           geo-0007:sv1-20070121-S-6-1A       54121.888762 07-JAN-21 21:19:49.03      2.066400     3  17.40  17.80  44501.00351  0.0000000   14.1414    17.4291     0.0000    51.8401   -29.91      0.00284  0.0000000    0.0034     0.0178     0.0000     0.0172   4.36076143    8.1706905   -12.402    11.076
svyjan07           geo-0015:sv1-20070122-S-1-1A       54122.837329 07-JAN-22 20:05:45.22      2.066400     3  17.10  17.50  45297.37712  0.0000000   11.2147   344.8498     0.0000    83.8673   -40.10      0.00226  0.0000000    0.0005     0.0219     0.0000     0.0215   4.46408448    8.2002738     5.368    11.150
svyjan07           geo-0001:sv1-20070122-S-2-1A       54122.851288 07-JAN-22 20:25:51.28      2.066400     3  17.80  18.20  40876.71427  0.0000000   12.9329     4.8277     0.0000    63.6970    16.48      0.00473  0.0000000    0.0044     0.0406     0.0000     0.0395   4.42097206    8.3116600    -0.334    11.574
svyjan07           geo-0002:sv1-20070122-S-2-1B       54122.853082 07-JAN-22 20:28:26.28      1.032480     2  18.10  18.50  38722.50977  0.0000000   15.8986   296.9571     0.0000   130.0072    44.06      0.00000  0.0000000    0.0000     0.0000     0.0000     0.0000   4.43034180    8.5726482    -0.849    12.112
svyjan07           geo-0003:sv1-20070122-S-3-1A       54122.885338 07-JAN-22 21:14:53.20      1.033920     2  18.00  18.50  46373.36406  0.0000000   10.7088   337.6886     0.0000    91.0104   -53.87      0.00000  0.0000000    0.0000     0.0000     0.0000     0.0000   4.37330456    7.5927079   -11.844    10.707
svyjan07           geo-0010:sv1-20070122-S-3-1B       54122.882110 07-JAN-22 21:10:14.30      2.066400     3  18.50  19.00  41197.49789  0.0000000   13.6521     6.1888     0.0000    62.8923    12.38      0.01149  0.0000000    0.0110     0.0921     0.0000     0.0895   4.37170005    9.1506116   -10.986    12.128
svyjan07           geo-0014:sv1-20070122-S-3-1B       54122.887850 07-JAN-22 21:18:30.24      2.066400     3  17.70  18.20  42416.29058  0.0000000   12.0916   349.3706     0.0000    79.4730    -3.22      0.00329  0.0000000    0.0012     0.0317     0.0000     0.0309   4.36477193    9.0409127   -12.858    11.885
svyjan07           geo-0012:sv1-20070123-S-1-1A       54123.836265 07-JAN-23 20:04:13.29      2.066400     3  17.00  17.40  45229.40879  0.0000000   11.2147   344.8617     0.0000    83.7802   -39.23      0.00611  0.0000000    0.0013     0.0593     0.0000     0.0582   4.46024254    8.1958863     4.690    11.148
svyfeb07           geo-0002:sv1-20070213-S-11-1A      54144.929447 07-FEB-13 22:18:24.22      1.033920     2  18.90  18.90  39163.42749  0.0000000   24.0759    96.8712     0.0000    32.1188    38.41      0.00000  0.0000000    0.0000     0.0000     0.0000     0.0000   8.43149194    9.2232476     8.522    12.527
svyfeb07           geo-0006:sv1-20070213-S-1-1A       54144.851346 07-FEB-13 20:25:56.29      1.032480     2  17.10  17.10  41029.03287  0.0000000   12.0183    34.5633     0.0000    92.3464    14.53      0.00000  0.0000000    0.0000     0.0000     0.0000     0.0000   8.55539056    8.2902868    36.988    12.008
svyfeb07           geo-0014:sv1-20070213-S-1-1A       54144.855651 07-FEB-13 20:32:08.24      2.066400     3  18.10  18.10  48978.38265  0.0000000   13.1985    65.1723     0.0000    63.4428   -87.22      0.00338  0.0000000    0.0026     0.0232     0.0000     0.0226   8.55015186    8.5239768    36.468    11.785
svyfeb07           geo-0025:sv1-20070214-S-1-1A       54145.856796 07-FEB-14 20:33:47.17      2.066400     3  18.40  18.40  44619.77648  0.0000000   13.7252     7.9660     0.0000   118.9879   -31.43      0.01576  0.0000000    0.0148     0.1113     0.0000     0.1081   8.55376276    8.4818513    34.735    11.978
svyfeb07           geo-0012:sv1-20070214-S-2-1A       54145.869319 07-FEB-14 20:51:49.16      2.066400     3  18.10  18.10  44248.61759  0.0000000   13.9228     6.7019     0.0000   119.8955   -26.68      0.00355  0.0000000    0.0034     0.0247     0.0000     0.0240   8.53002654    8.5540943    29.893    12.040
svyfeb07           geo-0016:sv1-20070214-S-3-1B       54145.902294 07-FEB-14 21:39:18.20      1.033920     2  16.90  16.90  40489.06595  0.0000000   14.5875     7.7646     0.0000   118.6678    21.45      0.00000  0.0000000    0.0000     0.0000     0.0000     0.0000   8.49478333    9.3757005    17.878    12.767
svyfeb07           geo-0001:sv1-20070215-S-8-1B       54146.908197 07-FEB-15 21:47:48.22      2.066400     3  16.70  16.70  40438.85143  0.0000000   14.5923     7.7416     0.0000   118.2120    22.09      0.00417  0.0000000    0.0043     0.0313     0.0000     0.0303   8.46027766    9.4519730    14.275    12.827
svyfeb07           geo-0022:sv1-20070215-S-8-1B       54146.916809 07-FEB-15 22:00:12.29     12.399840     6  18.60  18.70  10565.43801  0.0000000   38.2510   324.3842     0.0000   161.7192   404.47      0.00000  0.0000000    0.0000     0.0000     0.0000     0.0000   8.45440931   10.0553732    14.264    11.198
svyfeb07           geo-0004:sv1-20070215-S-9-1A       54146.931808 07-FEB-15 22:21:48.21      1.033920     2  18.80  18.80  47217.38083  0.0000000   20.3506   341.1997     0.0000   144.4997   -64.68      0.00000  0.0000000    0.0000     0.0000     0.0000     0.0000   8.41585661    9.0103982     6.434    11.651
svyfeb07           geo-0003:sv1-20070216-S-10-1B      54147.921865 07-FEB-16 22:07:29.13      1.033920     2  18.10  18.10  42538.77232  0.0000000   13.0622    20.5684     0.0000   105.8375    -4.79      0.00000  0.0000000    0.0000     0.0000     0.0000     0.0000   8.42099150    9.4207299     8.417    12.558
svyfeb07           geo-0017:sv1-20070216-S-1-1A       54147.845546 07-FEB-16 20:17:35.17      1.033920     2  13.80  13.80  42863.87630  0.0000000   15.1176     0.2958     0.0000   126.2035    -8.95      0.00000  0.0000000    0.0000     0.0000     0.0000     0.0000   8.56319411    8.4840069    36.628    12.149
svyfeb07           geo-0009:sv1-20070216-S-1-1B       54147.840164 07-FEB-16 20:09:50.16      2.066400     3  15.20  15.30  43403.15025  0.0000000   14.6226     9.5951     0.0000   117.0139   -15.85      0.00367  0.0000000    0.0033     0.0256     0.0000     0.0248   8.56265434    9.4434490    38.485    12.997
svyfeb07           geo-0012:sv1-20070216-S-3-1B       54147.872386 07-FEB-16 20:56:14.15      2.066400     2  17.80  17.80  45128.54900  0.0000000   14.8689     3.9101     0.0000   122.8319   -37.94      0.00000  0.0000000    0.0000     0.0000     0.0000     0.0000   8.52446581    9.2949853    27.110    12.452
svyfeb07           geo-0006:sv1-20070217-S-1-1B       54148.836103 07-FEB-17 20:03:59.29      2.066400     3  17.40  17.50  45671.94640  0.0000000   12.5145    36.8586     0.0000    90.6028   -44.90      0.02951  0.0000000    0.0022     0.2560     0.0000     0.2499   8.55295457    9.2314552    39.061    12.514
svyfeb07           geo-0013:sv1-20070217-S-41-1A      54149.274817 07-FEB-18 06:35:44.18      2.066400     3  10.90  11.00  42566.55095  0.0000000   11.6272    35.5957     0.0000   138.5913    -5.15      0.00449  0.0000000    0.0069     0.0299     0.0000     0.0293  11.12016912    3.5255545   -72.009     7.661
svyfeb07           geo-0012:sv1-20070217-S-5-1A       54148.884401 07-FEB-17 21:13:32.24      1.033920     2  16.90  16.90  38124.91575  0.0000000   17.8069   348.9686     0.0000   136.2102    51.71      0.00000  0.0000000    0.0000     0.0000     0.0000     0.0000   8.50048920    8.4339161    20.732    12.218
svyfeb07           geo-0023:sv1-20070217-S-6-1A       54148.914795 07-FEB-17 21:57:18.28      1.033920     2  18.10  18.10  46088.10629  0.0000000   14.6212     3.7816     0.0000   123.5234   -50.22      0.00000  0.0000000    0.0000     0.0000     0.0000     0.0000   8.47461858    9.2717568    11.358    12.148
svyfeb07           geo-0031:sv1-20070218-S-2-1A       54149.851508 07-FEB-18 20:26:10.29      2.066400     3  18.30  18.40  44269.44111  0.0000000   13.9187     6.6413     0.0000   120.2799   -26.94      0.01611  0.0000000    0.0159     0.1117     0.0000     0.1085   8.55144320    8.4929874    32.709    11.989
svyfeb07           geo-0008:sv1-20070218-S-37-1A      54150.251994 07-FEB-19 06:02:52.28      1.033920     2  18.90  19.00  38148.28818  0.0000000    9.1549    61.7350     0.0000   113.4640    51.41      0.00000  0.0000000    0.0000     0.0000     0.0000     0.0000  11.14023329    4.1640918   -64.062     8.392
svyfeb07           geo-0002:sv1-20070218-S-37-1B      54150.246612 07-FEB-19 05:55:07.27      2.066400     3  17.60  17.60  41755.10018  0.0000000    9.3707    54.7698     0.0000   119.3870     5.24      0.00380  0.0000000    0.0039     0.0421     0.0000     0.0415  11.13059052    4.2516311   -63.101     8.156
svyfeb07           geo-0003:sv1-20070218-S-37-1B      54150.246612 07-FEB-19 05:55:07.27      1.033920     2  12.10  12.10  42518.22651  0.0000000    9.4911    55.1537     0.0000   119.0297    -4.53      0.00000  0.0000000    0.0000     0.0000     0.0000     0.0000  11.13431389    4.3834847   -63.068     8.290
svyfeb07           geo-0044:sv1-20070218-S-5-1B       54149.901355 07-FEB-18 21:37:57.07      1.033920     2  17.70  17.80  42442.19816  0.0000000   15.1296     4.0443     0.0000   122.7399    -3.55      0.00000  0.0000000    0.0000     0.0000     0.0000     0.0000   8.49076246    9.4459430    14.755    12.682
svyfeb07           geo-0008:sv1-20070218-S-7-1B       54149.931284 07-FEB-18 22:21:02.93      2.066400     3  16.00  16.10  40430.21514  0.0000000   14.6017     7.6308     0.0000   118.9704    22.20      0.00291  0.0000000    0.0031     0.0217     0.0000     0.0210   8.42401647    9.4751610     3.646    12.741
svyfeb07           geo-0012:sv1-20070218-S-7-1B       54149.933437 07-FEB-18 22:24:08.95      1.033920     2  18.40  18.40  42540.48158  0.0000000   13.0533    20.6677     0.0000   106.5555    -4.81      0.00000  0.0000000    0.0000     0.0000     0.0000     0.0000   8.42320642    9.4151425     3.101    12.503
svyfeb07           geo-0004:sv1-20070219-S-3-1A       54150.867004 07-FEB-19 20:48:29.14      2.066400     3  13.90  14.00  42775.95932  0.0000000   15.1211     0.2610     0.0000   125.7130    -7.83      0.00274  0.0000000    0.0032     0.0171     0.0000     0.0165   8.50353097    9.0540358    25.395    12.228
svyfeb07           geo-0009:sv1-20070219-S-3-1B       54150.877409 07-FEB-19 21:03:28.13      2.066400     3  12.80  12.90  45262.76537  0.0000000   16.6904   354.5369     0.0000   131.8208   -39.66      0.00269  0.0000000    0.0034     0.0131     0.0000     0.0126   8.50361960    9.2858597    22.289    12.359
svyfeb07           geo-0027:sv1-20070220-S-5-1A       54151.899864 07-FEB-20 21:35:48.24      1.033920     2  18.80  18.80  42407.77432  0.0000000   13.1568    15.6398     0.0000   111.4010    -3.11      0.00000  0.0000000    0.0000     0.0000     0.0000     0.0000   8.47437477    9.1538550    13.175    12.235
svyfeb07           geo-0003:sv1-20070221-S-1-1A       54152.836473 07-FEB-21 20:04:31.26      2.066400     2  18.40  18.50  44246.42284  0.0000000   13.9113     6.6637     0.0000   119.9334   -26.65      0.00000  0.0000000    0.0000     0.0000     0.0000     0.0000   8.54361139    8.4929895    34.849    12.026
svyfeb07           geo-0025:sv1-20070221-S-1-1A       54152.846519 07-FEB-21 20:18:59.24      1.033920     2  18.00  18.10  34228.88365  0.0000000   14.0812    11.1682     0.0000   114.0629   101.58      0.00000  0.0000000    0.0000     0.0000     0.0000     0.0000   8.54592559    8.4640439    29.771    12.836
svyfeb07           geo-0005:sv1-20070221-S-1-1B       54152.837549 07-FEB-21 20:06:04.23      2.066400     3  12.40  12.50  42579.42293  0.0000000   14.7050     5.3399     0.0000   120.8548    -5.31      0.00886  0.0000000    0.0092     0.0603     0.0000     0.0584   8.54192995    9.1846595    34.162    12.587
svyfeb07           geo-0004:sv1-20070221-S-49-1A      54153.255777 07-FEB-22 06:08:19.13      1.033920     2  17.20  17.20  52312.76693  0.0000000   14.7074    22.7442     0.0000   149.9803  -129.90      0.00000  0.0000000    0.0000     0.0000     0.0000     0.0000  11.12512087    4.1543982   -70.309     7.297
svyfeb07           geo-0007:sv1-20070221-S-49-1B      54153.259724 07-FEB-22 06:14:00.15      2.066400     3  17.50  17.50  42766.92708  0.0000000   15.6854    26.0820     0.0000   147.6359    -7.71      0.02468  0.0000000    0.0424     0.0993     0.0000     0.0952  11.12106421    4.3741817   -70.586     8.321
svyfeb07           geo-0009:sv1-20070221-S-4-1A       54152.885951 07-FEB-21 21:15:46.16      2.067840     3  16.70  16.80  40168.65894  0.0000000   12.0371    34.9017     0.0000    91.9375    25.55      0.00834  0.0000000    0.0010     0.0867     0.0000     0.0848   8.47511854    8.4704916    16.531    12.030
svyfeb07           geo-0017:sv1-20070221-S-4-1A       54152.893844 07-FEB-21 21:27:08.12      1.033920     2  18.40  18.50  46037.22238  0.0000000   14.5971     3.8918     0.0000   123.3272   -49.57      0.00000  0.0000000    0.0000     0.0000     0.0000     0.0000   8.49038856    9.2459685    14.886    12.156
svyfeb07           geo-0020:sv1-20070221-S-4-1A       54152.895280 07-FEB-21 21:29:12.19      2.066400     3  18.60  18.60  42407.68260  0.0000000   13.1710    15.4906     0.0000   111.5018    -3.11      0.00314  0.0000000    0.0024     0.0261     0.0000     0.0254   8.47518229    9.1526741    13.799    12.240
svyfeb07           geo-0005:sv1-20070221-S-5-1B       54152.911680 07-FEB-21 21:52:49.15      2.066400     3  18.30  18.30  42360.08836  0.0000000   15.1044     4.1907     0.0000   121.9875    -2.50      0.01671  0.0000000    0.0182     0.1108     0.0000     0.1070   8.42519117    9.5630479     7.451    12.769
svyfeb07           geo-0014:sv1-20070221-S-5-1B       54152.920291 07-FEB-21 22:05:13.14      1.033920     2  14.90  15.00  43424.41174  0.0000000   14.6631     9.2385     0.0000   117.8858   -16.13      0.00000  0.0000000    0.0000     0.0000     0.0000     0.0000   8.44322519   10.1353929     5.168    12.929
svyfeb07           geo-0009:sv1-20070222-S-2-1B       54153.850512 07-FEB-22 20:24:44.23      2.066400     2  13.50  13.50  42567.21321  0.0000000   14.7094     5.3185     0.0000   120.9724    -5.15      0.00000  0.0000000    0.0000     0.0000     0.0000     0.0000   8.52480720    9.2419412    28.595    12.575
svyfeb07           geo-0016:sv1-20070222-S-5-1A       54153.887643 07-FEB-22 21:18:12.35      1.032480     2  17.80  17.90  34466.96859  0.0000000   14.0872    10.9697     0.0000   114.7360    98.53      0.00000  0.0000000    0.0000     0.0000     0.0000     0.0000   8.48304687    9.0313428    14.429    12.772
svyfeb07           geo-0021:sv1-20070222-S-5-1A       54153.890513 07-FEB-22 21:22:20.32      2.066400     3  18.60  18.70  42410.47966  0.0000000   13.1643    15.5777     0.0000   111.3104    -3.15      0.00852  0.0000000    0.0064     0.0709     0.0000     0.0690   8.47445646    9.1537228    14.426    12.250
svyfeb07           geo-0023:sv1-20070222-S-5-1A       54153.891231 07-FEB-22 21:23:22.35      2.066400     3  13.50  13.60  42732.77464  0.0000000   15.1474     0.1111     0.0000   126.3279    -7.27      0.00424  0.0000000    0.0051     0.0263     0.0000     0.0254   8.47274854    9.1046293    14.168    12.153
svyfeb07           geo-0007:sv1-20070222-S-5-1B       54153.888719 07-FEB-22 21:19:45.32      2.066400     3  18.80  18.80  43115.60121  0.0000000   15.0463     2.7890     0.0000   123.6112   -12.17      0.00471  0.0000000    0.0052     0.0301     0.0000     0.0291   8.47224879    9.3435179    14.991    12.486
svymar07           geo-0011:sv1-20070312-S-13-1A      54171.954053 07-MAR-12 22:53:50.17      2.066400     3  17.50  17.60  45415.17158  0.0000000   19.0346     5.5814     0.0000   150.7214   -41.61      0.00846  0.0000000    0.0140     0.0238     0.0000     0.0226  10.42044750    6.0557323     3.994     9.178
svymar07           geo-0006:sv1-20070312-S-6-1A       54171.887709 07-MAR-12 21:18:18.05      1.033920     2  19.00  19.00  42146.54265  0.0000000   10.4203    44.2642     0.0000   112.6615     0.23      0.00000  0.0000000    0.0000     0.0000     0.0000     0.0000  10.52541901    6.0527026    27.553     9.608
svymar07           geo-0020:sv1-20070312-S-6-1A       54171.894885 07-MAR-12 21:28:38.06      2.066400     3  13.60  13.60  42597.81620  0.0000000   13.7211    20.7820     0.0000   135.8321    -5.55      0.00459  0.0000000    0.0067     0.0271     0.0000     0.0263  10.52229873    6.0318644    25.139     9.513
svymar07           geo-0001:sv1-20070312-S-6-1B       54171.880892 07-MAR-12 21:08:29.06      2.066400     3  18.60  18.60  57388.96624  0.0000000    9.4804    78.4870     0.0000    80.4240  -194.87      0.12211  0.0000000    0.0297     1.0722     0.0000     1.0573  10.53141112    6.4711712    31.528     9.347
svymar07           geo-0014:sv1-20070312-S-6-1B       54171.894526 07-MAR-12 21:28:07.04      1.033920     2  17.80  17.80  38732.96492  0.0000000   10.9602    50.7906     0.0000   105.7920    43.92      0.00000  0.0000000    0.0000     0.0000     0.0000     0.0000  10.52276060    6.4936240    24.686    10.542
svymar07           geo-0013:sv1-20070315-S-7-1A       54174.924329 07-MAR-15 22:11:02.02      2.066400     3  18.30  18.30  42437.11156  0.0000000   11.8130    27.9066     0.0000   128.9712    -3.49      0.00157  0.0000000    0.0020     0.0121     0.0000     0.0118  10.46220811    5.4623884    11.589     9.158
svymar07           geo-0010:sv1-20070315-S-7-1B       54174.918230 07-MAR-15 22:02:15.07      1.032480     2  14.60  14.70  42610.77378  0.0000000   11.6817    35.5103     0.0000   121.4337    -5.71      0.00000  0.0000000    0.0000     0.0000     0.0000     0.0000  10.47270475    6.4001572    13.792     9.948
svymar07           geo-0005:sv1-20070316-S-3-1B       54175.921450 07-MAR-16 22:06:53.28      2.066400     3  14.60  14.70  42584.33848  0.0000000   11.6977    35.3860     0.0000   121.0753    -5.37      0.00275  0.0000000    0.0029     0.0235     0.0000     0.0230  10.44117153    6.4456243    11.159    10.000
svymar07           geo-0009:sv1-20070316-S-4-1A       54175.947248 07-MAR-16 22:44:02.22      2.066400     3  12.90  12.90  42593.11590  0.0000000   13.5889    21.3005     0.0000   134.9653    -5.49      0.00149  0.0000000    0.0021     0.0090     0.0000     0.0088  10.39287374    6.1935650     1.930     9.569
svyapr07           geo-0009:sv1-20070411-S-2-1A       54201.882976 07-APR-11 21:11:29.12      2.066400     3  16.30  16.30  49562.09393  0.0000000    5.6434   110.0303     0.0000    80.5537   -94.69      0.00393  0.0000000    0.0011     0.0676     0.0000     0.0673  13.03334672    2.1436204    32.964     5.567
svyapr07           geo-0029:sv1-20070411-S-2-1B       54201.891946 07-APR-11 21:24:24.13      2.066400     3  17.00  17.00  43228.96688  0.0000000    7.0239    85.1356     0.0000   104.7173   -13.63      0.00889  0.0000000    0.0046     0.1396     0.0000     0.1385  13.03247542    3.0409196    29.147     6.792
svyapr07           geo-0001:sv1-20070411-S-30-1B      54202.227307 07-APR-12 05:27:19.32      1.033920     2  15.60  15.60  33570.91925  0.0000000   11.3857    65.2594     0.0000   154.2091   110.00      0.00000  0.0000000    0.0000     0.0000     0.0000     0.0000  14.08446471   -0.1418212   -61.961     4.927
svyapr07           geo-0027:sv1-20070412-S-38-1A      54203.219444 07-APR-13 05:15:59.96      2.066400     3  17.30  17.40  42802.86553  0.0000000    4.6369    77.0961     0.0000   141.4307    -8.17      0.00629  0.0000000    0.0099     0.0972     0.0000     0.0968  14.11073233   -1.1500015   -61.402     2.889
svyapr07           geo-0006:sv1-20070413-S-1-1A       54203.862800 07-APR-13 20:42:25.92      1.033920     2  13.50  13.50  31166.38831  0.0000000   10.2313    57.3757     0.0000   129.1861   140.78      0.00000  0.0000000    0.0000     0.0000     0.0000     0.0000  13.04308443    2.3847900    34.750     7.913
svyapr07           geo-0004:sv1-20070413-S-2-1B       54203.887837 07-APR-13 21:18:29.11      1.033920     2  17.20  17.20  60053.97897  0.0000000    7.0108   140.2186     0.0000    51.7037  -228.99      0.00000  0.0000000    0.0000     0.0000     0.0000     0.0000  13.03399749    2.4755253    30.412     5.497
svyapr07           geo-0007:sv1-20070415-S-1-1B       54205.872363 07-APR-15 20:56:12.16      5.166720     6  12.10  12.10  63473.76766  0.0000000    5.3307   112.1353     0.0000    79.6757  -272.76      0.01225  0.0000000    0.0028     0.1706     0.0000     0.1699  13.03449459    2.4019593    34.081     5.244
svyapr07           geo-0001:sv1-20070417-S-1-1B       54207.857735 07-APR-17 20:35:08.30      2.066400     3  17.90  18.00  43579.40479  0.0000000    9.8734    51.5776     0.0000   137.7498   -18.11      0.00464  0.0000000    0.0068     0.0356     0.0000     0.0351  13.04233230    2.5239812    35.376     6.620
svyapr07           geo-0013:sv1-20070417-S-41-1A      54208.220701 07-APR-18 05:17:48.56      1.033920     2  15.60  15.70  38248.58695  0.0000000    3.8113   118.5166     0.0000   100.4975    50.12      0.00000  0.0000000    0.0000     0.0000     0.0000     0.0000  14.07481565   -0.5006260   -66.365     3.747
svyapr07           geo-0014:sv1-20070417-S-41-1A      54208.221418 07-APR-18 05:18:50.51      2.066400     3  16.20  16.20  42721.61899  0.0000000    5.3334    75.5381     0.0000   142.5452    -7.13      0.00963  0.0000000    0.0154     0.1266     0.0000     0.1259  14.07213101   -0.5143797   -67.458     3.240
svymay07           geo-0047:sv1-20070524-S-1-1A       54244.927572 07-MAY-24 22:15:42.22      2.066400     3  12.10  12.10  42329.07759  0.0000000   10.4929   296.6691     0.0000   285.6128    -2.11      0.01668  0.0000000    0.0095     0.1776     0.0000     0.1746  15.03569604  -15.5535231     6.478   -10.102
svymay07           geo-0003:sv1-20070524-S-1-1B       54244.914297 07-MAY-24 21:56:35.26      2.066400     3  16.00  16.00  41561.25897  0.0000000   10.7116   336.9011     0.0000   245.3611     7.72      0.00454  0.0000000    0.0039     0.0457     0.0000     0.0449  15.03517008  -15.3253978    10.615    -9.726
svymay07           geo-0017:sv1-20070524-S-1-1B       54244.920755 07-MAY-24 22:05:53.23      2.066400     3  18.20  18.20  41518.49513  0.0000000   10.8700   336.7190     0.0000   245.8163     8.27      0.00452  0.0000000    0.0038     0.0451     0.0000     0.0443  15.03504852  -15.4744043     8.550    -9.906
svymay07           geo-0004:sv1-20070524-S-26-1B      54245.195859 07-MAY-25 04:42:02.21      2.066400     3  13.30  13.70  42170.36039  0.0000000   13.5473     7.1041     0.0000   290.3108    -0.08      0.00639  0.0000000    0.0046     0.0516     0.0000     0.0502  19.52490145  -19.0322434   -14.957   -12.690
svymay07           geo-0011:sv1-20070524-S-26-1B      54245.199447 07-MAY-25 04:47:12.22      2.066400     3  18.50  18.90  43003.53638  0.0000000   14.6119   359.1816     0.0000   298.1291   -10.74      0.00529  0.0000000    0.0050     0.0365     0.0000     0.0353  19.52422694  -19.0607457   -16.098   -12.854
svyjun07           geo-0022:sv1-20070623-S-9-1B       54274.953359 07-JUN-23 22:52:50.21      2.066400     3  17.10  17.20  39383.12646  0.0000000   12.7355     1.1060     0.0000   239.1853    35.60      0.00498  0.0000000    0.0056     0.0427     0.0000     0.0416  15.59318175  -17.3412321   -15.274   -10.914
svyjul07           geo-0003:sv1-20070714-S-32-1B      54296.207803 07-JUL-15 04:59:14.17      2.066400     3  15.80  15.90  43060.24843  0.0000000   11.7193    29.0100     0.0000   282.6663   -11.47      0.00332  0.0000000    0.0015     0.0313     0.0000     0.0307  20.26235463  -16.5321483   -55.546   -11.430
svyjul07           geo-0022:sv1-20070715-S-1-1A       54296.895663 07-JUL-15 21:29:45.28      2.066400     3  16.80  17.20  40902.22792  0.0000000   13.1447   350.6506     0.0000   254.4958    16.16      0.00553  0.0000000    0.0032     0.0491     0.0000     0.0479  16.22376439  -19.1355817   -11.041   -12.658
svyjul07           geo-0015:sv1-20070715-S-31-1B      54297.220350 07-JUL-16 05:17:18.24      1.032480     2  17.50  17.50  41204.81714  0.0000000   11.8101    39.1063     0.0000   273.4578    12.28      0.00000  0.0000000    0.0000     0.0000     0.0000     0.0000  20.26042613  -17.2300503   -60.359   -11.788
svyjul07           geo-0001:sv1-20070716-S-27-1B      54298.188012 07-JUL-17 04:30:44.23      1.033920     2  18.20  18.30  40839.58710  0.0000000   11.8700    30.1996     0.0000   281.6480    16.96      0.00000  0.0000000    0.0000     0.0000     0.0000     0.0000  20.28135902  -17.3432221   -50.215   -11.622
svyjul07           geo-0028:sv1-20070716-S-5-1A       54297.936739 07-JUL-16 22:28:54.24      2.066400     3  18.10  18.40  43929.55515  0.0000000   14.2020   353.9168     0.0000   251.4375   -22.59      0.00482  0.0000000    0.0030     0.0359     0.0000     0.0348  16.13062626  -19.3405679   -26.793   -13.449
svyjul07           geo-0037:sv1-20070716-S-5-1B       54297.939251 07-JUL-16 22:32:31.28      1.032480     2  17.90  18.30  37582.56438  0.0000000   11.6596   337.8516     0.0000   267.5079    58.65      0.00000  0.0000000    0.0000     0.0000     0.0000     0.0000  16.13384259  -18.4209776   -27.204   -11.648
svyaug07           geo-0020:sv1-20070807-S-1-1A       54319.883475 07-AUG-07 21:12:12.24      3.100320     4  15.10  15.10  49934.17766  0.0000000   21.2150   340.2781     0.0000   315.8662   -99.45      0.06351  0.0000000    0.0770     0.2041     0.0000     0.1900  20.11367246  -19.2531318    24.089   -14.595
svyaug07           geo-0004:sv1-20070807-S-1-1B       54319.880964 07-AUG-07 21:08:35.28      2.066400     3  18.00  18.00  46188.75270  0.0000000   14.1138     7.6073     0.0000   289.5163   -51.51      0.00402  0.0000000    0.0025     0.0283     0.0000     0.0274  20.11288619  -18.2547197    24.529   -13.288
svyaug07           geo-0032:sv1-20070807-S-1-1B       54319.887423 07-AUG-07 21:17:53.34      2.066400     3  16.40  16.40  42106.47153  0.0000000   14.0035     6.6853     0.0000   290.1419     0.74      0.00289  0.0000000    0.0021     0.0226     0.0000     0.0219  20.11245068  -18.5238419    21.906   -13.131
svyaug07           geo-0007:sv1-20070807-S-30-1A      54320.189120 07-AUG-08 04:32:19.96      1.033920     2  15.40  15.50  31362.04997  0.0000000   14.4273    16.9386     0.0000   327.8379   138.27      0.00000  0.0000000    0.0000     0.0000     0.0000     0.0000  22.43373839  -15.2519911   -38.797    -7.621
svyaug07           geo-0001:sv1-20070807-S-31-1B      54320.228727 07-AUG-08 05:29:22.01      1.033920     2  13.60  13.70  35294.81870  0.0000000   17.9298    11.3920     0.0000   333.1775    87.93      0.00000  0.0000000    0.0000     0.0000     0.0000     0.0000  22.37466067  -14.2901890   -52.991    -7.985
svyaug07           geo-0006:sv1-20070807-S-4-1B       54319.915594 07-AUG-07 21:58:27.32      1.032480     2  18.90  18.90  45242.52463  0.0000000   15.3801   357.2183     0.0000   299.2754   -39.40      0.00000  0.0000000    0.0000     0.0000     0.0000     0.0000  20.05117521  -18.5917827    11.738   -13.376
svyaug07           geo-0032:sv1-20070807-S-6-1A       54319.951691 07-AUG-07 22:50:26.10      2.066400     3  14.30  14.40  44009.64975  0.0000000   15.4382     2.6252     0.0000   294.0458   -23.62      0.00606  0.0000000    0.0049     0.0399     0.0000     0.0385  19.59006812  -20.1032399    -1.222   -14.069
svyaug07           geo-0035:sv1-20070807-S-6-1A       54319.953126 07-AUG-07 22:52:30.08      1.033920     2  18.50  18.60  41995.02570  0.0000000   14.0306     8.1827     0.0000   288.8759     2.17      0.00000  0.0000000    0.0000     0.0000     0.0000     0.0000  19.59464543  -19.3643603    -1.608   -13.262
svyaug07           geo-0042:sv1-20070807-S-6-1A       54319.958867 07-AUG-07 23:00:46.10      1.032480     2  16.90  17.00  41533.18302  0.0000000   14.1901     6.6800     0.0000   290.5652     8.08      0.00000  0.0000000    0.0000     0.0000     0.0000     0.0000  19.59434587  -19.4327212    -3.440   -13.269
svyaug07           geo-0002:sv1-20070808-S-1-1A       54320.879678 07-AUG-08 21:06:44.17      2.067840     3  13.30  13.30  42681.37213  0.0000000   14.2633     9.4651     0.0000   287.4477    -6.62      0.00552  0.0000000    0.0034     0.0424     0.0000     0.0411  20.12046227  -19.1355122    23.757   -13.594
svyaug07           geo-0007:sv1-20070808-S-1-1B       54320.877884 07-AUG-08 21:04:09.17      3.098880     4  18.30  18.30  46160.46502  0.0000000   14.1109     7.6104     0.0000   289.4906   -51.15      0.00334  0.0000000    0.0021     0.0235     0.0000     0.0228  20.11264295  -18.2545926    24.631   -13.287
svyaug07           geo-0053:sv1-20070808-S-1-1B       54320.887213 07-AUG-08 21:17:35.20      2.066400     3  13.30  13.40  42858.78997  0.0000000   13.0672    34.0293     0.0000   263.7797    -8.89      0.00589  0.0000000    0.0014     0.0512     0.0000     0.0498  20.11415626  -18.3813329    21.249   -12.989
svyaug07           geo-0003:sv1-20070808-S-31-1A      54321.212804 07-AUG-09 05:06:26.26      1.033920     2  13.90  14.00  35261.06844  0.0000000   17.9720    11.2623     0.0000   332.8739    88.36      0.00000  0.0000000    0.0000     0.0000     0.0000     0.0000  22.38311262  -14.4351807   -48.648    -8.087
svyaug07           geo-0008:sv1-20070808-S-4-1B       54320.933326 07-AUG-08 22:23:59.36      2.066400     3  16.30  16.40  40663.65647  0.0000000   14.1826   359.4752     0.0000   297.0499    19.21      0.00333  0.0000000    0.0032     0.0254     0.0000     0.0246  20.02161879  -19.0030062     4.208   -12.604
svyaug07           geo-0001:sv1-20070809-S-1-1B       54321.874726 07-AUG-09 20:59:36.32      2.066400     3  18.60  18.60  46149.18045  0.0000000   14.1098     7.6090     0.0000   289.4470   -51.00      0.00369  0.0000000    0.0023     0.0260     0.0000     0.0252  20.11181557  -18.2549135    24.740   -13.290
svyaug07           geo-0011:sv1-20070809-S-1-1B       54321.881902 07-AUG-09 21:09:56.33      2.066400     3  19.20  19.20  48622.29930  0.0000000   20.2736   340.1022     0.0000   316.0622   -82.66      0.04805  0.0000000    0.0601     0.1658     0.0000     0.1553  20.10538256  -18.5244867    22.527   -13.912
svyaug07           geo-0065:sv1-20070809-S-1-1B       54321.887642 07-AUG-09 21:18:12.26      2.066400     2  16.80  16.80  42130.70631  0.0000000   14.0149     6.5991     0.0000   290.3659     0.43      0.00000  0.0000000    0.0000     0.0000     0.0000     0.0000  20.11068796  -18.5530846    20.000   -13.123
svyaug07           geo-0011:sv1-20070809-S-28-1A      54322.200370 07-AUG-10 04:48:31.96      1.033920     2  18.70  18.80  30699.40135  0.0000000   16.5579   141.8719     0.0000   205.2222   146.75      0.00000  0.0000000    0.0000     0.0000     0.0000     0.0000  22.41182073  -14.4307966   -44.256    -6.975
svyaug07           geo-0010:sv1-20070809-S-2-1A       54321.902677 07-AUG-09 21:39:51.29      1.033920     2  13.20  13.20  42133.17904  0.0000000   16.6177   353.2317     0.0000   303.1206     0.40      0.00000  0.0000000    0.0000     0.0000     0.0000     0.0000  20.08192057  -19.5316449    14.516   -13.858
svyaug07           geo-0035:sv1-20070809-S-2-1A       54321.912005 07-AUG-09 21:53:17.23      1.033920     2  19.40  19.40  42215.17140  0.0000000   14.1683     6.5794     0.0000   290.6611    -0.65      0.00000  0.0000000    0.0000     0.0000     0.0000     0.0000  20.08049841  -19.1659564    11.500   -13.240
svyaug07           geo-0006:sv1-20070809-S-2-1B       54321.904471 07-AUG-09 21:42:26.29      2.066400     3  16.60  16.60  40674.23671  0.0000000   14.1885   359.4574     0.0000   297.0802    19.08      0.01006  0.0000000    0.0098     0.0767     0.0000     0.0743  20.07381851  -18.4644141    13.652   -12.606
svyaug07           geo-0025:sv1-20070809-S-3-1A       54321.934506 07-AUG-09 22:25:41.31      3.098880     4  18.90  18.90  50630.11377  0.0000000   14.4584    32.7545     0.0000   265.4301  -108.36      0.03353  0.0000000    0.0054     0.2197     0.0000     0.2127  20.02172123  -19.3642601     3.582   -14.411
svyaug07           geo-0007:sv1-20070809-S-3-1B       54321.929124 07-AUG-09 22:17:56.31      1.033920     2  14.10  14.10  42835.72248  0.0000000   13.0696    34.2720     0.0000   263.3611    -8.59      0.00000  0.0000000    0.0000     0.0000     0.0000     0.0000  20.02462451  -19.0303831     4.947   -12.980
svyaug07           geo-0006:sv1-20070809-S-3-1B       54321.929841 07-AUG-09 22:18:58.26      2.066400     3  17.30  17.30  42931.66008  0.0000000   14.5551   358.4206     0.0000   298.3342    -9.82      0.01358  0.0000000    0.0130     0.0940     0.0000     0.0910  20.02579447  -18.4906515     4.773   -12.780
svyaug07           geo-0009:sv1-20070809-S-3-1B       54321.932712 07-AUG-09 22:23:06.31      2.066400     3  18.90  18.90  41942.56803  0.0000000   13.7582     4.8809     0.0000   292.0347     2.84      0.00427  0.0000000    0.0034     0.0338     0.0000     0.0328  20.02315753  -18.5653433     3.696   -12.736
svyaug07           geo-0002:sv1-20070809-S-4-1B       54321.943012 07-AUG-09 22:37:56.23      2.066400     3  18.80  18.90  41076.11423  0.0000000   13.4783    10.5767     0.0000   285.7360    13.93      0.00946  0.0000000    0.0056     0.0813     0.0000     0.0790  19.57039741  -19.2536158    -0.789   -12.964
svyoct07           geo-0002:sv1-20071006-S-3-1B       54379.880845 07-OCT-06 21:08:25.00      2.066400     3  17.50  17.60  43163.08504  0.0000000   18.9376    12.7997     0.0000   330.3992   -12.78      0.02814  0.0000000    0.0487     0.0848     0.0000     0.0800  23.14413842  -14.4302391    12.298    -9.225
svyoct07           geo-0023:sv1-20071006-S-3-1B       54379.896632 07-OCT-06 21:31:09.00      2.066400     3  17.90  18.00  41296.53637  0.0000000    9.0011    54.6434     0.0000   290.2160    11.11      0.01352  0.0000000    0.0100     0.1681     0.0000     0.1660  23.14524897  -14.1320697     7.141    -8.442
svyoct07           geo-0003:sv1-20071006-S-47-1B      54380.243889 07-OCT-07 05:51:12.00      1.033920     2  18.60  18.60  42295.69929  0.0000000   14.4171   356.5557     0.0000    43.8555    -1.68      0.00000  0.0000000    0.0000     0.0000     0.0000     0.0000   2.13063151    6.2545340   -63.808     9.933
svyoct07           geo-0009:sv1-20071006-S-47-1B      54380.251065 07-OCT-07 06:01:32.01      2.066400     3  18.20  18.30  41028.14643  0.0000000   14.9060   355.7484     0.0000    45.1550    14.55      0.01355  0.0000000    0.0200     0.0788     0.0000     0.0762   2.13095465    6.5440649   -65.972    10.509
svyoct07           geo-0006:sv1-20071006-S-5-1A       54379.914076 07-OCT-06 21:56:16.16      2.066400     3  13.20  13.40  42453.11612  0.0000000    9.7667    54.6413     0.0000   289.8512    -3.69      0.00221  0.0000000    0.0015     0.0246     0.0000     0.0243  23.09250378  -14.5803555     0.515    -9.181
svyoct07           geo-0023:sv1-20071010-S-10-1A      54383.941473 07-OCT-10 22:35:43.26      2.066400     3  14.90  15.10  42429.71099  0.0000000    9.7652    54.5975     0.0000   290.0559    -3.39      0.00149  0.0000000    0.0011     0.0167     0.0000     0.0164  23.01499481  -15.0349636   -13.155    -9.168
svyoct07           geo-0001:sv1-20071010-S-53-1B      54384.227248 07-OCT-11 05:27:14.22      1.033920     2  19.10  19.10  43365.92511  0.0000000   14.2730   353.8506     0.0000    46.2779   -15.38      0.00000  0.0000000    0.0000     0.0000     0.0000     0.0000   2.13192766    6.5447768   -62.009    10.264
svyoct07           geo-0006:sv1-20071010-S-53-1B      54384.232989 07-OCT-11 05:35:30.24      1.033920     2  15.80  15.80  40982.55849  0.0000000   11.0779   333.0557     0.0000    67.2961    15.13      0.00000  0.0000000    0.0000     0.0000     0.0000     0.0000   2.14152824    6.3656871   -63.347    10.210
svyoct07           geo-0014:sv1-20071010-S-53-1B      54384.244472 07-OCT-11 05:52:02.38      2.064960     3  15.40  15.50  42339.66320  0.0000000   14.2709   355.0746     0.0000    45.6423    -2.24      0.01219  0.0000000    0.0172     0.0720     0.0000     0.0699   2.13078380    6.3711319   -67.638    10.151
svyoct07           geo-0008:sv1-20071010-S-6-1B       54383.891868 07-OCT-10 21:24:17.39      1.032480     2  18.80  19.00  42866.36372  0.0000000   13.8186    25.5424     0.0000   318.4141    -8.98      0.00000  0.0000000    0.0000     0.0000     0.0000     0.0000  23.11435170  -14.4654644     4.618    -9.122
svyoct07           geo-0009:sv1-20071011-S-23-1B      54385.215837 07-OCT-12 05:10:48.31      1.032480     2  19.20  19.20  43297.68476  0.0000000   14.2230   353.5967     0.0000    47.0787   -14.50      0.00000  0.0000000    0.0000     0.0000     0.0000     0.0000   2.16531734    7.0409329   -58.321    10.365
svyoct07           geo-0020:sv1-20071011-S-23-1B      54385.220142 07-OCT-12 05:17:00.26      2.066400     3  18.40  18.40  45820.78032  0.0000000   15.0893   358.3525     0.0000    42.1300   -46.80      0.00670  0.0000000    0.0092     0.0323     0.0000     0.0312   2.16222177    6.5431690   -60.176    10.057
svyoct07           geo-0002:sv1-20071013-S-43-1A      54387.211747 07-OCT-14 05:04:54.94      2.066400     3  13.30  13.30  42544.00784  0.0000000   15.1945     1.9925     0.0000    38.5305    -4.86      0.00295  0.0000000    0.0046     0.0143     0.0000     0.0138   2.15133163    5.5500279   -59.068     9.397
svyoct07           geo-0003:sv1-20071013-S-43-1A      54387.215335 07-OCT-14 05:10:04.94      2.066400     3  17.80  17.90  48117.60055  0.0000000   16.5553     7.2276     0.0000    32.8118   -76.20      0.01109  0.0000000    0.0164     0.0375     0.0000     0.0360   2.15087253    5.4647813   -60.952     8.882
svyoct07           geo-0003:sv1-20071013-S-46-1A      54387.243669 07-OCT-14 05:50:53.00      2.066400     2  18.80  18.80  43523.32059  0.0000000   10.0696   333.1537     0.0000    66.4380   -17.39      0.00000  0.0000000    0.0000     0.0000     0.0000     0.0000   2.10492276    5.4027511   -70.860     9.222
svyoct07           geo-0011:sv1-20071013-S-46-1B      54387.253356 07-OCT-14 06:04:49.95      2.066400     3  16.00  16.00  40713.01255  0.0000000   19.4292     9.4153     0.0000    31.9982    18.58      0.01425  0.0000000    0.0254     0.0482     0.0000     0.0456   2.10383638    6.2225364   -73.697    10.152
svyoct07           geo-0005:sv1-20071014-S-2-1A       54387.853954 07-OCT-14 20:29:41.62      1.032480     2  16.70  16.90  41002.70922  0.0000000   10.2372    49.4485     0.0000   294.8083    14.87      0.00000  0.0000000    0.0000     0.0000     0.0000     0.0000  23.16539745  -15.0333702    14.180    -9.284
svyoct07           geo-0027:sv1-20071014-S-3-1B       54387.897271 07-OCT-14 21:32:04.21      1.033920     2  17.10  17.30  43032.06061  0.0000000   13.0275    26.8639     0.0000   317.7056   -11.10      0.00000  0.0000000    0.0000     0.0000     0.0000     0.0000  23.10433219  -14.2314471    -0.753    -8.725
svynov07           geo-0011:sv1-20071104-S-1-1A       54408.895812 07-NOV-04 21:29:58.15      2.066400     3  17.20  17.30  46915.58680  0.0000000    8.3832   327.6039     0.0000    52.8183   -60.81      0.01739  0.0000000    0.0190     0.1737     0.0000     0.1718   1.36085249    3.2045245    13.888     6.670
svynov07           geo-0031:sv1-20071104-S-1-1A       54408.907294 07-NOV-04 21:46:30.20      1.033920     2  18.00  18.00  41512.69040  0.0000000    7.8980   311.8005     0.0000    68.6762     8.34      0.00000  0.0000000    0.0000     0.0000     0.0000     0.0000   1.37037454    3.3900271     9.909     7.354
svynov07           geo-0012:sv1-20071104-S-33-1A      54409.241870 07-NOV-05 05:48:17.56      1.033920     2  16.20  16.20  37516.10663  0.0000000   15.9829   296.9036     0.0000   132.6415    59.50      0.00000  0.0000000    0.0000     0.0000     0.0000     0.0000   4.15304294    7.5618875   -60.487    11.686
svynov07           geo-0004:sv1-20071104-S-33-1B      54409.231465 07-NOV-05 05:33:18.57      1.032480     2  16.40  16.50  39883.13336  0.0000000   12.3013   352.9593     0.0000    77.1534    29.20      0.00000  0.0000000    0.0000     0.0000     0.0000     0.0000   4.15052655    8.3452949   -57.582    11.989
svynov07           geo-0006:sv1-20071104-S-34-1A      54409.255828 07-NOV-05 06:08:23.53      1.033920     2  15.50  15.60  40648.82180  0.0000000   24.6505    43.9629     0.0000    28.2116    19.40      0.00000  0.0000000    0.0000     0.0000     0.0000     0.0000   4.12507424    7.4859695   -66.243    11.371
svynov07           geo-0001:sv1-20071104-S-34-1B      54409.252599 07-NOV-05 06:03:44.55      2.066400     3  17.50  17.60  43187.29676  0.0000000   11.6128   341.1588     0.0000    88.1760   -13.09      0.00145  0.0000000    0.0001     0.0143     0.0000     0.0140   4.12044523    8.1858662   -65.735    11.607
svynov07           geo-0018:sv1-20071104-S-34-1B      54409.267669 07-NOV-05 06:25:26.60      1.032480     2  15.60  15.70  37489.68960  0.0000000   22.9554    39.4059     0.0000    33.5721    59.84      0.00000  0.0000000    0.0000     0.0000     0.0000     0.0000   4.12338433    8.3632562   -69.636    12.455
svynov07           geo-0011:sv1-20071105-S-2-1A       54409.815524 07-NOV-05 19:34:21.27      2.066400     3  15.70  15.70  42845.30231  0.0000000   10.3535   334.7123     0.0000    45.4171    -8.71      0.00186  0.0000000    0.0026     0.0150     0.0000     0.0147   1.46101119    3.3358886    41.419     7.354
svynov07           geo-0025:sv1-20071105-S-2-1A       54409.820547 07-NOV-05 19:41:35.26      2.066400     3  14.20  14.30  42621.89015  0.0000000    8.8766   322.8146     0.0000    57.3229    -5.85      0.00669  0.0000000    0.0073     0.0741     0.0000     0.0732   1.46344865    3.4030011    39.770     7.463
svynov07           geo-0026:sv1-20071105-S-2-1A       54409.821265 07-NOV-05 19:42:37.29      1.032480     2  16.40  16.50  47676.09613  0.0000000    8.9024   334.5448     0.0000    46.6474   -70.55      0.00000  0.0000000    0.0000     0.0000     0.0000     0.0000   1.47428441    3.0156422    40.533     6.461
svynov07           geo-0001:sv1-20071105-S-2-1B       54409.809425 07-NOV-05 19:25:34.32      1.032480     2  17.40  17.50  41360.72260  0.0000000    7.9827   302.9173     0.0000    76.7186    10.29      0.00000  0.0000000    0.0000     0.0000     0.0000     0.0000   1.47085322    3.5041660    43.472     7.768
svynov07           geo-0008:sv1-20071105-S-2-1B       54409.816600 07-NOV-05 19:35:54.24      2.066400     3  18.20  18.20  45948.64908  0.0000000    9.5715   331.3146     0.0000    49.3622   -48.44      0.01932  0.0000000    0.0234     0.1657     0.0000     0.1633   1.46433576    3.4338315    41.651     7.249
svynov07           geo-0012:sv1-20071105-S-3-1A       54409.848141 07-NOV-05 20:21:19.38      2.064960     3  18.70  18.70  39706.87490  0.0000000    7.2682   286.2521     0.0000    93.1647    31.46      0.00000  0.0000000    0.0000     0.0000     0.0000     0.0000   1.43479011    3.1331241    29.428     7.257
svynov07           geo-0010:sv1-20071106-S-44-1A      54411.233638 07-NOV-07 05:36:26.32      1.032480     2  17.20  17.30  37571.57721  0.0000000   15.8433   297.3906     0.0000   131.7637    58.79      0.00000  0.0000000    0.0000     0.0000     0.0000     0.0000   4.14088535    8.0137888   -59.900    11.750
svynov07           geo-0007:sv1-20071106-S-44-1B      54411.240455 07-NOV-07 05:46:15.31      2.066400     3  12.10  12.20  39960.00169  0.0000000   23.4677    40.7550     0.0000    31.4023    28.22      0.05402  0.0000000    0.0993     0.1540     0.0000     0.1418   4.13473008    8.2859291   -62.617    11.976
svynov07           geo-0003:sv1-20071106-S-4-1A       54410.857512 07-NOV-06 20:34:49.03      2.066400     3  13.30  13.40  42356.45193  0.0000000   10.0365   332.1170     0.0000    47.8771    -2.46      0.00741  0.0000000    0.0101     0.0648     0.0000     0.0638   1.40512542    3.4321261    25.171     7.427
svynov07           geo-0017:sv1-20071106-S-6-1A       54410.899759 07-NOV-06 21:35:39.17      1.033920     2  18.70  18.80  41746.58969  0.0000000   10.1085   333.5528     0.0000    46.6993     5.35      0.00000  0.0000000    0.0000     0.0000     0.0000     0.0000   1.35091932    3.3916678    10.171     7.339
svynov07           geo-0019:sv1-20071106-S-6-1A       54410.901194 07-NOV-06 21:37:43.16      1.033920     2  17.70  17.80  43240.96783  0.0000000    9.7496   330.8426     0.0000    49.5330   -13.78      0.00000  0.0000000    0.0000     0.0000     0.0000     0.0000   1.34592055    3.5224761     9.812     7.402
svynov07           geo-0024:sv1-20071106-S-6-1A       54410.902630 07-NOV-06 21:39:47.23      2.066400     3  18.90  19.00  43417.26680  0.0000000    8.7425   324.2942     0.0000    56.1281   -16.04      0.01269  0.0000000    0.0140     0.1383     0.0000     0.1366   1.35188679    3.4308468     9.442     7.250
svynov07           geo-0028:sv1-20071106-S-6-1A       54410.904782 07-NOV-06 21:42:53.16      1.033920     2  17.70  17.80  42354.27655  0.0000000   10.0280   332.1331     0.0000    48.4710    -2.43      0.00000  0.0000000    0.0000     0.0000     0.0000     0.0000   1.35348903    3.5342126     8.719     7.490
svynov07           geo-0004:sv1-20071106-S-6-1B       54410.894378 07-NOV-06 21:27:54.25      1.032480     2  15.60  15.60  41431.68718  0.0000000    9.0934   323.0981     0.0000    56.9813     9.38      0.00000  0.0000000    0.0000     0.0000     0.0000     0.0000   1.36041464    3.5539517    12.057     7.615
svynov07           geo-0017:sv1-20071106-S-6-1B       54410.902271 07-NOV-06 21:39:16.21      2.066400     3  16.00  16.10  41507.12815  0.0000000   10.4204   332.3807     0.0000    47.9629     8.41      0.00379  0.0000000    0.0053     0.0328     0.0000     0.0322   1.35048840    4.0413433     9.329     7.720
svynov07           geo-0004:sv1-20071107-S-3-1A       54411.851634 07-NOV-07 20:26:21.17      2.066400     3  17.10  17.10  41212.31414  0.0000000    9.6004   327.6753     0.0000    52.0286    12.19      0.00148  0.0000000    0.0019     0.0148     0.0000     0.0146   1.40569834    3.4434740    26.065     7.555
svynov07           geo-0005:sv1-20071107-S-3-1A       54411.851634 07-NOV-07 20:26:21.17      1.035360     2  15.70  15.70  41444.04910  0.0000000    9.0882   323.0507     0.0000    56.7419     9.22      0.00000  0.0000000    0.0000     0.0000     0.0000     0.0000   1.41275437    3.4817872    26.213     7.590
svynov07           geo-0004:sv1-20071107-S-3-1B       54411.855581 07-NOV-07 20:32:02.19      1.036800     2  16.40  16.40  41913.04598  0.0000000   12.8468   342.2613     0.0000    38.0522     3.22      0.00000  0.0000000    0.0000     0.0000     0.0000     0.0000   1.41166581    4.1051985    24.940     7.877
svynov07           geo-0010:sv1-20071107-S-6-1A       54411.920779 07-NOV-07 22:05:55.30      2.066400     3  19.40  19.50  44749.91035  0.0000000   10.6825   337.9327     0.0000    42.3805   -33.09      0.00879  0.0000000    0.0124     0.0619     0.0000     0.0607   1.29342016    3.4716334     1.608     7.178
svynov07           geo-0009:sv1-20071107-S-6-1A       54411.921497 07-NOV-07 22:06:57.34      2.066400     3  15.60  15.70  43123.92935  0.0000000   10.5034   335.9807     0.0000    44.3675   -12.28      0.00493  0.0000000    0.0070     0.0382     0.0000     0.0375   1.30058874    3.4832010     1.398     7.323
svynov07           geo-0009:sv1-20071107-S-6-1B       54411.928314 07-NOV-07 22:16:46.32      2.066400     3  18.10  18.20  43726.02466  0.0000000    9.3601   327.4205     0.0000    53.1099   -19.99      0.00865  0.0000000    0.0102     0.0843     0.0000     0.0831   1.29548229    4.0239252    -0.766     7.474
svynov07           geo-0003:sv1-20071108-S-31-1B      54413.234191 07-NOV-09 05:37:14.10      2.066400     3  17.10  17.10  42877.41580  0.0000000   12.8617     0.3215     0.0000    69.5340    -9.13      0.00190  0.0000000    0.0013     0.0161     0.0000     0.0157   4.13060769    8.4845427   -62.956    12.037
svynov07           geo-0002:sv1-20071108-S-32-1B      54413.256689 07-NOV-09 06:09:37.92      2.066400     3  13.80  13.90  41950.20267  0.0000000   13.7338     9.4657     0.0000    60.8512     2.74      0.00642  0.0000000    0.0064     0.0486     0.0000     0.0472   4.10520895    8.3029510   -70.847    11.967
svynov07           geo-0006:sv1-20071111-S-2-1A       54415.858440 07-NOV-11 20:36:09.21      1.033920     2  17.50  17.60  43250.83959  0.0000000    9.7717   330.9865     0.0000    49.2283   -13.91      0.00000  0.0000000    0.0000     0.0000     0.0000     0.0000   1.39146425    3.4742936    20.154     7.385
svynov07           geo-0012:sv1-20071111-S-44-1A      54416.241169 07-NOV-12 05:47:17.00      1.035360     2  10.90  11.00  40864.75679  0.0000000   16.7171    28.2059     0.0000    42.9652    16.64      0.00000  0.0000000    0.0000     0.0000     0.0000     0.0000   4.12244019    7.4415009   -67.866    11.306
svynov07           geo-0014:sv1-20071111-S-44-1A      54416.241888 07-NOV-12 05:48:19.12      2.064960     3  17.60  17.60  44898.64454  0.0000000   10.6010   343.7980     0.0000    85.4486   -35.00      0.01047  0.0000000    0.0017     0.1084     0.0000     0.1066   4.11440899    7.1621785   -68.897    10.567
svynov07           geo-0026:sv1-20071113-S-2-1A       54417.960639 07-NOV-13 23:03:19.20      2.066400     3  17.60  17.70  40853.89583  0.0000000   14.2961   349.4354     0.0000    31.4193    16.78      0.00883  0.0000000    0.0160     0.0403     0.0000     0.0390   1.19032188    3.4155831   -18.451     7.396
svynov07           geo-0028:sv1-20071113-S-2-1A       54417.961357 07-NOV-13 23:04:21.24      1.033920     2  16.90  17.00  43347.99250  0.0000000   10.1324   333.1880     0.0000    47.1888   -15.15      0.00000  0.0000000    0.0000     0.0000     0.0000     0.0000   1.18222914    3.5801008   -18.841     7.415
svynov07           geo-0039:sv1-20071113-S-2-1B       54417.962433 07-NOV-13 23:05:54.21      1.033920     2  16.70  16.90  43343.46901  0.0000000   10.1330   333.1892     0.0000    47.5604   -15.09      0.00000  0.0000000    0.0000     0.0000     0.0000     0.0000   1.19513143    4.0106924   -18.856     7.460
svydec07           geo-0003:sv1-20071203-S-2-1A       54437.858138 07-DEC-03 20:35:43.12      2.066400     3  15.80  15.90  40174.97135  0.0000000   12.3151   353.0576     0.0000    55.3692    25.47      0.00159  0.0000000    0.0019     0.0133     0.0000     0.0130   3.35594482    6.2834412    26.579    10.108
svydec07           geo-0013:sv1-20071203-S-2-1A       54437.861727 07-DEC-03 20:40:53.21      2.066400     3  17.50  17.50  42549.93605  0.0000000   15.1215     7.3639     0.0000    41.8261    -4.93      0.00423  0.0000000    0.0064     0.0223     0.0000     0.0215   3.35394605    6.3657695    25.672    10.018
svydec07           geo-0009:sv1-20071203-S-2-1B       54437.861368 07-DEC-03 20:40:22.19      2.066400     3  17.20  17.30  45883.47502  0.0000000   11.1008   342.9244     0.0000    66.2446   -47.60      0.00428  0.0000000    0.0032     0.0381     0.0000     0.0374   3.36251285    7.0140635    26.380    10.150
svydec07           geo-0027:sv1-20071203-S-2-1B       54437.864956 07-DEC-03 20:45:32.19      3.100320     4  18.10  18.20  51607.49805  0.0000000   11.2697   290.6572     0.0000   118.2750  -120.87      0.02173  0.0000000    0.0170     0.1599     0.0000     0.1569   3.36091899    7.0919711    25.718     9.910
svydec07           geo-0043:sv1-20071203-S-4-1A       54437.897514 07-DEC-03 21:32:25.20      1.032480     2  16.60  16.60  41072.00190  0.0000000   13.1905   358.0894     0.0000    51.1214    13.98      0.00000  0.0000000    0.0000     0.0000     0.0000     0.0000   3.31447734    6.5206947    13.025    10.232
svydec07           geo-0064:sv1-20071203-S-4-1A       54437.903254 07-DEC-03 21:40:41.14      2.066400     3  16.10  16.20  42674.16709  0.0000000   14.4229     6.6867     0.0000    43.0119    -6.52      0.00377  0.0000000    0.0056     0.0212     0.0000     0.0205   3.31223867    6.3104935    11.277     9.782
svydec07           geo-0068:sv1-20071203-S-4-1A       54437.906125 07-DEC-03 21:44:49.20      2.066400     3  16.80  16.80  42686.30829  0.0000000   13.9766     4.6474     0.0000    45.0969    -6.68      0.00237  0.0000000    0.0034     0.0142     0.0000     0.0138   3.31169647    6.3616752    10.340     9.850
svydec07           geo-0010:sv1-20071204-S-2-1A       54438.927342 07-DEC-04 22:15:22.34      2.066400     3  19.20  19.30  43103.46591  0.0000000   10.1688   334.3321     0.0000    74.1491   -12.02      0.00252  0.0000000    0.0014     0.0275     0.0000     0.0271   3.23300276    6.3737648     1.053     9.778
svydec07           geo-0021:sv1-20071204-S-2-1A       54438.934517 07-DEC-04 22:25:42.26      1.032480     2  18.20  18.30  43330.63296  0.0000000   10.0336   332.7737     0.0000    76.1382   -14.93      0.00000  0.0000000    0.0000     0.0000     0.0000     0.0000   3.24048809    6.3643942    -1.074     9.738
svydec07           geo-0047:sv1-20071204-S-2-1A       54438.943128 07-DEC-04 22:38:06.25      1.033920     2  19.80  19.90  44398.77469  0.0000000   10.2245   334.8332     0.0000    74.5417   -28.60      0.00000  0.0000000    0.0000     0.0000     0.0000     0.0000   3.24032365    6.5025770    -3.749     9.851
svydec07           geo-0019:sv1-20071204-S-2-1B       54438.934158 07-DEC-04 22:25:11.25      2.066400     3  19.30  19.40  44921.78931  0.0000000   11.5364   345.3700     0.0000    63.6242   -35.29      0.00287  0.0000000    0.0024     0.0247     0.0000     0.0242   3.22589159    7.2427917    -1.123    10.321
svydec07           geo-0014:sv1-20071204-S-41-1A      54439.265430 07-DEC-05 06:22:13.15      2.066400     3  17.10  17.50  45333.15160  0.0000000   14.2865     5.3727     0.0000   120.5529   -40.56      0.00254  0.0000000    0.0025     0.0168     0.0000     0.0163   8.12337176    9.3340292   -42.514    12.269
svydec07           geo-0014:sv1-20071204-S-41-1B      54439.263637 07-DEC-05 06:19:38.23      2.066400     3  16.40  16.80  42977.76749  0.0000000   13.2826    26.5882     0.0000   100.0767   -10.41      0.00510  0.0000000    0.0019     0.0440     0.0000     0.0428   8.12566461   10.1919482   -41.650    13.074
svydec07           geo-0003:sv1-20071205-S-3-1B       54439.843254 07-DEC-05 20:14:17.14      1.033920     2   9.90  10.00  36738.86551  0.0000000   25.2992   252.8872     0.0000   152.0593    69.45      0.00000  0.0000000    0.0000     0.0000     0.0000     0.0000   3.37507162    7.3956964    29.449    11.551
svydec07           geo-0007:sv1-20071205-S-42-1A      54440.259898 07-DEC-06 06:14:15.18      1.033920     2  18.90  19.30  42537.19290  0.0000000   15.3008   358.8797     0.0000   127.0828    -4.77      0.00000  0.0000000    0.0000     0.0000     0.0000     0.0000   8.13087227    9.1412904   -41.260    12.153
svydec07           geo-0061:sv1-20071205-S-42-1A      54440.273532 07-DEC-06 06:33:53.16      1.033920     2  17.50  17.90  45370.44740  0.0000000   14.3098     5.1948     0.0000   121.2701   -41.04      0.00000  0.0000000    0.0000     0.0000     0.0000     0.0000   8.13093210    9.2624095   -45.872    12.196
svydec07           geo-0015:sv1-20071205-S-42-1B      54440.264562 07-DEC-06 06:20:58.15      2.066400     3  16.70  17.10  42976.92434  0.0000000   13.2839    26.6130     0.0000   100.0727   -10.40      0.00749  0.0000000    0.0027     0.0645     0.0000     0.0628   8.12202517   10.1823653   -42.949    13.076
svydec07           geo-0021:sv1-20071206-S-34-1A      54441.265710 07-DEC-07 06:22:37.34      2.066400     2  15.00  15.40  42563.28242  0.0000000   12.3304    31.3517     0.0000    95.6103    -5.10      0.00000  0.0000000    0.0000     0.0000     0.0000     0.0000   8.12063323    9.2014447   -44.212    12.270
svydec07           geo-0028:sv1-20071206-S-34-1B      54441.266069 07-DEC-07 06:23:08.36      2.066400     3  16.80  17.10  42977.68906  0.0000000   13.2877    26.5829     0.0000   100.3252   -10.41      0.00616  0.0000000    0.0023     0.0530     0.0000     0.0516   8.12345221   10.1650588   -44.250    13.069
