Campaign           Name                              Osc_epoch     Date      Time        arcl [min]    # obs mag_c   mag_u  a(km)        e          i(dg)     raan(dg)   w(dg)      s(dg)      dn(dg/d) da(km)       de         di(dg)    draan(dg)  dw(dg)     ds(dg)     R.A.(h)      Decl.(dg)    lon(dg)   lat(dg)  
svyjan19_gto75     geo-0001:sv1-20190103-S-10-1A      58487.007733 19-JAN-04 00:11:08.13      1.465920     3  18.50  18.70  41382.39510  0.0000000   10.0251    31.9932     0.0000    99.4345    10.01      0.00851  0.0000000    0.0031     0.1006     0.0000     0.0991   9.09525600    6.2121383    25.462     9.888
svyjan19           geo-0002:sv1-20190103-S-1-1B       58486.894817 19-JAN-03 21:28:32.18      0.732960     2  11.70  12.20  43340.87137  0.0000000   15.2127   335.8941     0.0000    66.6583   -15.06      0.00000  0.0000000    0.0000     0.0000     0.0000     0.0000   2.43025630   11.3143913   -23.548    13.941
svyjan19           geo-0001:sv1-20190103-S-1-1B       58486.900928 19-JAN-03 21:37:20.17      1.467360     3  18.30  18.90  34655.56470  0.0000000   27.2842   253.6106     0.0000   145.4183    96.11      0.00458  0.0000000    0.0099     0.0148     0.0000     0.0132   2.41311902   12.0948477   -25.439    15.081
svyjan19           geo-0001:sv1-20190103-S-2-1B       58486.929609 19-JAN-03 22:18:38.21      2.933280     5  12.10  12.70  43831.89197  0.0000000   16.1807   342.9787     0.0000    59.9338   -21.34      0.00318  0.0000000    0.0031     0.0195     0.0000     0.0187   2.36126232   11.2844326   -36.009    13.956
svyjan19           geo-0003:sv1-20190103-S-4-1A       58486.949586 19-JAN-03 22:47:24.23      0.732960     2  18.10  18.70  36927.45533  0.0000000   15.1909   291.0313     0.0000   110.6427    67.03      0.00000  0.0000000    0.0000     0.0000     0.0000     0.0000   2.31064557   11.0606400   -42.763    14.194
svyjan19           geo-0001:sv1-20190103-S-4-1A       58486.952132 19-JAN-03 22:51:04.20      2.200320     4  16.50  17.20  50565.74210  0.0000000   26.4111    12.4282     0.0000    31.3283  -107.54      0.05923  0.0000000    0.0846     0.1168     0.0000     0.1049   2.30209113   11.0542692   -45.012    13.372
svyjan19           geo-0001:sv1-20190103-S-4-1B       58486.945257 19-JAN-03 22:41:10.20      2.933280     4  17.50  18.10  46767.91771  0.0000000   16.7399   343.7749     0.0000    58.4091   -58.92      0.01487  0.0000000    0.0141     0.0805     0.0000     0.0772   2.30245271   11.5129959   -42.490    14.202
svyjan19           geo-0002:sv1-20190103-S-4-1B       58486.953405 19-JAN-03 22:52:54.19      2.200320     4  16.70  17.30  50016.34514  0.0000000   26.2830    12.2277     0.0000    31.9014  -100.50      0.00000  0.0000000    0.0000     0.0000     0.0000     0.0000   2.31364184   11.1445930   -45.103    13.533
svyjan19           geo-0003:sv1-20190103-S-4-1B       58486.959516 19-JAN-03 23:01:42.18      2.200320     4  16.80  17.40  41719.73774  0.0000000   15.0894   329.0540     0.0000    73.6949     5.69      0.00422  0.0000000    0.0024     0.0324     0.0000     0.0313   2.30510555   11.4600856   -46.504    14.469
svyjan19           geo-0001:sv1-20190105-S-5-1A       58488.916484 19-JAN-05 21:59:44.21      1.467360     3  15.70  16.40  40992.57715  0.0000000   14.0113   324.4070     0.0000    78.3480    15.00      0.00327  0.0000000    0.0014     0.0282     0.0000     0.0273   2.39213317   11.0209460   -32.733    13.717
svyfeb19           geo-0011:sv1-20190201-S-3-1B       58515.927780 19-FEB-01 22:16:00.19      0.732960     2  19.20  19.90  34614.31280  0.0000000   42.4185    49.3237     0.0000    24.8436    96.64      0.00000  0.0000000    0.0000     0.0000     0.0000     0.0000   4.16244263   13.3900598   -37.637    16.463
svyfeb19           geo-0002:sv1-20190202-S-39-1B      58517.275025 19-FEB-03 06:36:02.16      0.732960     2  10.90  11.00  25693.51492  0.0000000   64.0962   162.4498     0.0000    14.4132   210.83      0.00000  0.0000000    0.0000     0.0000     0.0000     0.0000  10.31480407    7.1354414   -63.311    12.939
svyfeb19           geo-0002:sv1-20190202-S-5-1A       58516.923683 19-FEB-02 22:10:06.21      1.465920     3  18.70  19.40  39065.42722  0.0000000   15.8521   327.0485     0.0000   100.0668    39.67      0.00940  0.0000000    0.0038     0.0762     0.0000     0.0733   4.15456161   13.0102043   -37.833    15.602
svyfeb19           geo-0001:sv1-20190203-S-43-1A      58518.271357 19-FEB-04 06:30:45.24      2.933280     5  16.00  16.10  45434.42737  0.0000000   10.4549    56.3545     0.0000   107.2531   -41.86      0.02928  0.0000000    0.0168     0.2910     0.0000     0.2861  10.31163288    6.4058718   -67.947     9.980
svyfeb19           geo-0001:sv1-20190203-S-6-1A       58517.904575 19-FEB-03 21:42:35.28      1.467360     3  19.00  19.70  41010.11546  0.0000000   15.3467   327.8688     0.0000    98.5970    14.78      0.01285  0.0000000    0.0042     0.1022     0.0000     0.0985   4.16497581   12.4339632   -32.647    15.170
svyfeb19           geo-0019:sv1-20190203-S-6-1A       58517.914251 19-FEB-03 21:56:31.28      0.732960     2  15.80  16.50  26484.02465  0.0000000   18.1745     2.0436     0.0000    67.9514   200.71      0.00000  0.0000000    0.0000     0.0000     0.0000     0.0000   4.16509221   13.0328807   -33.962    16.804
svyfeb19           geo-0001:sv1-20190203-S-6-1B       58517.898210 19-FEB-03 21:33:25.34      2.200320     4  17.80  18.50  42060.42157  0.0000000   15.9952   338.5648     0.0000    87.9766     1.33      0.00610  0.0000000    0.0005     0.0458     0.0000     0.0440   4.17010549   13.4611556   -30.668    15.985
svymar19           geo-0013:sv1-20190303-S-29-1A      58546.135812 19-MAR-04 03:15:34.15      0.732960     2  13.80  14.70  26537.19690  0.0000000   52.0784    50.1850     0.0000   182.1064   200.03      0.00000  0.0000000    0.0000     0.0000     0.0000     0.0000  16.01180881   -9.3656664    20.983    -1.661
svymar19           geo-0001:sv1-20190303-S-29-1B      58546.127919 19-MAR-04 03:04:12.20      2.200320     3  17.80  18.70  43069.22256  0.0000000    4.7023   339.0174     0.0000   255.6574   -11.58      0.00999  0.0000000    0.0049     0.2339     0.0000     0.2332  16.01194630   -9.2127964    26.981    -4.555
svymar19           geo-0002:sv1-20190303-S-29-1B      58546.129447 19-MAR-04 03:06:24.22      2.933280     5  18.70  19.60  42173.05615  0.0000000   10.0175    31.5123     0.0000   203.2614    -0.11      0.00508  0.0000000    0.0094     0.0238     0.0000     0.0235  16.00521417   -8.4837716    26.257    -3.939
svymar19           geo-0002:sv1-20190303-S-37-1A      58546.223347 19-MAR-04 05:21:37.18      2.200320     4  17.60  18.40  43134.37100  0.0000000    5.4335   294.0433     0.0000   300.3861   -12.41      0.00302  0.0000000    0.0031     0.0545     0.0000     0.0542  15.43384840   -9.5405276    -7.554    -4.685
svymar19           geo-0009:sv1-20190303-S-37-1A      58546.223347 19-MAR-04 05:21:37.18      0.732960     2  15.50  16.30  43926.64833  0.0000000    5.3912   296.4774     0.0000   297.9906   -22.56      0.00000  0.0000000    0.0000     0.0000     0.0000     0.0000  15.43403146   -9.5241154    -7.522    -4.759
svymar19           geo-0002:sv1-20190303-S-37-1B      58546.223602 19-MAR-04 05:21:59.21      2.200320     4  17.90  18.70  43122.21267  0.0000000    5.4256   294.1533     0.0000   300.3652   -12.26      0.00246  0.0000000    0.0025     0.0444     0.0000     0.0442  15.43597314   -9.5347522    -7.557    -4.680
svymar19           geo-0003:sv1-20190303-S-37-1B      58546.223602 19-MAR-04 05:21:59.21      2.200320     4  18.50  19.30  43934.85108  0.0000000    5.3819   296.6822     0.0000   297.8735   -22.66      0.00518  0.0000000    0.0048     0.0947     0.0000     0.0943  15.44009774   -9.5224650    -7.527    -4.756
svymar19           geo-0003:sv1-20190303-S-38-1A      58546.241333 19-MAR-04 05:47:31.17      2.933280     5  14.30  15.10  42320.36688  0.0000000   11.2890    30.6996     0.0000   203.9971    -2.00      0.00444  0.0000000    0.0082     0.0191     0.0000     0.0188  15.38366770   -9.5358176   -14.305    -4.566
svymar19           geo-0004:sv1-20190303-S-38-1B      58546.241588 19-MAR-04 05:47:53.20      0.732960     2  13.90  14.70  42346.34158  0.0000000   11.2256    30.5345     0.0000   204.2515    -2.33      0.00000  0.0000000    0.0000     0.0000     0.0000     0.0000  15.38583052   -9.5506411   -14.306    -4.586
svymar19           geo-0001:sv1-20190304-S-35-1A      58547.179782 19-MAR-05 04:18:53.16      1.467360     3  19.40  20.20  45280.27636  0.0000000    4.9528   325.5121     0.0000   268.8835   -39.88      0.01236  0.0000000    0.0014     0.2684     0.0000     0.2674  15.50317327   -9.4847584     7.036    -4.952
svymar19           geo-0002:sv1-20190304-S-35-1A      58547.186403 19-MAR-05 04:28:25.21      2.200320     3  19.10  19.90  49551.33151  0.0000000   25.3070    42.8653     0.0000   193.2770   -94.55      0.02912  0.0000000    0.0483     0.0273     0.0000     0.0251  15.50300980  -10.0713038     5.162    -5.634
svymar19           geo-0003:sv1-20190304-S-35-1A      58547.193532 19-MAR-05 04:38:41.16      2.200320     4  14.40  15.20  42321.21753  0.0000000    5.5174   297.6993     0.0000   296.8876    -2.01      0.01686  0.0000000    0.0157     0.3162     0.0000     0.3147  15.50117447  -10.1227731     2.376    -4.919
svymar19           geo-0005:sv1-20190304-S-35-1A      58547.197606 19-MAR-05 04:44:33.15      2.200320     4  17.70  18.50  41517.84574  0.0000000    4.6962   312.8811     0.0000   281.8026     8.28      0.00455  0.0000000    0.0021     0.1127     0.0000     0.1123  15.49430161   -9.5821898     0.933    -4.597
svymar19           geo-0001:sv1-20190304-S-35-1B      58547.179528 19-MAR-05 04:18:31.21      2.200320     4  15.00  15.80  43825.76299  0.0000000    5.3095   291.7134     0.0000   302.3473   -21.26      0.00287  0.0000000    0.0030     0.0510     0.0000     0.0508  15.50037394   -9.2820973     6.909    -4.484
svymar19           geo-0002:sv1-20190304-S-35-1B      58547.195824 19-MAR-05 04:41:59.19      2.933280     5  15.20  16.10  42528.79332  0.0000000   11.6649    33.1385     0.0000   201.9731    -4.66      0.02845  0.0000000    0.0531     0.1085     0.0000     0.1066  15.49408230   -9.3159050     1.554    -4.339
svymar19           geo-0001:sv1-20190304-S-40-1B      58547.244782 19-MAR-05 05:52:29.16      1.467360     3  13.90  14.70  42324.50689  0.0000000   11.2781    30.6609     0.0000   204.2476    -2.05      0.00818  0.0000000    0.0151     0.0354     0.0000     0.0347  15.38123422   -9.5645514   -16.326    -4.607
svymar19           geo-0003:sv1-20190304-S-40-1B      58547.251403 19-MAR-05 06:02:01.21      1.465920     3  14.10  14.90  34410.28391  0.0000000   10.8558   251.4620     0.0000   342.9156    99.25      0.04181  0.0000000    0.1037     0.1707     0.0000     0.1680  15.37135715   -9.4227450   -18.543    -3.172
svymar19           geo-0001:sv1-20190305-S-1-1B       58547.849377 19-MAR-05 20:23:06.17      1.467360     3  11.50  17.30  39589.54988  0.0000000   13.4024    43.0735     0.0000    88.7376    32.96      0.00431  0.0000000    0.0004     0.0410     0.0000     0.0398   9.11003227   10.1026844    22.706    13.399
svyapr19           geo-0002:sv1-20190402-S-27-1B      58576.209042 19-APR-03 05:01:01.22      2.200320     3  20.60  20.90  43543.56040  0.0000000    4.5708   313.5202     0.0000   282.9565   -17.65      0.00762  0.0000000    0.0035     0.1826     0.0000     0.1820  15.38161771   -9.3327919   -29.984    -4.454
svyapr19           geo-0001:sv1-20190402-S-30-1A      58576.248836 19-APR-03 05:58:19.43      1.467360     3  18.40  18.70  41635.75745  0.0000000    4.9438   319.2495     0.0000   277.1035     6.77      0.00155  0.0000000    0.0004     0.0369     0.0000     0.0367  15.29055486  -10.1025186   -44.487    -4.906
svyapr19           geo-0001:sv1-20190402-S-30-1B      58576.247053 19-APR-03 05:55:45.37      1.467360     3  18.70  18.90  43887.30375  0.0000000    7.0041    17.2968     0.0000   219.1337   -22.05      0.00743  0.0000000    0.0112     0.0753     0.0000     0.0747  15.29394748   -9.2005807   -44.002    -4.414
svysep19           geo-0001:sv1-20190929-S-22-1B      58756.169690 19-SEP-30 04:04:21.21      2.200320     3  18.50  18.70  43401.74502  0.0000000    2.6156    93.8815     0.0000   303.0753   -15.84      0.00606  0.0000000    0.0066     0.2190     0.0000     0.2188   2.18375472   -6.5936274   -32.728    -2.192
svysep19           geo-0001:sv1-20190929-S-23-1B      58756.189829 19-SEP-30 04:33:21.22      2.200320     4  19.10  19.30  45950.60034  0.0000000    2.7539   126.1243     0.0000   270.4759   -48.46      0.01053  0.0000000    0.0011     0.4051     0.0000     0.4046   2.13457850   -7.1631966   -40.381    -2.754
svysep19           geo-0001:sv1-20190929-S-26-1B      58756.215268 19-SEP-30 05:09:59.15      1.467360     3  17.00  17.20  41371.07507  0.0000000   18.0694    42.3740     0.0000   354.1616    10.16      0.02597  0.0000000    0.0537     0.0182     0.0000     0.0188   2.08238292   -6.4124974   -49.344    -1.808
svysep19           geo-0002:sv1-20190929-S-26-1B      58756.225963 19-SEP-30 05:25:23.20      2.933280     5  18.40  18.50  43327.37659  0.0000000    3.5684    80.5768     0.0000   316.1907   -14.88      0.00342  0.0000000    0.0049     0.0747     0.0000     0.0746   2.07368496   -7.0811700   -53.203    -2.469
svysep19           geo-0003:sv1-20190929-S-26-1B      58756.226472 19-SEP-30 05:26:07.18      2.933280     5  16.50  16.60  41762.03107  0.0000000    2.2588    99.2402     0.0000   297.7316     5.15      0.00724  0.0000000    0.0070     0.3333     0.0000     0.3331   2.07276017   -6.4833396   -53.220    -1.999
svysep19           geo-0001:sv1-20190930-S-2-1A       58756.851762 19-SEP-30 20:26:32.23      2.933280     5  18.50  18.80  47226.66756  0.0000000   22.9310   359.0885     0.0000   328.4146   -64.80      0.01138  0.0000000    0.0174     0.0273     0.0000     0.0251  22.13590960  -16.5653209    13.637   -11.775
svysep19           geo-0002:sv1-20190930-S-39-1B      58757.224377 19-OCT-01 05:23:06.17      2.933280     4  17.50  17.60  41843.95346  0.0000000    2.2576    99.4261     0.0000   297.1976     4.10      0.00603  0.0000000    0.0057     0.2783     0.0000     0.2781   2.05510842   -6.4805833   -53.797    -2.008
svysep19           geo-0005:sv1-20190930-S-39-1B      58757.237618 19-OCT-01 05:42:10.19      2.200320     4  19.10  19.20  45638.05799  0.0000000    5.1621   187.4046     0.0000   209.3037   -44.46      0.03236  0.0000000    0.0525     0.3322     0.0000     0.3305   2.05449006   -6.5242407   -58.610    -2.524
svysep19           geo-0006:sv1-20190930-S-39-1B      58757.238127 19-OCT-01 05:42:54.17      2.200320     4  19.90  20.10  43307.37716  0.0000000    3.5884    80.2001     0.0000   316.7003   -14.63      0.00702  0.0000000    0.0101     0.1510     0.0000     0.1508   2.05585846   -7.0355659   -58.446    -2.460
svysep19           geo-0003:sv1-20191001-S-41-1A      58758.221542 19-OCT-02 05:19:01.22      1.467360     3  18.60  18.70  50273.62627  0.0000000    3.7865    95.9618     0.0000   300.4087  -103.80      0.03917  0.0000000    0.0334     0.8547     0.0000     0.8529   2.08419574   -7.1740830   -53.976    -3.265
svysep19           geo-0002:sv1-20191001-S-41-1B      58758.224343 19-OCT-02 05:23:03.23      1.467360     3  16.70  16.80  41863.92113  0.0000000    2.2481    99.6614     0.0000   297.3742     3.85      0.00290  0.0000000    0.0028     0.1346     0.0000     0.1345   2.07157697   -6.4647793   -54.359    -1.996
svysep19           geo-0001:sv1-20191002-S-41-1A      58759.211391 19-OCT-03 05:04:24.18      2.200320     4  18.40  18.50  42132.40913  0.0000000    2.8984    95.1942     0.0000   301.6554     0.41      0.00760  0.0000000    0.0082     0.2596     0.0000     0.2592   2.08184348   -7.1827113   -50.840    -2.467
svysep19           geo-0002:sv1-20191002-S-41-1A      58759.212410 19-OCT-03 05:05:52.22      2.933280     5  17.40  17.50  44941.82381  0.0000000    6.5237    64.6952     0.0000   331.6201   -35.55      0.00477  0.0000000    0.0080     0.0374     0.0000     0.0372   2.07388510   -7.3930816   -51.620    -3.096
svysep19           geo-0004:sv1-20191002-S-41-1B      58759.223868 19-OCT-03 05:22:22.19      2.200320     4  16.30  16.40  41908.34671  0.0000000    2.2563    99.2413     0.0000   298.0411     3.28      0.00472  0.0000000    0.0046     0.2159     0.0000     0.2158   2.08017509   -6.4544387   -54.926    -1.991
svysep19           geo-0004:sv1-20191002-S-42-1A      58759.236507 19-OCT-03 05:40:34.20      2.933280     5  18.50  18.60  40079.85784  0.0000000   15.4507    47.3507     0.0000   349.4060    26.68      0.01598  0.0000000    0.0337     0.0232     0.0000     0.0230   2.04129381   -7.5002515   -59.658    -2.807
svysep19           geo-0005:sv1-20191002-S-42-1A      58759.240581 19-OCT-03 05:46:26.19      1.467360     3  18.10  18.20  42922.45248  0.0000000    5.9753    63.4991     0.0000   333.3764    -9.70      0.02429  0.0000000    0.0432     0.2075     0.0000     0.2067   2.04516204   -7.1821713   -61.260    -2.674
svysep19           geo-0004:sv1-20191002-S-42-1B      58759.227086 19-OCT-03 05:27:00.23      0.732960     2  17.10  17.20  43211.33830  0.0000000    7.4323    52.9477     0.0000   343.7274   -13.40      0.00000  0.0000000    0.0000     0.0000     0.0000     0.0000   2.06038895   -6.4048869   -56.583    -2.077
svysep19           geo-0001:sv1-20191002-S-42-1B      58759.228104 19-OCT-03 05:28:28.18      2.200320     4  18.70  18.80  42128.10974  0.0000000    1.9856   141.4012     0.0000   255.2597     0.47      0.00777  0.0000000    0.0040     0.4418     0.0000     0.4415   2.04383593   -6.3751770   -57.103    -1.920
svyoct19           geo-0002:sv1-20191029-S-29-1A      58786.119863 19-OCT-30 02:52:36.16      1.465920     3  20.10  20.20  42363.71138  0.0000000   13.0609   317.2373     0.0000    95.6433    -2.55      0.00669  0.0000000    0.0014     0.0604     0.0000     0.0588   3.24579103   10.2002024   -28.266    12.996
svyoct19           geo-0001:sv1-20191029-S-30-1A      58786.191681 19-OCT-30 04:36:01.23      2.200320     4  18.10  18.10  43157.42457  0.0000000   12.7167   318.0494     0.0000    94.8995   -12.71      0.00425  0.0000000    0.0008     0.0385     0.0000     0.0375   3.11349631    9.4153734   -54.149    12.669
svyoct19           geo-0002:sv1-20191029-S-30-1A      58786.192699 19-OCT-30 04:37:29.19      2.933280     5  18.90  18.90  44549.39801  0.0000000   14.3716   352.2296     0.0000    61.4770   -30.53      0.00782  0.0000000    0.0071     0.0535     0.0000     0.0518   3.11330944    9.4249195   -54.652    12.597
svyoct19           geo-0003:sv1-20191029-S-30-1A      58786.193208 19-OCT-30 04:38:13.17      2.200320     4  19.00  19.00  42083.18675  0.0000000   12.7296   322.1960     0.0000    91.0709     1.04      0.00805  0.0000000    0.0007     0.0752     0.0000     0.0733   3.11438100    9.4015648   -54.478    12.727
svyoct19           geo-0001:sv1-20191029-S-30-1B      58786.181241 19-OCT-30 04:20:59.22      2.200320     4  18.60  18.70  48283.04419  0.0000000   14.0925   301.6048     0.0000   110.0242   -78.32      0.00912  0.0000000    0.0056     0.0622     0.0000     0.0603   3.11377824   10.4255372   -51.253    13.225
svyoct19           geo-0002:sv1-20191029-S-31-1A      58786.210685 19-OCT-30 05:03:23.18      1.467360     3  18.60  18.60  42075.05995  0.0000000   13.0762   325.3136     0.0000    87.9633     1.14      0.01015  0.0000000    0.0010     0.0921     0.0000     0.0897   3.08443818    9.5553825   -60.858    13.068
svyoct19           geo-0003:sv1-20191029-S-31-1A      58786.219343 19-OCT-30 05:15:51.23      2.200320     3  17.20  17.20  37064.45489  0.0000000   14.7352   297.5569     0.0000   115.9008    65.28      0.00000  0.0000000    0.0000     0.0000     0.0000     0.0000   3.08091059    9.3423416   -62.987    13.227
svyoct19           geo-0003:sv1-20191029-S-3-1A       58785.869308 19-OCT-29 20:51:48.21      0.732960     2  16.80  17.00  37624.62552  0.0000000   18.9567    15.9306     0.0000   342.0679    58.11      0.00000  0.0000000    0.0000     0.0000     0.0000     0.0000   0.12215474  -11.4652915     8.065    -5.740
svyoct19           geo-0001:sv1-20191029-S-3-1A       58785.885604 19-OCT-29 21:15:16.18      2.933280     5  16.10  16.30  42287.72426  0.0000000   10.8408    35.4787     0.0000   323.7446    -1.58      0.04168  0.0000000    0.0687     0.2646     0.0000     0.2596   0.10415355  -11.4935228     2.983    -6.386
svyoct19           geo-0007:sv1-20191029-S-3-1B       58785.869562 19-OCT-29 20:52:10.15      0.732960     2  17.20  17.40  37576.52421  0.0000000   18.8719    15.9864     0.0000   342.1214    58.73      0.00000  0.0000000    0.0000     0.0000     0.0000     0.0000   0.12468823  -11.4435566     8.072    -5.699
svyoct19           geo-0003:sv1-20191029-S-3-1B       58785.884840 19-OCT-29 21:14:10.17      1.467360     3  16.80  17.10  37948.50889  0.0000000   19.0958    14.6093     0.0000   343.9483    53.96      0.03406  0.0000000    0.0758     0.0676     0.0000     0.0636   0.10570942  -11.1026489     2.944    -5.190
svyoct19           geo-0004:sv1-20191029-S-3-1B       58785.886368 19-OCT-29 21:16:22.19      1.467360     3  16.30  16.50  42369.88823  0.0000000   10.7789    35.7930     0.0000   323.7155    -2.63      0.02882  0.0000000    0.0472     0.1845     0.0000     0.1811   0.11474238  -11.4642512     2.987    -6.354
svyoct19           geo-0007:sv1-20191029-S-4-1A       58785.900407 19-OCT-29 21:36:35.16      0.732960     2  17.10  17.30  38061.07942  0.0000000   19.1476    16.1455     0.0000   342.1507    52.52      0.00000  0.0000000    0.0000     0.0000     0.0000     0.0000   0.06275069  -11.5249619    -2.849    -5.770
svyoct19           geo-0001:sv1-20191029-S-4-1A       58785.910083 19-OCT-29 21:50:31.17      2.200320     4  20.20  20.40  59721.76426  0.0000000   16.8639    29.2227     0.0000   330.0327  -224.73      0.10169  0.0000000    0.1212     0.2395     0.0000     0.2292   0.06083357  -12.1556947    -5.234    -8.332
svyoct19           geo-0001:sv1-20191030-S-13-1A      58787.140176 19-OCT-31 03:21:51.20      1.465920     3  20.30  20.40  42144.16387  0.0000000   14.6553   353.8058     0.0000    60.2909     0.26      0.00950  0.0000000    0.0096     0.0672     0.0000     0.0650   3.21049477    9.5349378   -36.339    12.694
svyoct19           geo-0003:sv1-20191030-S-16-1A      58787.167016 19-OCT-31 04:00:30.18      0.732960     2  15.50  15.50  42464.98701  0.0000000   12.7463   317.4204     0.0000    95.5500    -3.85      0.00000  0.0000000    0.0000     0.0000     0.0000     0.0000   3.15100804    9.4717370   -46.192    12.686
svyoct19           geo-0001:sv1-20191030-S-16-1A      58787.186368 19-OCT-31 04:28:22.19      1.467360     3  19.20  19.30  44574.49671  0.0000000   14.3634   352.1645     0.0000    61.8106   -30.85      0.00855  0.0000000    0.0077     0.0585     0.0000     0.0567   3.13199568    9.4641365   -53.077    12.630
svyoct19           geo-0001:sv1-20191030-S-17-1A      58787.196206 19-OCT-31 04:42:32.19      2.200320     3  20.10  20.20  42123.68724  0.0000000   12.7257   322.4522     0.0000    90.5584     0.52      0.01003  0.0000000    0.0008     0.0935     0.0000     0.0912   3.09393842    9.3747898   -56.815    12.725
svyoct19           geo-0002:sv1-20191030-S-20-1A      58787.225072 19-OCT-31 05:24:06.22      2.200320     4  17.80  17.80  42431.06346  0.0000000   13.2039   339.6173     0.0000    73.7365    -3.41      0.00778  0.0000000    0.0044     0.0665     0.0000     0.0647   3.05346258    9.2317171   -67.323    12.667
svyoct19           geo-0001:sv1-20191031-S-14-1A      58788.238829 19-NOV-01 05:43:54.82      2.200320     4  17.90  17.90  43152.42473  0.0000000   12.7166   317.9675     0.0000    94.8381   -12.65      0.00608  0.0000000    0.0012     0.0550     0.0000     0.0537   3.04182801    9.1956290   -73.284    12.671
svyoct19           geo-0002:sv1-20191031-S-14-1A      58788.239847 19-NOV-01 05:45:22.78      2.200320     4  19.40  19.40  42039.36742  0.0000000   13.0785   325.2422     0.0000    87.8504     1.60      0.00687  0.0000000    0.0007     0.0623     0.0000     0.0607   3.03508000    9.3938929   -73.543    13.069
svyoct19           geo-0011:sv1-20191031-S-5-1B       58787.876820 19-OCT-31 21:02:37.24      0.732960     2  16.60  16.80  36104.18711  0.0000000    6.7738    43.4696     0.0000   315.5234    77.57      0.00000  0.0000000    0.0000     0.0000     0.0000     0.0000   0.11238825  -10.5958078     3.663    -4.740
svyoct19           geo-0001:sv1-20191031-S-6-1A       58787.885384 19-OCT-31 21:14:57.17      2.933280     5  17.70  18.00  44946.79278  0.0000000   32.0955    11.1711     0.0000   346.1213   -35.61      0.02620  0.0000000    0.0488     0.0227     0.0000     0.0192   0.07156844  -12.3201045     0.726    -7.322
svyoct19           geo-0002:sv1-20191031-S-6-1A       58787.889968 19-OCT-31 21:21:33.23      2.200320     4  18.30  18.60  37591.48270  0.0000000   19.1187    16.3418     0.0000   341.6846    58.53      0.02976  0.0000000    0.0662     0.0670     0.0000     0.0631   0.06381083  -12.0630358    -1.303    -5.908
svynov19           geo-0002:sv1-20191127-S-36-1A      58815.085685 19-NOV-28 02:03:23.18      2.200320     4  18.30  18.40  43847.65110  0.0000000    5.2536   286.1365     0.0000   131.5186   -21.54      0.00538  0.0000000    0.0070     0.0859     0.0000     0.0856   3.38051487    0.0004108   -39.766     3.931
svynov19           geo-0004:sv1-20191127-S-36-1A      58815.094343 19-NOV-28 02:15:51.23      2.933280     4  18.40  18.50  47930.60352  0.0000000    4.9196   288.7972     0.0000   128.9525   -73.81      0.00948  0.0000000    0.0106     0.1517     0.0000     0.1511   3.38133633    0.1517724   -42.813     3.824
svynov19           geo-0001:sv1-20191127-S-36-1B      58815.094597 19-NOV-28 02:16:13.18      2.933280     5  17.60  17.70  43894.21636  0.0000000    4.7379   317.5142     0.0000   100.5539   -22.14      0.00843  0.0000000    0.0032     0.1960     0.0000     0.1953   3.37551052    0.4930543   -42.655     4.658
svynov19           geo-0004:sv1-20191127-S-36-1B      58815.095616 19-NOV-28 02:17:41.22      0.732960     2  15.90  16.00  42071.58602  0.0000000    5.4719   311.1825     0.0000   107.4272     1.19      0.00000  0.0000000    0.0000     0.0000     0.0000     0.0000   3.39378371    1.1631456   -42.441     5.220
svynov19           geo-0001:sv1-20191127-S-3-1A       58814.857768 19-NOV-27 20:35:11.15      1.467360     3  16.00  16.30  37560.04508  0.0000000   12.0870   248.9567     0.0000   124.1995    58.94      0.01062  0.0000000    0.0141     0.0984     0.0000     0.0962   1.05459522    6.2011711    -1.510     9.973
svynov19           geo-0004:sv1-20191127-S-3-1A       58814.859806 19-NOV-27 20:38:07.23      1.467360     3  16.30  16.70  37620.80818  0.0000000   11.7391   250.0894     0.0000   123.1837    58.16      0.01453  0.0000000    0.0188     0.1399     0.0000     0.1370   1.05353665    6.0851486    -2.171     9.804
svynov19           geo-0005:sv1-20191127-S-3-1A       58814.860315 19-NOV-27 20:38:51.21      1.467360     3  16.00  16.30  37084.99675  0.0000000   11.8425   250.9640     0.0000   122.3356    65.02      0.00977  0.0000000    0.0126     0.0958     0.0000     0.0938   1.05467429    6.1802001    -2.326     9.985
svynov19           geo-0006:sv1-20191127-S-3-1A       58814.863370 19-NOV-27 20:43:15.16      2.933280     5  16.50  16.90  46044.18148  0.0000000   12.3477   242.9668     0.0000   130.7190   -49.66      0.01067  0.0000000    0.0130     0.0699     0.0000     0.0683   1.05065205    6.2220667    -2.939     9.327
svynov19           geo-0007:sv1-20191127-S-3-1A       58814.863880 19-NOV-27 20:43:59.23      1.467360     3  19.60  19.90  38254.14522  0.0000000   11.9067   251.2554     0.0000   122.4141    50.05      0.02405  0.0000000    0.0299     0.2261     0.0000     0.2213   1.06186195    6.2929156    -3.236    10.031
svynov19           geo-0008:sv1-20191127-S-3-1A       58814.867444 19-NOV-27 20:49:07.16      2.200320     3  16.40  16.70  38307.20076  0.0000000   11.8896   251.1244     0.0000   122.5029    49.37      0.01902  0.0000000    0.0237     0.1785     0.0000     0.1747   1.05136604    6.2831296    -4.566    10.006
svynov19           geo-0009:sv1-20191127-S-3-1A       58814.869481 19-NOV-27 20:52:03.15      2.200320     4  19.40  19.80  39390.01813  0.0000000   12.0499   248.3002     0.0000   125.4481    35.51      0.00905  0.0000000    0.0118     0.0783     0.0000     0.0766   1.05130196    6.2025878    -5.141     9.792
svynov19           geo-0010:sv1-20191127-S-3-1A       58814.869991 19-NOV-27 20:52:47.22      2.933280     5  19.70  20.00  43893.01226  0.0000000   10.1118   305.1334     0.0000    69.7055   -22.12      0.00710  0.0000000    0.0048     0.0746     0.0000     0.0735   1.05037535    6.2316071    -5.133     9.478
svynov19           geo-0012:sv1-20191127-S-3-1A       58814.871519 19-NOV-27 20:54:59.24      2.200320     4  17.00  17.30  42199.80452  0.0000000   10.7177   310.7597     0.0000    64.3011    -0.45      0.00737  0.0000000    0.0065     0.0737     0.0000     0.0724   1.05360151    6.2627981    -5.565     9.647
svynov19           geo-0013:sv1-20191127-S-3-1A       58814.873556 19-NOV-27 20:57:55.23      2.200320     4  18.00  18.30  37545.70339  0.0000000   12.1627   248.1715     0.0000   125.7104    59.12      0.01621  0.0000000    0.0225     0.1466     0.0000     0.1433   1.05201412    6.1252051    -6.465     9.850
svynov19           geo-0014:sv1-20191127-S-3-1A       58814.875083 19-NOV-27 21:00:07.17      1.467360     3  17.60  17.90  38404.54715  0.0000000   11.8642   250.8047     0.0000   123.2785    48.13      0.00675  0.0000000    0.0086     0.0628     0.0000     0.0615   1.05289359    6.2201895    -6.864     9.897
svynov19           geo-0015:sv1-20191127-S-3-1A       58814.875083 19-NOV-27 21:00:07.17      2.200320     4  19.30  19.60  43880.65210  0.0000000   10.9169   251.5221     0.0000   122.8987   -21.97      0.01330  0.0000000    0.0143     0.1154     0.0000     0.1134   1.05368170    6.0048481    -6.617     9.150
svynov19           geo-0002:sv1-20191127-S-3-1B       58814.859551 19-NOV-27 20:37:45.20      2.200320     4  17.60  17.90  42271.26068  0.0000000   11.6635   252.7318     0.0000   120.8046    -1.37      0.01227  0.0000000    0.0130     0.1066     0.0000     0.1044   1.05257725    6.5019447    -1.845    10.000
svynov19           geo-0004:sv1-20191127-S-3-1B       58814.866681 19-NOV-27 20:48:01.23      2.933280     5  15.20  15.60  42189.54581  0.0000000   11.1202   310.4006     0.0000    64.3186    -0.32      0.00542  0.0000000    0.0048     0.0523     0.0000     0.0513   1.04573028    6.5118472    -4.191    10.010
svynov19           geo-0013:sv1-20191127-S-3-1B       58814.867699 19-NOV-27 20:49:29.19      0.732960     2  16.40  16.70  38372.86976  0.0000000   11.8359   251.4810     0.0000   122.2643    48.53      0.00000  0.0000000    0.0000     0.0000     0.0000     0.0000   1.05398810    6.2738947    -4.547     9.988
svynov19           geo-0006:sv1-20191127-S-3-1B       58814.871264 19-NOV-27 20:54:37.20      2.200320     4  17.00  17.40  42209.60833  0.0000000   10.7504   311.1368     0.0000    63.8392    -0.58      0.00529  0.0000000    0.0047     0.0524     0.0000     0.0515   1.05137386    6.2554293    -5.566     9.638
svynov19           geo-0007:sv1-20191127-S-3-1B       58814.874829 19-NOV-27 20:59:45.22      1.467360     3  18.70  19.00  39470.78872  0.0000000   11.8539   251.4652     0.0000   122.6998    34.48      0.00530  0.0000000    0.0064     0.0481     0.0000     0.0471   1.05408885    6.3244777    -6.696     9.954
svynov19           geo-0009:sv1-20191127-S-3-1B       58814.876866 19-NOV-27 21:02:41.22      1.467360     3  16.40  16.70  38096.73650  0.0000000   11.6835   259.1241     0.0000   115.1547    52.07      0.01303  0.0000000    0.0130     0.1347     0.0000     0.1319   1.05325941    7.0717257    -7.417    10.562
svynov19           geo-0002:sv1-20191127-S-45-1A      58815.165905 19-NOV-28 03:58:54.19      1.467360     3  17.70  18.30  42579.83034  0.0000000   15.3930     2.0342     0.0000   123.7691    -5.32      0.00468  0.0000000    0.0053     0.0297     0.0000     0.0287   8.37344040   10.0013020     0.278    12.748
svynov19           geo-0002:sv1-20191127-S-45-1B      58815.175836 19-NOV-28 04:13:12.23      2.200320     4  16.40  17.10  42742.33413  0.0000000   16.6785    72.8483     0.0000    55.5358    -7.40      0.00631  0.0000000    0.0072     0.0370     0.0000     0.0354   8.37309233   11.0748870    -2.857    13.688
svynov19           geo-0002:sv1-20191127-S-50-1A      58815.245917 19-NOV-28 05:54:07.22      1.465920     3  17.80  18.30  37804.72174  0.0000000   22.7722    93.2735     0.0000    36.0033    55.81      0.01456  0.0000000    0.0275     0.0522     0.0000     0.0482   8.20118504   10.0638884   -28.287    13.152
svynov19           geo-0001:sv1-20191128-S-10-1A      58816.181472 19-NOV-29 04:21:19.18      2.200320     4  17.60  18.20  42611.17529  0.0000000   15.4060     1.9489     0.0000   123.6083    -5.72      0.00398  0.0000000    0.0045     0.0253     0.0000     0.0244   8.32286089   10.0539710    -6.574    12.782
svynov19           geo-0001:sv1-20191128-S-11-1B      58816.205824 19-NOV-29 04:56:23.19      2.200320     4  17.00  17.50  42909.64550  0.0000000   16.7011    72.9745     0.0000    54.7158    -9.54      0.00613  0.0000000    0.0071     0.0354     0.0000     0.0339   8.26578589   11.0319719   -15.377    13.567
svynov19           geo-0001:sv1-20191128-S-16-1A      58816.266057 19-NOV-29 06:23:07.32      2.933280     5  16.70  17.20  41805.19334  0.0000000   20.9724   343.6050     0.0000   141.1915     4.60      0.00806  0.0000000    0.0132     0.0294     0.0000     0.0275   8.14184429   10.0914583   -36.939    12.963
svynov19           geo-0002:sv1-20191129-S-14-1A      58816.918174 19-NOV-29 22:02:10.23      2.933280     5  20.60  20.60  52121.15124  0.0000000   22.9036    50.7002     0.0000     9.0954  -127.45      0.03125  0.0000000    0.0504     0.0227     0.0000     0.0204   4.12359108    0.1507544    20.046     3.527
svynov19           geo-0003:sv1-20191129-S-14-1A      58816.921229 19-NOV-29 22:06:34.18      2.933280     5  19.30  19.30  45891.56460  0.0000000    6.3035   281.0152     0.0000   137.3978   -47.71      0.00914  0.0000000    0.0126     0.1041     0.0000     0.1035   4.12226344    0.3425648    18.440     4.262
svynov19           geo-0004:sv1-20191129-S-14-1A      58816.924285 19-NOV-29 22:10:58.22      2.933280     5  16.30  16.40  44567.71160  0.0000000    4.6348   293.0508     0.0000   125.3361   -30.76      0.00331  0.0000000    0.0037     0.0639     0.0000     0.0637   4.11592955   -0.0506458    17.227     3.780
svynov19           geo-0005:sv1-20191129-S-14-1A      58816.924794 19-NOV-29 22:11:42.20      2.200320     4  16.80  16.90  41435.43465  0.0000000    4.4110   304.5343     0.0000   113.6237     9.33      0.00484  0.0000000    0.0041     0.1197     0.0000     0.1194   4.12179535   -0.0714454    16.788     4.041
svynov19           geo-0001:sv1-20191129-S-14-1B      58816.920975 19-NOV-29 22:06:12.24      2.933280     5  19.20  19.30  45898.22340  0.0000000    6.2364   281.5729     0.0000   136.7631   -47.79      0.00696  0.0000000    0.0095     0.0811     0.0000     0.0806   4.12034287    0.3449382    18.452     4.268
svynov19           geo-0002:sv1-20191129-S-14-1B      58816.929123 19-NOV-29 22:17:56.22      2.933280     5  19.60  19.70  43705.27021  0.0000000    4.4635   323.7210     0.0000    94.8704   -19.72      0.00879  0.0000000    0.0018     0.2208     0.0000     0.2202   4.12112850    0.3434549    15.611     4.447
svynov19           geo-0001:sv1-20191129-S-3-1A       58816.830454 19-NOV-29 19:55:51.22      1.467360     3  18.20  18.60  36959.58213  0.0000000    9.7515   288.7831     0.0000    84.9452    66.62      0.00000  0.0000000    0.0000     0.0000     0.0000     0.0000   1.10442952    5.5412850     6.277     9.713
svynov19           geo-0002:sv1-20191129-S-3-1A       58816.832491 19-NOV-29 19:58:47.22      2.200320     4  18.10  18.50  43565.54489  0.0000000   12.1125   325.0390     0.0000    50.0468   -17.93      0.00492  0.0000000    0.0062     0.0358     0.0000     0.0350   1.11094724    6.0237328     6.337     9.256
svynov19           geo-0003:sv1-20191129-S-3-1A       58816.838602 19-NOV-29 20:07:35.21      2.200320     3  19.50  19.90  38617.83938  0.0000000   11.7907   251.0388     0.0000   122.6522    45.40      0.00682  0.0000000    0.0084     0.0636     0.0000     0.0622   1.10526933    6.2019688     3.930     9.907
svynov19           geo-0004:sv1-20191129-S-3-1A       58816.842167 19-NOV-29 20:12:43.22      1.467360     3  14.20  14.50  36621.44296  0.0000000   10.5288   268.0543     0.0000   106.0282    70.95      0.01761  0.0000000    0.0120     0.2237     0.0000     0.2199   1.11212149    6.2148938     2.737    10.115
svynov19           geo-0006:sv1-20191129-S-3-1B       58816.834783 19-NOV-29 20:02:05.25      2.200320     4  17.50  17.80  38229.83887  0.0000000   11.8207   252.8442     0.0000   120.6673    50.36      0.01169  0.0000000    0.0138     0.1124     0.0000     0.1100   1.11010000    6.3407932     5.113    10.148
svynov19           geo-0007:sv1-20191129-S-3-1B       58816.839875 19-NOV-29 20:09:25.20      2.200320     4  17.10  17.40  43017.12377  0.0000000   11.6014   318.7398     0.0000    56.5318   -10.91      0.00580  0.0000000    0.0064     0.0486     0.0000     0.0476   1.11099660    6.2822452     3.947     9.657
svynov19           geo-0016:sv1-20191129-S-43-1A      58817.190199 19-NOV-30 04:33:53.19      0.732960     2  18.00  18.60  37220.15204  0.0000000   22.2439    92.7580     0.0000    36.7807    63.29      0.00000  0.0000000    0.0000     0.0000     0.0000     0.0000   8.34528359   10.0127915    -9.801    13.100
svynov19           geo-0003:sv1-20191129-S-43-1B      58817.179759 19-NOV-30 04:18:51.17      2.200320     4  15.40  16.00  39968.02272  0.0000000   16.0008    67.6417     0.0000    60.0032    28.11      0.00195  0.0000000    0.0021     0.0135     0.0000     0.0130   8.33203301   11.0546289    -6.817    13.812
svynov19           geo-0001:sv1-20191129-S-44-1A      58817.196981 19-NOV-30 04:43:39.15      2.200320     4  18.50  19.00  41562.78196  0.0000000   15.0358     4.7027     0.0000   121.0123     7.70      0.00715  0.0000000    0.0078     0.0494     0.0000     0.0477   8.28486772   10.0647747   -13.085    12.846
svynov19           geo-0002:sv1-20191129-S-44-1A      58817.198000 19-NOV-30 04:45:07.20      2.200320     4  17.30  17.90  42617.09910  0.0000000   15.3948     2.0060     0.0000   123.6503    -5.79      0.00835  0.0000000    0.0095     0.0532     0.0000     0.0513   8.28377616   10.0600178   -13.428    12.767
svynov19           geo-0005:sv1-20191129-S-50-1A      58817.251889 19-NOV-30 06:02:43.20      2.933280     4  16.60  17.10  44973.53797  0.0000000   13.1647    38.1797     0.0000    88.6676   -35.96      0.00187  0.0000000    0.0001     0.0157     0.0000     0.0152   8.18037850   10.3856513   -32.698    13.161
svynov19           geo-0006:sv1-20191129-S-50-1A      58817.255963 19-NOV-30 06:08:35.20      1.467360     3  16.70  17.10  37979.35984  0.0000000   22.8244    93.3089     0.0000    36.3633    53.57      0.01573  0.0000000    0.0294     0.0563     0.0000     0.0520   8.18102900   10.1504233   -33.509    13.297
svynov19           geo-0007:sv1-20191129-S-50-1A      58817.256472 19-NOV-30 06:09:19.18      1.465920     3  18.00  18.50  37487.25066  0.0000000   22.8857    94.0592     0.0000    35.8263    59.87      0.05436  0.0000000    0.1038     0.1945     0.0000     0.1795   8.18531054   10.0220915   -33.477    13.158
svynov19           geo-0001:sv1-20191129-S-50-1B      58817.252144 19-NOV-30 06:03:05.24      2.200320     4  16.50  17.00  44983.12113  0.0000000   13.1659    38.5484     0.0000    88.3917   -36.08      0.00380  0.0000000    0.0003     0.0319     0.0000     0.0310   8.18241823   10.3857073   -32.705    13.161
svynov19           geo-0001:sv1-20191130-S-35-1A      58818.038127 19-DEC-01 00:54:54.17      1.467360     3  20.10  20.20  46053.57741  0.0000000    5.1942   285.0804     0.0000   132.6904   -49.78      0.00818  0.0000000    0.0103     0.1228     0.0000     0.1223   3.46460875    0.0515828   -25.442     3.816
svynov19           geo-0002:sv1-20191130-S-35-1A      58818.039655 19-DEC-01 00:57:06.19      2.933280     5  16.00  16.10  42108.62693  0.0000000    4.4799   326.3759     0.0000    91.3165     0.72      0.00796  0.0000000    0.0009     0.2091     0.0000     0.2085   3.45016014    0.2654953   -26.185     4.479
svynov19           geo-0003:sv1-20191130-S-35-1A      58818.043220 19-DEC-01 01:02:14.20      2.933280     5  18.60  18.70  49839.88802  0.0000000    4.8322   289.9531     0.0000   127.6104   -98.24      0.00758  0.0000000    0.0079     0.1203     0.0000     0.1198   3.45144237    0.2505770   -27.506     3.826
svynov19           geo-0004:sv1-20191130-S-35-1A      58818.043729 19-DEC-01 01:02:58.18      1.467360     3  21.10  21.20  42597.49898  0.0000000    4.6081   299.9004     0.0000   117.9365    -5.54      0.00246  0.0000000    0.0024     0.0547     0.0000     0.0546   3.45137714    0.0153666   -27.439     4.070
svynov19           geo-0005:sv1-20191130-S-35-1A      58818.047803 19-DEC-01 01:08:50.17      1.467360     3  19.70  19.80  36777.71529  0.0000000    5.7622   292.6063     0.0000   125.6272    68.95      0.04260  0.0000000    0.0602     0.8288     0.0000     0.8246   3.45086639   -0.0013616   -28.452     4.681
svynov19           geo-0006:sv1-20191130-S-35-1A      58818.050859 19-DEC-01 01:13:14.21      2.200320     4  18.90  19.00  42580.44331  0.0000000    4.4294   308.0485     0.0000   110.1525    -5.32      0.00678  0.0000000    0.0048     0.1669     0.0000     0.1664   3.45166384    0.0746224   -29.670     4.158
svynov19           geo-0001:sv1-20191130-S-35-1B      58818.040419 19-DEC-01 00:58:12.20      2.200320     4  19.20  19.20  41646.08996  0.0000000    5.2755   338.2145     0.0000    79.7103     6.64      0.00617  0.0000000    0.0023     0.1375     0.0000     0.1369   3.45380106    1.1307487   -26.275     5.190
svynov19           geo-0003:sv1-20191130-S-3-1A       58817.829308 19-NOV-30 19:54:12.21      1.467360     3  18.00  18.30  42973.46478  0.0000000   11.5705   318.4940     0.0000    56.3608   -10.35      0.00366  0.0000000    0.0041     0.0307     0.0000     0.0300   1.10503053    6.2401370     6.361     9.613
svynov19           geo-0011:sv1-20191130-S-3-1A       58817.833891 19-NOV-30 20:00:48.18      0.732960     2  20.00  20.30  37076.45384  0.0000000   12.3742   244.4194     0.0000   128.9900    65.13      0.00000  0.0000000    0.0000     0.0000     0.0000     0.0000   1.11100510    5.4707863     4.466     9.588
svynov19           geo-0005:sv1-20191130-S-3-1A       58817.837965 19-NOV-30 20:06:40.17      1.467360     3  19.30  19.70  43057.12499  0.0000000   10.1433   308.5134     0.0000    66.6389   -11.43      0.00913  0.0000000    0.0072     0.0958     0.0000     0.0943   1.11249096    6.0420145     3.747     9.304
svynov19           geo-0001:sv1-20191130-S-3-1B       58817.825998 19-NOV-30 19:49:26.22      2.200320     4  14.00  14.40  41851.90064  0.0000000   13.1385   324.6387     0.0000    50.1615     4.00      0.01117  0.0000000    0.0148     0.0789     0.0000     0.0768   1.10453601    6.4750961     7.297    10.052
svynov19           geo-0003:sv1-20191130-S-3-1B       58817.829053 19-NOV-30 19:53:50.17      2.200320     4  17.60  18.00  43010.16222  0.0000000   11.6202   318.8921     0.0000    55.8842   -10.82      0.00701  0.0000000    0.0079     0.0583     0.0000     0.0570   1.10287462    6.2318108     6.366     9.599
svynov19           geo-0004:sv1-20191130-S-3-1B       58817.830581 19-NOV-30 19:56:02.19      1.467360     3  18.50  18.90  41216.33835  0.0000000   11.1597   261.9608     0.0000   111.8803    12.14      0.01363  0.0000000    0.0108     0.1376     0.0000     0.1350   1.10524326    7.0531768     5.813    10.347
svynov19           geo-0005:sv1-20191130-S-3-1B       58817.831090 19-NOV-30 19:56:46.17      2.200320     4  18.10  18.40  42260.34624  0.0000000   11.3313   313.5783     0.0000    61.1617    -1.23      0.00627  0.0000000    0.0062     0.0576     0.0000     0.0564   1.10320254    6.4107994     5.668     9.911
svynov19           geo-0008:sv1-20191130-S-3-1B       58817.834655 19-NOV-30 20:01:54.19      2.200320     4  18.10  18.50  39774.10850  0.0000000   15.6036   334.6715     0.0000    40.5995    30.60      0.00514  0.0000000    0.0086     0.0277     0.0000     0.0267   1.10308607    6.3932172     4.332    10.081
svynov19           geo-0003:sv1-20191130-S-48-1A      58818.157583 19-DEC-01 03:46:55.17      0.732960     2  19.60  20.20  48220.69365  0.0000000   12.6263    32.1257     0.0000    95.1890   -77.52      0.00000  0.0000000    0.0000     0.0000     0.0000     0.0000   8.39125667   10.0959787     0.991    12.574
svynov19           geo-0002:sv1-20191130-S-51-1A      58818.180198 19-DEC-01 04:19:29.10      2.200320     3  18.50  19.00  38962.74436  0.0000000   16.8784   358.9569     0.0000   126.3996    40.98      0.03836  0.0000000    0.0518     0.2397     0.0000     0.2294   8.32210359   10.4010081    -8.047    13.515
svynov19           geo-0008:sv1-20191130-S-54-1A      58818.210824 19-DEC-01 05:03:35.19      0.732960     2  18.90  19.50  37670.07566  0.0000000   22.7709    93.4062     0.0000    35.7366    57.53      0.00000  0.0000000    0.0000     0.0000     0.0000     0.0000   8.26304639   10.0217684   -18.702    13.065
svynov19           geo-0002:sv1-20191130-S-54-1A      58818.214389 19-DEC-01 05:08:43.20      1.467360     3  17.50  18.00  37808.47993  0.0000000   22.6371    93.0537     0.0000    35.9549    55.76      0.07016  0.0000000    0.1332     0.2535     0.0000     0.2342   8.25029306   10.0239782   -20.104    13.061
svynov19           geo-0009:sv1-20191130-S-54-1A      58818.214898 19-DEC-01 05:09:27.18      0.732960     2  17.60  18.10  42610.52634  0.0000000   15.3988     1.9802     0.0000   123.9042    -5.71      0.00000  0.0000000    0.0000     0.0000     0.0000     0.0000   8.25164042   10.0323784   -20.281    12.732
svynov19           geo-0001:sv1-20191130-S-54-1B      58818.205986 19-DEC-01 04:56:37.19      3.666240     6  17.30  17.80  58568.20275  0.0000000   13.1048    51.8208     0.0000    75.0574  -209.97      0.01711  0.0000000    0.0061     0.1031     0.0000     0.1004   8.25431764   10.4710794   -17.428    12.654
svynov19           geo-0002:sv1-20191130-S-59-1A      58818.266679 19-DEC-01 06:24:01.06      1.467360     3  17.30  17.80  38080.95928  0.0000000   23.1955    93.7300     0.0000    36.2441    52.27      0.03736  0.0000000    0.0695     0.1305     0.0000     0.1202   8.16061668   10.2416230   -38.131    13.466
svynov19           geo-0003:sv1-20191130-S-59-1A      58818.267189 19-DEC-01 06:24:45.12      2.200320     4  17.80  18.20  37928.80636  0.0000000   23.1365    93.5700     0.0000    36.3974    54.22      0.02894  0.0000000    0.0539     0.1024     0.0000     0.0944   8.15551488   10.2425977   -38.315    13.483
svynov19           geo-0004:sv1-20191130-S-59-1A      58818.267698 19-DEC-01 06:25:29.10      1.467360     3  15.00  15.40  28463.50595  0.0000000   25.8899   341.6913     0.0000   144.4231   175.37      0.02171  0.0000000    0.0588     0.0959     0.0000     0.0861   8.15326139   10.4035200   -37.273    14.717
svynov19           geo-0017:sv1-20191130-S-59-1A      58818.268207 19-DEC-01 06:26:13.08      0.732960     2  18.30  18.80  37899.14656  0.0000000   23.1383    93.4426     0.0000    36.5645    54.60      0.00000  0.0000000    0.0000     0.0000     0.0000     0.0000   8.15495402   10.2752860   -38.648    13.538
