Campaign           Name                              Osc_epoch     Date      Time        arcl [min]    # obs mag_c   mag_u  a(km)        e          i(dg)     raan(dg)   w(dg)      s(dg)      dn(dg/d) da(km)       de         di(dg)    draan(dg)  dw(dg)     ds(dg)     R.A.(h)      Decl.(dg)    lon(dg)   lat(dg)  
svyjan19_gto75     geo-0001:sv1-20190103-S-10-1A      58487.007733 19-JAN-04 00:11:08.13      1.465920     3  18.50  18.70  41382.39510  0.0000000   10.0251    31.9932     0.0000    99.4345    10.01      0.00851  0.0000000    0.0031     0.1006     0.0000     0.0991   9.09525600    6.2121383    25.462     9.888
svyjan19_gto75     geo-0001:sv1-20190103-S-17-1A      58487.161372 19-JAN-04 03:52:22.54      2.933280     4  17.20  17.30  44866.62644  0.0000000   10.6722    20.5854     0.0000   111.0218   -34.59      0.01301  0.0000000    0.0091     0.1254     0.0000     0.1232   8.40233145    6.5837511   -29.626     9.954
svyjan19_gto75     geo-0003:sv1-20190103-S-18-1B      58487.183972 19-JAN-04 04:24:55.18      1.467360     3  17.70  17.90  42860.90652  0.0000000   10.7481    52.2034     0.0000    79.9505    -8.91      0.02012  0.0000000    0.0071     0.2143     0.0000     0.2105   8.35260003    7.2909394   -37.751    10.581
svyjan19_gto75     geo-0001:sv1-20190103-S-20-1A      58487.207560 19-JAN-04 04:58:53.18      2.200320     4  16.70  16.80  42002.34788  0.0000000   10.1714    31.9763     0.0000    99.6149     2.08      0.01113  0.0000000    0.0040     0.1281     0.0000     0.1261   8.29301365    6.4148672   -46.502    10.027
svyjan19_gto75     geo-0001:sv1-20190103-S-22-1A      58487.232375 19-JAN-04 05:34:37.20      2.200320     4  19.10  19.20  42299.65752  0.0000000   14.5922   354.6661     0.0000   135.9685    -1.73      0.00374  0.0000000    0.0055     0.0212     0.0000     0.0204   8.24409597    6.4115579   -55.629    10.085
svyjan19_gto75     geo-0002:sv1-20190103-S-25-1A      58487.291056 19-JAN-04 06:59:07.23      2.200320     4  13.40  13.50  41851.51754  0.0000000   14.5513   357.2856     0.0000   133.8029     4.01      0.00473  0.0000000    0.0068     0.0282     0.0000     0.0272   8.19154812    6.4502705   -76.362    10.447
svyjan19_gto75     geo-0001:sv1-20190104-S-16-1A      58488.260234 19-JAN-05 06:14:44.21      5.866560     9  17.90  18.00  66248.62576  0.0000000   11.0279   352.6061     0.0000   136.3152  -308.28      0.01741  0.0000000    0.0160     0.0790     0.0000     0.0775   8.21318614    5.1513711   -68.789     7.592
svyjan19_gto75     geo-0002:sv1-20190104-S-16-1A      58488.260234 19-JAN-05 06:14:44.21      5.866560     5  18.50  18.60  66260.83370  0.0000000   11.0381   352.5555     0.0000   136.3662  -308.43      0.01933  0.0000000    0.0178     0.0875     0.0000     0.0858   8.21324934    5.1514997   -68.788     7.592
svyjan19_gto75     geo-0014:sv1-20190104-S-16-1A      58488.270419 19-JAN-05 06:29:24.20      0.732960     2  17.40  17.50  46806.68612  0.0000000   17.1164   341.9077     0.0000   148.7643   -59.42      0.00000  0.0000000    0.0000     0.0000     0.0000     0.0000   8.23153244    5.2748133   -70.110     8.779
svyjan19_gto75     geo-0002:sv1-20190104-S-16-1B      58488.257942 19-JAN-05 06:11:26.18      2.200320     4  17.80  17.90  40892.91214  0.0000000   10.2486    25.0779     0.0000   106.6728    16.28      0.00773  0.0000000    0.0048     0.0881     0.0000     0.0866   8.21432250    6.0732694   -65.411     9.813
svyjan19_gto75     geo-0004:sv1-20190104-S-16-1B      58488.269146 19-JAN-05 06:27:34.21      2.200320     4  17.60  17.70  46910.40722  0.0000000   17.0804   341.9465     0.0000   148.3235   -60.75      0.01723  0.0000000    0.0270     0.0567     0.0000     0.0540   8.21439969    5.3423238   -70.048     8.872
svyjan19_gto75     geo-0009:sv1-20190104-S-2-1A       58487.992874 19-JAN-04 23:49:44.31      0.732960     2  18.80  19.00  44973.96447  0.0000000   10.8069     2.6631     0.0000   129.7397   -35.96      0.00000  0.0000000    0.0000     0.0000     0.0000     0.0000   9.15028468    4.5115489    31.177     8.290
svyjan19_gto75     geo-0003:sv1-20190104-S-3-1A       58488.009332 19-JAN-05 00:13:26.28      2.933280     5  10.30  10.50  43093.58054  0.0000000   17.0905   342.1381     0.0000   148.9116   -11.89      0.00440  0.0000000    0.0075     0.0152     0.0000     0.0146   9.10496405    5.1406421    24.510     8.728
svyjan19_gto75     geo-0002:sv1-20190104-S-6-1A       58488.064358 19-JAN-05 01:32:40.53      2.200320     4  18.40  18.60  37086.25530  0.0000000   10.0772    69.6772     0.0000    62.5680    65.00      0.04101  0.0000000    0.0447     0.4982     0.0000     0.4903   9.02180238    4.5936513     4.344     8.934
svyjan19_gto75     geo-0001:sv1-20190104-S-6-1B       58488.051881 19-JAN-05 01:14:42.51      2.200320     4  18.40  18.50  41771.24387  0.0000000   19.5458   339.5603     0.0000   150.8131     5.03      0.01468  0.0000000    0.0266     0.0440     0.0000     0.0417   9.02333339    5.5947880     8.767     9.390
svyjan19_gto75     geo-0001:sv1-20190105-S-10-1B      58489.013151 19-JAN-06 00:18:56.24      2.200320     4  18.60  18.70  44318.00372  0.0000000   10.4670    84.5063     0.0000    47.9349   -27.56      0.00746  0.0000000    0.0097     0.0596     0.0000     0.0586   9.08115291    4.1644499    21.927     7.751
svyjan19_gto75     geo-0002:sv1-20190105-S-10-1B      58489.016715 19-JAN-06 00:24:04.17      3.666240     6  18.00  18.20  57948.46126  0.0000000   21.4701   331.5282     0.0000   160.4342  -202.03      0.02778  0.0000000    0.0378     0.0362     0.0000     0.0339   9.08031663    4.2355376    21.904     7.041
svyjan19_gto75     geo-0003:sv1-20190105-S-10-1B      58489.018243 19-JAN-06 00:26:16.19      2.933280     5  18.10  18.20  45802.51116  0.0000000    9.5183     7.4728     0.0000   124.3396   -46.57      0.01947  0.0000000    0.0207     0.1805     0.0000     0.1781   9.07422422    4.3122924    20.309     7.848
svyjan19_gto75     geo-0004:sv1-20190105-S-10-1B      58489.020789 19-JAN-06 00:29:56.16      2.200320     4  17.80  18.00  42984.56617  0.0000000    7.9093    47.1482     0.0000    84.8629   -10.50      0.01219  0.0000000    0.0023     0.1769     0.0000     0.1752   9.07419099    4.1908272    19.169     7.877
svyjan19_gto75     geo-0005:sv1-20190105-S-10-1B      58489.028938 19-JAN-06 00:41:40.24      1.465920     3  19.00  19.20  36943.62153  0.0000000   19.5453   105.8667     0.0000    26.9471    66.83      0.05351  0.0000000    0.1146     0.1780     0.0000     0.1669   9.07359286    4.3834419    15.730     8.720
svyjan19_gto75     geo-0002:sv1-20190105-S-20-1A      58489.165130 19-JAN-06 03:57:47.23      2.933280     5  17.50  17.70  48344.16957  0.0000000    9.1727     4.8606     0.0000   126.7957   -79.10      0.02173  0.0000000    0.0230     0.1912     0.0000     0.1887   8.39392748    4.1416985   -32.888     7.334
svyjan19_gto75     geo-0001:sv1-20190105-S-21-1A      58489.176498 19-JAN-06 04:14:09.42      1.467360     3  16.40  16.50  44584.86230  0.0000000   34.7364   321.9557     0.0000   167.3663   -30.98      0.05885  0.0000000    0.1131     0.0456     0.0000     0.0374   8.34246810    3.4325797   -37.483     7.159
svyjan19_gto75     geo-0001:sv1-20190105-S-23-1A      58489.203637 19-JAN-06 04:53:14.23      2.200320     4  18.60  18.70  41980.15127  0.0000000   21.6838   331.3402     0.0000   159.1046     2.36      0.01636  0.0000000    0.0319     0.0331     0.0000     0.0306   8.29384105    3.5410282   -46.991     7.573
svyjan19_gto75     geo-0001:sv1-20190105-S-23-1B      58489.197780 19-JAN-06 04:44:48.19      2.933280     5  18.50  18.60  43124.35298  0.0000000   13.8414   345.2943     0.0000   145.3038   -12.29      0.00582  0.0000000    0.0097     0.0277     0.0000     0.0269   8.29175770    4.1840318   -45.300     7.827
svyjan19_gto75     geo-0002:sv1-20190105-S-23-1B      58489.198289 19-JAN-06 04:45:32.16      1.465920     3  17.20  17.30  31134.04554  0.0000000   12.8772   358.5128     0.0000   133.8216   141.19      0.01555  0.0000000    0.0317     0.1472     0.0000     0.1433   8.29350744    4.2401478   -43.805     9.253
svyjan19_gto75     geo-0001:sv1-20190105-S-24-1A      58489.233335 19-JAN-06 05:36:00.14      1.467360     3  12.40  12.60  33715.40747  0.0000000   24.3287   332.4418     0.0000   159.2682   108.15      0.06369  0.0000000    0.1599     0.1494     0.0000     0.1344   8.25395954    3.4309223   -56.106     8.386
svyjan19_gto75     geo-0001:sv1-20190105-S-24-1B      58489.235117 19-JAN-06 05:38:34.10      1.467360     3  10.40  10.50  42298.37546  0.0000000    8.0812    28.7940     0.0000   103.2832    -1.71      0.00671  0.0000000    0.0032     0.0947     0.0000     0.0938   8.26233109    4.1104623   -57.957     7.864
svyjan19_gto75     geo-0001:sv1-20190105-S-29-1A      58489.260975 19-JAN-06 06:15:48.24      5.866560     9  14.80  14.90  62419.44636  0.0000000    8.2708   358.7356     0.0000   130.4372  -259.26      0.02991  0.0000000    0.0263     0.2117     0.0000     0.2094   8.20200025    3.4236124   -70.028     6.286
svyjan19_gto75     geo-0002:sv1-20190105-S-29-1B      58489.272433 19-JAN-06 06:32:18.21      2.200320     4  18.50  18.60  48461.80371  0.0000000   13.9829    99.0080     0.0000    32.8549   -80.61      0.04116  0.0000000    0.0605     0.1631     0.0000     0.1585   8.20415727    4.1337194   -72.551     7.533
svyfeb19_gto105    geo-0002:sv1-20190202-S-14-1A      58517.019177 19-FEB-03 00:27:36.89      0.766080     2  18.60  18.70  49967.96518  0.0000000   28.4031   345.3253     0.0000   162.8325   -99.88      0.00000  0.0000000    0.0000     0.0000     0.0000     0.0000  10.13404388    5.0806108    10.313     8.071
svyfeb19_gto105    geo-0001:sv1-20190202-S-19-1B      58517.060784 19-FEB-03 01:27:31.73      1.533600     3  20.00  20.10  51432.88243  0.0000000   32.7496   344.6195     0.0000   162.9006  -118.64      0.08078  0.0000000    0.1281     0.0726     0.0000     0.0617  10.06240668    6.3024087    -4.715     9.152
svyfeb19_gto105    geo-0002:sv1-20190202-S-19-1B      58517.060784 19-FEB-03 01:27:31.73      1.533600     3   0.00   0.00  51463.45068  0.0000000   32.5899   344.7127     0.0000   162.8229  -119.03      0.00000  0.0000000    0.0000     0.0000     0.0000     0.0000   0.00000000    0.0000000     0.000     0.000
svyfeb19_gto105    geo-0001:sv1-20190202-S-23-1A      58517.115633 19-FEB-03 02:46:30.69      2.299680     4  13.10  13.10  42491.48083  0.0000000   15.4266     4.3870     0.0000   143.9322    -4.19      0.01498  0.0000000    0.0249     0.0676     0.0000     0.0651   9.52003439    5.4213857   -25.315     9.010
svyfeb19_gto105    geo-0001:sv1-20190202-S-24-1A      58517.127254 19-FEB-03 03:03:14.74      1.533600     3  13.70  13.70  36572.90839  0.0000000   12.5757    18.2995     0.0000   130.6201    71.57      0.00947  0.0000000    0.0151     0.0802     0.0000     0.0783   9.49221057    5.3853906   -29.215     9.513
svyfeb19_gto105    geo-0002:sv1-20190202-S-26-1A      58517.157578 19-FEB-03 03:46:54.73      0.766080     2  13.10  13.10  28073.96848  0.0000000   54.9176   338.7957     0.0000   167.1027   180.36      0.00000  0.0000000    0.0000     0.0000     0.0000     0.0000   9.43588257    5.2149800   -38.472    10.524
svyfeb19_gto105    geo-0002:sv1-20190202-S-26-1B      58517.156247 19-FEB-03 03:44:59.74      3.067200     5  17.40  17.40  46898.88712  0.0000000   10.4718    86.6587     0.0000    62.8538   -60.60      0.00913  0.0000000    0.0075     0.0815     0.0000     0.0801   9.44033322    6.1940845   -40.170     9.307
svyfeb19_gto105    geo-0001:sv1-20190202-S-27-1B      58517.168932 19-FEB-03 04:03:15.72      3.833280     6  18.30  18.40  49126.60641  0.0000000   10.4669    88.6906     0.0000    60.5922   -89.11      0.00658  0.0000000    0.0055     0.0546     0.0000     0.0537   9.41306689    6.1316013   -44.999     9.106
svyfeb19_gto105    geo-0002:sv1-20190202-S-31-1A      58517.204372 19-FEB-03 04:54:17.74      2.299680     4  16.70  16.70  42158.12920  0.0000000   15.0567     5.3637     0.0000   143.2522     0.08      0.00882  0.0000000    0.0146     0.0418     0.0000     0.0403   9.36028061    5.2245567   -57.092     8.941
svyfeb19_gto105    geo-0001:sv1-20190202-S-31-1B      58517.201976 19-FEB-03 04:50:50.72      3.833280     6  18.00  18.00  52744.06474  0.0000000   11.3360    17.4707     0.0000   130.2997  -135.42      0.01812  0.0000000    0.0189     0.1124     0.0000     0.1102   9.35486582    5.4845897   -57.469     8.622
svyfeb19_gto105    geo-0002:sv1-20190202-S-34-1A      58517.226038 19-FEB-03 05:25:29.68      0.766080     2  17.30  17.40  48637.22209  0.0000000    8.1967    53.6932     0.0000    95.0957   -82.85      0.00000  0.0000000    0.0000     0.0000     0.0000     0.0000   9.33362864    4.5843080   -65.642     8.164
svyfeb19_gto105    geo-0001:sv1-20190202-S-34-1A      58517.230297 19-FEB-03 05:31:37.66      3.067200     5  17.60  17.60  46940.50219  0.0000000    8.2434    65.8397     0.0000    82.9066   -61.13      0.01291  0.0000000    0.0029     0.1627     0.0000     0.1610   9.31345397    4.5115416   -67.348     8.180
svyfeb19_gto105    geo-0001:sv1-20190203-S-13-1A      58517.981223 19-FEB-03 23:32:57.66      2.299680     4  19.80  19.90  56587.55023  0.0000000   27.1666   344.3157     0.0000   164.8952  -184.62      0.03002  0.0000000    0.0430     0.0252     0.0000     0.0227  10.19206719    4.0526834    23.718     6.833
svyfeb19_gto105    geo-0001:sv1-20190203-S-14-1B      58517.998598 19-FEB-03 23:57:58.86      3.067200     4  11.10  11.20  42185.82674  0.0000000    8.2884    46.8897     0.0000   102.4266    -0.27      0.00858  0.0000000    0.0040     0.1187     0.0000     0.1175  10.16362650    4.3008889    16.077     8.093
svyfeb19_gto105    geo-0001:sv1-20190203-S-16-1A      58518.012080 19-FEB-04 00:17:23.71      1.533600     3  18.10  18.20  42103.82828  0.0000000   14.6833   359.2147     0.0000   149.3512     0.78      0.01064  0.0000000    0.0188     0.0437     0.0000     0.0424  10.13575902    3.4559156    11.160     7.424
svyfeb19_gto105    geo-0001:sv1-20190203-S-17-1A      58518.021573 19-FEB-04 00:31:03.90      1.533600     3  16.90  16.90  39174.02851  0.0000000   17.4818   356.0409     0.0000   152.0153    38.28      0.01317  0.0000000    0.0260     0.0456     0.0000     0.0437  10.12225073    4.1509694     7.504     8.103
svyfeb19_gto105    geo-0001:sv1-20190203-S-17-1B      58518.021307 19-FEB-04 00:30:40.92      0.766080     2  17.20  17.20  39092.26729  0.0000000   17.5969   355.8602     0.0000   152.0698    39.32      0.00000  0.0000000    0.0000     0.0000     0.0000     0.0000  10.11571838    4.1711753     7.487     8.141
svyfeb19_gto105    geo-0001:sv1-20190203-S-23-1A      58518.067104 19-FEB-04 01:36:37.78      3.067200     5  19.00  19.10  49318.37293  0.0000000   10.2103    12.5053     0.0000   136.6268   -91.57      0.01113  0.0000000    0.0139     0.0736     0.0000     0.0724  10.02375707    3.5620252    -8.508     6.992
svyfeb19_gto105    geo-0002:sv1-20190203-S-23-1A      58518.071363 19-FEB-04 01:42:45.76      3.067200     5  11.90  12.00  43087.15199  0.0000000   15.9947   357.4609     0.0000   151.1728   -11.81      0.00260  0.0000000    0.0046     0.0091     0.0000     0.0087  10.02229074    4.1023050   -10.055     7.635
svyfeb19_gto105    geo-0005:sv1-20190203-S-24-1B      58518.078458 19-FEB-04 01:52:58.77      0.766080     2  20.90  21.00  55702.00126  0.0000000   12.3369     3.7780     0.0000   145.3782  -173.28      0.00000  0.0000000    0.0000     0.0000     0.0000     0.0000  10.01055039    4.1840999   -12.415     6.972
svyfeb19_gto105    geo-0002:sv1-20190203-S-28-1B      58518.111306 19-FEB-04 02:40:16.83      0.766080     2  19.80  19.80  37242.50134  0.0000000   31.5149   344.0256     0.0000   163.0888    63.00      0.00000  0.0000000    0.0000     0.0000     0.0000     0.0000   9.52240670    4.5023573   -24.558     8.746
svyfeb19_gto105    geo-0002:sv1-20190203-S-29-1A      58518.133272 19-FEB-04 03:11:54.70      3.067200     3  18.40  18.40  59523.69478  0.0000000    6.4299    63.6160     0.0000    84.9677  -222.20      0.01306  0.0000000    0.0016     0.1609     0.0000     0.1599   9.47207112    3.5110938   -33.430     6.405
svyfeb19_gto105    geo-0001:sv1-20190203-S-29-1A      58518.133804 19-FEB-04 03:12:40.66      2.299680     4  16.70  16.80  43590.77720  0.0000000   12.4249     5.3780     0.0000   143.1826   -18.26      0.00845  0.0000000    0.0135     0.0465     0.0000     0.0454   9.47212270    3.5559056   -32.964     7.408
svyfeb19_gto105    geo-0002:sv1-20190203-S-33-1A      58518.169673 19-FEB-04 04:04:19.74      1.533600     3  17.40  17.40  35985.44866  0.0000000    8.2127    68.6189     0.0000    81.8723    79.09      0.01426  0.0000000    0.0051     0.2429     0.0000     0.2404   9.41599567    3.5101827   -44.714     8.130
svyfeb19_gto105    geo-0003:sv1-20190203-S-34-1A      58518.181825 19-FEB-04 04:21:49.68      1.533600     3  15.50  15.50  72550.03537  0.0000000   20.7373   344.1480     0.0000   162.3091  -388.93      0.02566  0.0000000    0.0277     0.0251     0.0000     0.0234   9.39101166    4.0304409   -51.971     6.177
svyfeb19_gto105    geo-0001:sv1-20190203-S-36-1A      58518.189186 19-FEB-04 04:32:25.67      2.299680     4  12.40  12.50  42136.09693  0.0000000   14.2074     0.1677     0.0000   148.3265     0.36      0.00533  0.0000000    0.0094     0.0235     0.0000     0.0227   9.36486177    3.4129812   -52.882     7.404
svyfeb19_gto105    geo-0002:sv1-20190203-S-36-1A      58518.191316 19-FEB-04 04:35:29.70      4.599360     7  17.10  17.20  58259.09669  0.0000000    6.7324    58.9264     0.0000    88.9312  -206.01      0.02872  0.0000000    0.0014     0.3507     0.0000     0.3483   9.36291890    4.0411077   -55.085     6.731
svyfeb19_gto105    geo-0001:sv1-20190203-S-36-1B      58518.190517 19-FEB-04 04:34:20.66      1.533600     3  16.80  16.80  34918.80284  0.0000000   20.1738   126.0775     0.0000    25.7586    92.74      0.02431  0.0000000    0.0551     0.0781     0.0000     0.0737   9.36565502    4.1223654   -52.202     8.620
svyfeb19_gto105    geo-0001:sv1-20190203-S-39-1B      58518.220146 19-FEB-04 05:17:00.61      1.533600     3  10.50  10.60  28049.14886  0.0000000   24.0817   356.0587     0.0000   154.4937   180.68      0.03557  0.0000000    0.1062     0.1260     0.0000     0.1133   9.32265050    4.3423205   -60.821    10.120
svyfeb19_gto105    geo-0002:sv1-20190203-S-41-1B      58518.243504 19-FEB-04 05:50:38.74      2.299680     4  17.40  17.40  40936.87738  0.0000000   10.3647    24.5386     0.0000   124.7589    15.71      0.00744  0.0000000    0.0090     0.0717     0.0000     0.0705   9.30431891    4.3701038   -72.034     8.500
svyfeb19_gto105    geo-0001:sv1-20190203-S-42-1B      58518.255124 19-FEB-04 06:07:22.71      1.533600     3  17.20  17.20  42153.22703  0.0000000    8.6038    39.8281     0.0000   109.4324     0.14      0.00850  0.0000000    0.0059     0.1096     0.0000     0.1083   9.29246836    4.1630583   -76.504     8.110
svyfeb19_gto105    geo-0001:sv1-20190203-S-7-1A       58517.925877 19-FEB-03 22:13:15.77      1.533600     3  16.50  16.60  51861.73150  0.0000000   15.1710   358.5897     0.0000   151.7585  -124.12      0.01420  0.0000000    0.0205     0.0418     0.0000     0.0404  10.27462181    3.5920561    44.072     7.113
svyfeb19_gto105    geo-0002:sv1-20190203-S-7-1B       58517.924014 19-FEB-03 22:10:34.80      3.833280     6  16.60  16.70  51962.13587  0.0000000   15.1579   358.6001     0.0000   151.2689  -125.41      0.01013  0.0000000    0.0145     0.0301     0.0000     0.0291  10.25529761    4.0626186    44.273     7.221
svyfeb19_gto105    geo-0003:sv1-20190203-S-7-1B       58517.924014 19-FEB-03 22:10:34.80      2.299680     4  12.30  12.30  42342.28642  0.0000000    8.6586    42.9913     0.0000   106.2858    -2.28      0.00549  0.0000000    0.0032     0.0709     0.0000     0.0701  10.26108217    4.3107337    43.012     8.309
svymar19_gto75     geo-0001:sv1-20190303-S-13-1A      58545.973891 19-MAR-03 23:22:24.18      4.000320     6  18.20  18.20  51552.86560  0.0000000    9.6432   301.6073     0.0000   210.8584  -120.17      0.02161  0.0000000    0.0300     0.1085     0.0000     0.1071  10.16326675   -9.1120055     0.062    -4.929
svymar19_gto75     geo-0002:sv1-20190303-S-13-1A      58545.973891 19-MAR-03 23:22:24.18      1.599840     3  19.50  19.60  47605.69796  0.0000000   10.4334   305.7651     0.0000   206.9332   -69.65      0.03796  0.0000000    0.0600     0.1698     0.0000     0.1673  10.18139661   -9.1955252     0.269    -4.705
svymar19_gto75     geo-0001:sv1-20190303-S-14-1A      58545.994285 19-MAR-03 23:51:46.22      1.599840     3  16.20  16.20  42608.10234  0.0000000    7.6366   300.9482     0.0000   211.5844    -5.68      0.04986  0.0000000    0.0854     0.3993     0.0000     0.3960  10.15048392   -9.1114832    -7.102    -3.991
svymar19_gto75     geo-0001:sv1-20190303-S-14-1B      58545.993451 19-MAR-03 23:50:34.16      2.400480     3  17.70  17.80  41827.71405  0.0000000   11.3690   314.6036     0.0000   197.7047     4.31      0.01153  0.0000000    0.0226     0.0378     0.0000     0.0372  10.13537118   -8.4005074    -7.125    -3.437
svymar19_gto75     geo-0001:sv1-20190303-S-18-1A      58546.018104 19-MAR-04 00:26:04.18      2.400480     4  19.30  19.40  42109.56115  0.0000000    8.1220   300.6969     0.0000   211.3894     0.70      0.02031  0.0000000    0.0353     0.1548     0.0000     0.1533  10.07417160   -9.3230524   -16.176    -4.220
svymar19_gto75     geo-0002:sv1-20190303-S-18-1A      58546.023660 19-MAR-04 00:34:04.22      1.599840     3  13.50  13.50  42044.35496  0.0000000    9.1622   303.3864     0.0000   209.2009     1.54      0.00444  0.0000000    0.0079     0.0282     0.0000     0.0278  10.08304673   -9.4907669   -17.736    -4.455
svymar19_gto75     geo-0001:sv1-20190303-S-19-1A      58546.031090 19-MAR-04 00:44:46.17      3.199680     5  18.60  18.60  49189.71148  0.0000000   12.2773   309.7975     0.0000   202.3578   -89.92      0.01916  0.0000000    0.0303     0.0598     0.0000     0.0584  10.04353381   -9.0902601   -21.001    -4.640
svymar19_gto75     geo-0001:sv1-20190303-S-19-1B      58546.029701 19-MAR-04 00:42:46.16      2.400480     4  17.40  17.50  42078.24186  0.0000000   11.1807   313.9332     0.0000   198.0890     1.10      0.00405  0.0000000    0.0079     0.0137     0.0000     0.0134  10.04306915   -8.4010091   -20.492    -3.452
svymar19_gto75     geo-0003:sv1-20190303-S-20-1A      58546.051183 19-MAR-04 01:13:42.21      1.599840     3  18.70  18.70  45878.23280  0.0000000    5.7378   282.2360     0.0000   229.8946   -47.54      0.00000  0.0000000    0.0000     0.0000     0.0000     0.0000  10.01449407   -9.1231282   -27.958    -4.386
svymar19_gto75     geo-0001:sv1-20190303-S-20-1B      58546.048127 19-MAR-04 01:09:18.17      2.400480     4  15.90  16.00  39713.40695  0.0000000    9.3389   312.0162     0.0000   200.2613    31.37      0.02292  0.0000000    0.0470     0.1101     0.0000     0.1087  10.01328695   -8.4431375   -26.813    -3.221
svymar19_gto75     geo-0001:sv1-20190303-S-25-1B      58546.075292 19-MAR-04 01:48:25.22      5.600160     6  20.50  20.50  67107.70437  0.0000000    6.1662   216.1823     0.0000   294.3896  -319.27      0.01123  0.0000000    0.0057     0.1145     0.0000     0.1139   9.55138815   -8.5040468   -37.953    -5.614
svymar19_gto75     geo-0001:sv1-20190303-S-28-1A      58546.107051 19-MAR-04 02:34:09.20      5.600160     7  18.20  18.30  64782.47261  0.0000000    8.8648   291.1398     0.0000   219.4523  -289.51      0.00953  0.0000000    0.0092     0.0501     0.0000     0.0495   9.49158001   -8.5326264   -49.860    -5.620
svymar19_gto75     geo-0003:sv1-20190303-S-28-1A      58546.112606 19-MAR-04 02:42:09.15      2.400480     4  16.10  16.20  42145.16994  0.0000000    4.7673   269.3896     0.0000   242.7983     0.25      0.00315  0.0000000    0.0029     0.0688     0.0000     0.0685   9.49334970   -9.1751234   -50.013    -4.239
svymar19_gto75     geo-0001:sv1-20190303-S-28-1B      58546.107329 19-MAR-04 02:34:33.22      3.199680     4  18.60  18.70  64789.02411  0.0000000    8.8580   291.1020     0.0000   219.5423  -289.59      0.01212  0.0000000    0.0118     0.0636     0.0000     0.0628   9.49275915   -8.5347572   -49.908    -5.626
svymar19_gto75     geo-0001:sv1-20190303-S-6-1B       58545.907364 19-MAR-03 21:46:36.24      2.400480     4  18.90  18.90  51885.75232  0.0000000   11.0625   309.5800     0.0000   203.8408  -124.43      0.00405  0.0000000    0.0060     0.0140     0.0000     0.0137  10.30075248   -8.2330504    24.996    -4.448
svymar19_gto75     geo-0002:sv1-20190304-S-12-1A      58546.956218 19-MAR-04 22:56:57.23      2.400480     3  20.50  20.60  44898.23135  0.0000000   50.9521   154.8400     0.0000   355.6431   -34.99      0.04943  0.0000000    0.0969     0.0114     0.0000     0.0082  10.20394914   -8.0720821     5.441    -3.382
svymar19_gto75     geo-0003:sv1-20190304-S-12-1A      58546.956218 19-MAR-04 22:56:57.23      2.400480     3  20.20  20.30  44343.03065  0.0000000   51.7326   154.6812     0.0000   355.7626   -27.89      0.01691  0.0000000    0.0336     0.0038     0.0000     0.0028  10.20394711   -8.0735722     5.402    -3.326
svymar19_gto75     geo-0001:sv1-20190304-S-19-1A      58547.017236 19-MAR-05 00:24:49.19      2.400480     4  18.60  18.70  42779.98720  0.0000000   12.1113   318.2152     0.0000   193.9628    -7.88      0.01850  0.0000000    0.0360     0.0446     0.0000     0.0437  10.07302140   -7.5658574   -16.799    -2.902
svymar19_gto75     geo-0002:sv1-20190304-S-19-1A      58547.020569 19-MAR-05 00:29:37.16      5.600160     8  19.30  19.40  78315.43987  0.0000000    6.0782   277.6305     0.0000   234.4439  -462.73      0.00000  0.0000000    0.0000     0.0000     0.0000     0.0000  10.07189902   -7.4043485   -17.960    -4.942
svymar19_gto75     geo-0001:sv1-20190304-S-24-1B      58547.055711 19-MAR-05 01:20:13.43      3.199680     5  17.20  17.20  49809.43450  0.0000000    2.8134   259.9407     0.0000   251.6134   -97.86      0.03318  0.0000000    0.0176     1.0833     0.0000     1.0820   9.58588026   -6.5153517   -31.034    -2.670
svymar19_gto75     geo-0001:sv1-20190304-S-27-1B      58547.075085 19-MAR-05 01:48:07.34      1.599840     3  18.80  18.80  43030.11076  0.0000000    2.8353   285.2534     0.0000   226.5633   -11.08      0.01972  0.0000000    0.0270     0.5792     0.0000     0.5785   9.54546237   -6.5250789   -37.779    -2.058
svymar19_gto75     geo-0001:sv1-20190304-S-28-1A      58547.087654 19-MAR-05 02:06:13.30      5.600160     6  19.70  19.80  63019.83146  0.0000000   16.8959   316.3391     0.0000   194.7499  -266.95      0.01926  0.0000000    0.0243     0.0229     0.0000     0.0218   9.51517931   -7.3327776   -43.620    -4.244
svymar19_gto75     geo-0003:sv1-20190304-S-28-1A      58547.089876 19-MAR-05 02:09:25.28      3.199680     5  18.40  18.40  46426.09430  0.0000000    5.7416   294.7448     0.0000   216.9129   -54.55      0.02247  0.0000000    0.0327     0.2491     0.0000     0.2477   9.52081942   -7.5906547   -43.381    -3.445
svymar19_gto75     geo-0001:sv1-20190304-S-3-1A       58546.882155 19-MAR-04 21:10:18.19      1.599840     3  18.20  18.30  46357.34312  0.0000000    8.3377   309.0971     0.0000   203.4980   -53.67      0.05587  0.0000000    0.0936     0.2839     0.0000     0.2817  10.32195344   -7.3405274    32.457    -3.314
svymar19_gto75     geo-0002:sv1-20190304-S-3-1B       58546.889655 19-MAR-04 21:21:06.19      1.599840     3  20.60  20.60  46327.80200  0.0000000   15.1784   322.9712     0.0000   189.9135   -53.29      0.07186  0.0000000    0.1295     0.0892     0.0000     0.0883  10.32132369   -6.4914104    29.922    -2.584
svymar19_gto75     geo-0001:sv1-20190304-S-4-1B       58546.896947 19-MAR-04 21:31:36.22      1.599840     3  18.70  18.70  41108.84200  0.0000000    9.1923   317.5597     0.0000   194.3790    13.51      0.00104  0.0000000    0.0021     0.0034     0.0000     0.0034  10.30509723   -7.0650303    26.506    -2.274
svymar19_gto75     geo-0001:sv1-20190304-S-8-1B       58546.928625 19-MAR-04 22:17:13.20      3.199680     4   9.40  18.80  45428.39216  0.0000000    9.9195   316.9026     0.0000   195.6174   -41.78      0.04657  0.0000000    0.0837     0.1406     0.0000     0.1394  10.26089558   -7.0939100    15.607    -2.658
svymar19_gto75     geo-0001:sv1-20190304-S-9-1B       58546.935569 19-MAR-04 22:27:13.16      3.199680     4  20.70  20.70  72601.54226  0.0000000    6.6158   290.2579     0.0000   223.6518  -389.59      0.02052  0.0000000    0.0165     0.1373     0.0000     0.1364  10.24465111   -7.2406664    14.521    -4.561
svymar19_gto75     geo-0002:sv1-20190305-S-13-1A      58548.040350 19-MAR-06 00:58:06.24      1.599840     3  15.70  15.80  43321.91922  0.0000000   17.8577   327.8715     0.0000   184.2602   -14.81      0.01848  0.0000000    0.0367     0.0114     0.0000     0.0110  10.02118052   -6.0258782   -26.080    -1.305
svymar19_gto75     geo-0001:sv1-20190305-S-13-1B      58548.037850 19-MAR-06 00:54:30.24      1.599840     3  15.80  15.90  43734.13274  0.0000000   13.5364   327.5046     0.0000   184.4535   -20.09      0.00775  0.0000000    0.0152     0.0063     0.0000     0.0062  10.02214201   -5.4204140   -25.270    -1.041
svymar19_gto75     geo-0004:sv1-20190305-S-13-1B      58548.040072 19-MAR-06 00:57:42.22      0.800640     2  16.60  16.70  43359.04696  0.0000000   17.8114   327.8451     0.0000   184.1905   -15.29      0.00000  0.0000000    0.0000     0.0000     0.0000     0.0000  10.01503920   -6.0101517   -26.072    -1.281
svymar19_gto75     geo-0002:sv1-20190305-S-21-1A      58548.102850 19-MAR-06 02:28:06.24      2.400480     4  19.80  19.90  42709.49422  0.0000000   12.2678   323.9770     0.0000   188.0840    -6.98      0.01036  0.0000000    0.0207     0.0155     0.0000     0.0149   9.49356888   -6.2623114   -48.690    -1.712
svymar19_gto75     geo-0003:sv1-20190305-S-21-1A      58548.102850 19-MAR-06 02:28:06.24      2.400480     4  19.70  19.80  42694.01556  0.0000000   12.2580   323.9850     0.0000   188.0733    -6.78      0.01478  0.0000000    0.0295     0.0222     0.0000     0.0213   9.49346562   -6.2615306   -48.693    -1.709
svyapr19_gto105    geo-0001:sv1-20190402-S-13-1B      58576.124962 19-APR-03 02:59:56.71      3.067200     5  15.40  15.40  50625.91553  0.0000000    6.3090   127.8130     0.0000    50.7905  -108.31      0.02341  0.0000000    0.0246     0.2767     0.0000     0.2751  11.35291598    1.3603262   -57.717     4.885
svyapr19_gto105    geo-0001:sv1-20190402-S-2-1A       58576.006154 19-APR-03 00:08:51.70      3.833280     5  17.00  17.00  73223.88014  0.0000000    5.0298    34.0129     0.0000   145.5069  -397.56      0.01660  0.0000000    0.0150     0.1168     0.0000     0.1163  11.59316881    0.3127813   -13.639     2.846
svyapr19_gto105    geo-0003:sv1-20190402-S-2-1A       58576.009881 19-APR-03 00:14:13.71      1.533600     3  16.80  16.80  45029.26635  0.0000000    4.4024    99.5518     0.0000    80.1400   -36.67      0.03014  0.0000000    0.0099     0.7357     0.0000     0.7335  11.59414148    0.3355979   -14.944     4.337
svyapr19_gto105    geo-0001:sv1-20190402-S-3-1A       58576.022566 19-APR-03 00:32:29.70      2.299680     4  19.10  19.20  43500.86976  0.0000000    7.0509    43.0149     0.0000   136.1519   -17.11      0.00315  0.0000000    0.0045     0.0350     0.0000     0.0348  11.55432710    1.0205062   -19.802     4.878
svyapr19_gto105    geo-0002:sv1-20190402-S-3-1A       58576.025228 19-APR-03 00:36:19.69      3.067200     5  18.40  18.50  45022.28249  0.0000000    7.8985   147.3212     0.0000    32.4240   -36.58      0.02011  0.0000000    0.0322     0.1511     0.0000     0.1497  11.55461043    0.2612976   -20.649     4.225
svyapr19_gto105    geo-0001:sv1-20190402-S-3-1B       58576.022832 19-APR-03 00:32:52.68      2.299680     4  18.10  18.10  43521.54185  0.0000000    7.0831    42.7419     0.0000   136.5158   -17.37      0.00508  0.0000000    0.0073     0.0559     0.0000     0.0555  11.56054683    1.0129831   -19.805     4.868
svyapr19_gto105    geo-0002:sv1-20190402-S-3-1B       58576.027624 19-APR-03 00:39:46.71      1.533600     3  12.70  12.70  41759.81067  0.0000000   13.1445    22.5124     0.0000   156.5432     5.18      0.00145  0.0000000    0.0028     0.0053     0.0000     0.0052  11.55312873    1.1249977   -21.406     5.194
svyapr19_gto105    geo-0004:sv1-20190402-S-4-1B       58576.038260 19-APR-03 00:55:05.66      1.533600     3  17.20  17.30  43744.49630  0.0000000   14.9776    20.1636     0.0000   158.9261   -20.22      0.03420  0.0000000    0.0631     0.0941     0.0000     0.0910  11.54035432    1.3443976   -25.106     5.332
svyapr19_gto105    geo-0005:sv1-20190402-S-4-1B       58576.039325 19-APR-03 00:56:37.68      2.299680     4  13.20  13.20  56200.46320  0.0000000    6.0912   133.1670     0.0000    46.1924  -179.66      0.01304  0.0000000    0.0133     0.1313     0.0000     0.1306  11.52403601    1.2731834   -26.039     4.392
svyapr19_gto105    geo-0001:sv1-20190402-S-8-1A       58576.060703 19-APR-03 01:27:24.73      1.533600     3  16.50  16.60  39599.12998  0.0000000    4.6621    98.2551     0.0000    81.2653    32.84      0.01782  0.0000000    0.0061     0.4777     0.0000     0.4762  11.47066327    0.1631538   -33.461     4.608
svyapr19_gto105    geo-0006:sv1-20190402-S-8-1A       58576.070286 19-APR-03 01:41:12.71      0.766080     2  20.30  20.30  50759.79228  0.0000000    4.4254   119.5310     0.0000    59.7105  -110.02      0.00000  0.0000000    0.0000     0.0000     0.0000     0.0000  11.46441673    0.2737490   -37.245     3.820
svyapr19_gto105    geo-0001:sv1-20190402-S-9-1A       58576.072855 19-APR-03 01:44:54.67      1.533600     3  16.80  16.80  33187.93297  0.0000000    7.7153    45.7995     0.0000   134.0403   114.90      0.01319  0.0000000    0.0250     0.1913     0.0000     0.1895  11.44115220    0.2257450   -37.240     5.538
svyapr19_gto105    geo-0001:sv1-20190404-S-10-1A      58578.023295 19-APR-05 00:33:32.68      3.067200     5  18.10  18.20  49914.66046  0.0000000    5.1509    16.3500     0.0000   162.7031   -99.20      0.00460  0.0000000    0.0074     0.0256     0.0000     0.0255  11.53398579   -2.1040928   -22.302     1.530
svyapr19_gto105    geo-0002:sv1-20190404-S-14-1A      58578.046906 19-APR-05 01:07:32.67      2.299680     3  18.90  18.90  45380.46956  0.0000000   15.1814     5.5803     0.0000   173.2854   -41.16      0.00946  0.0000000    0.0177     0.0086     0.0000     0.0082  11.48321035   -2.2002014   -30.846     1.755
svyapr19_gto105    geo-0005:sv1-20190404-S-14-1A      58578.054892 19-APR-05 01:19:02.66      2.299680     3  13.70  20.70  60222.20363  0.0000000    4.8053   166.9274     0.0000    12.0376  -231.14      0.03452  0.0000000    0.0460     0.1207     0.0000     0.1205  11.48462523   -2.0303749   -33.903     1.001
svyapr19_gto105    geo-0001:sv1-20190404-S-14-1B      58578.047173 19-APR-05 01:07:55.74      6.900480     8  18.20  18.30  75539.52075  0.0000000   17.4315   175.7834     0.0000     2.6353  -427.20      0.08306  0.0000000    0.0882     0.0173     0.0000     0.0172  11.48259317   -1.3654535   -31.742     0.789
svyapr19_gto105    geo-0002:sv1-20190404-S-14-1B      58578.048237 19-APR-05 01:09:27.67      3.067200     4  18.80  18.80  75445.91912  0.0000000   17.4058   175.7660     0.0000     2.8133  -426.00      0.03929  0.0000000    0.0418     0.0081     0.0000     0.0082  11.48583288   -1.3343670   -31.974     0.841
svyapr19_gto105    geo-0001:sv1-20190404-S-15-1A      58578.061721 19-APR-05 01:28:52.69      3.067200     4  16.80  16.80  50227.56924  0.0000000    3.8861    20.1328     0.0000   158.6852  -103.21      0.01214  0.0000000    0.0190     0.1088     0.0000     0.1085  11.45479518   -2.1600060   -36.429     1.412
svyapr19_gto105    geo-0001:sv1-20190404-S-15-1B      58578.064117 19-APR-05 01:32:19.70      3.833280     6  18.10  18.10  49667.13609  0.0000000    3.2311    38.8079     0.0000   140.0779   -96.03      0.00288  0.0000000    0.0038     0.0554     0.0000     0.0553  11.45344109   -1.3426380   -37.226     2.073
svyapr19_gto105    geo-0001:sv1-20190404-S-4-1A       58577.980679 19-APR-04 23:32:10.66      3.067200     5  13.80  13.80  42654.96039  0.0000000    2.1464    81.4920     0.0000    98.0779    -6.28      0.00093  0.0000000    0.0003     0.0497     0.0000     0.0497  12.04303952   -2.1255369    -6.461     2.125
svyapr19_gto105    geo-0003:sv1-20190404-S-4-1B       58577.980413 19-APR-04 23:31:47.68      3.067200     3  18.70  18.70  43083.24055  0.0000000   18.1993     7.7257     0.0000   171.4021   -11.76      0.01687  0.0000000    0.0334     0.0163     0.0000     0.0159  12.04231932   -1.3205598    -6.389     2.676
svyapr19_gto105    geo-0001:sv1-20190404-S-7-1A       58578.001883 19-APR-05 00:02:42.69      3.833280     5  17.20  17.20  64032.01675  0.0000000    5.7137   172.0053     0.0000     7.4164  -279.90      0.01961  0.0000000    0.0247     0.0347     0.0000     0.0345  11.58290557   -2.0905867   -14.306     0.736
svyapr19_gto105    geo-0002:sv1-20190404-S-7-1A       58578.004013 19-APR-05 00:05:46.72      1.533600     3  17.10  17.10  44593.20454  0.0000000    2.5724    49.4769     0.0000   129.8144   -31.09      0.01738  0.0000000    0.0215     0.5698     0.0000     0.5692  11.58127070   -2.1034656   -15.140     1.976
svyapr19_gto105    geo-0003:sv1-20190404-S-7-1A       58578.005078 19-APR-05 00:07:18.73      3.067200     5  14.20  14.20  43472.52446  0.0000000    2.1759    92.4761     0.0000    86.8441   -16.74      0.00358  0.0000000    0.0005     0.1861     0.0000     0.1860  11.58001125   -2.0424843   -15.526     2.173
svyapr19_gto105    geo-0001:sv1-20190404-S-7-1B       58578.005344 19-APR-05 00:07:41.72      2.299680     4  15.10  15.10  43471.75419  0.0000000    2.1750    91.8983     0.0000    87.5133   -16.73      0.00546  0.0000000    0.0007     0.2842     0.0000     0.2840  11.58220185   -2.0423738   -15.531     2.173
svysep19_gto105    geo-0007:sv1-20190930-S-27-1B      58757.022294 19-OCT-01 00:32:06.20      0.732960     2  19.70  19.80  41452.86578  0.0000000    7.1258    75.2095     0.0000   302.8828     9.11      0.00000  0.0000000    0.0000     0.0000     0.0000     0.0000   1.24016904  -11.3056303     0.805    -5.980
svysep19_gto105    geo-0001:sv1-20190930-S-28-1A      58757.049192 19-OCT-01 01:10:50.18      2.200320     4  18.80  18.90  43028.51609  0.0000000    6.8506    97.8547     0.0000   280.6929   -11.06      0.01393  0.0000000    0.0056     0.2278     0.0000     0.2262   1.19262735  -12.1217720    -8.577    -6.731
svysep19_gto105    geo-0001:sv1-20190930-S-31-1A      58757.075049 19-OCT-01 01:48:04.23      3.666240     6  19.00  19.00  57975.74081  0.0000000    8.6136   120.3605     0.0000   258.0213  -202.38      0.02275  0.0000000    0.0067     0.2102     0.0000     0.2078   1.12205402  -12.3130158   -18.285    -8.425
svysep19_gto105    geo-0002:sv1-20190930-S-31-1A      58757.075558 19-OCT-01 01:48:48.21      2.933280     4   0.00   0.00  57941.41016  0.0000000    8.6132   120.4337     0.0000   258.0642  -201.94      0.03184  0.0000000    0.0094     0.2943     0.0000     0.2910   0.00000000    0.0000000     0.000     0.000
svysep19_gto105    geo-0002:sv1-20190930-S-34-1B      58757.124632 19-OCT-01 02:59:28.20      2.200320     3  19.70  19.80  50873.88474  0.0000000    6.9009    96.0003     0.0000   281.7328  -111.48      0.03221  0.0000000    0.0113     0.4307     0.0000     0.4276   1.01362424  -11.1329389   -36.616    -6.756
svysep19_gto105    geo-0001:sv1-20190930-S-37-1B      58757.185361 19-OCT-01 04:26:55.19      2.933280     5  14.30  14.30  43141.53384  0.0000000    9.5070    59.7621     0.0000   317.6932   -12.51      0.03489  0.0000000    0.0512     0.2788     0.0000     0.2752   0.49173982  -11.2054775   -58.505    -6.383
svysep19_gto105    geo-0001:sv1-20190930-S-38-1A      58757.209759 19-OCT-01 05:02:03.17      0.732960     2  16.10  16.10  43137.73356  0.0000000    6.9133   113.8338     0.0000   264.5712   -12.46      0.00000  0.0000000    0.0000     0.0000     0.0000     0.0000   0.48231259  -11.4216802   -66.797    -6.882
svysep19_gto105    geo-0001:sv1-20191001-S-26-1B      58758.017340 19-OCT-02 00:24:58.17      1.465920     3  16.90  17.00  51235.89090  0.0000000    9.4881    82.9158     0.0000   295.9323  -116.11      0.01344  0.0000000    0.0097     0.1192     0.0000     0.1176   1.26000584  -13.0802007     2.472    -8.525
svysep19_gto105    geo-0001:sv1-20191001-S-32-1B      58758.076692 19-OCT-02 01:50:26.18      2.200320     4  14.10  19.30  39811.11539  0.0000000    8.4552   140.9237     0.0000   237.8476    30.12      0.05115  0.0000000    0.0591     0.6428     0.0000     0.6359   1.12042482  -13.1235579   -19.624    -7.151
svysep19_gto105    geo-0002:sv1-20191001-S-36-1A      58758.139343 19-OCT-02 03:20:39.23      0.732960     2  18.40  18.40  52767.74884  0.0000000   11.3901    67.4155     0.0000   309.1046  -135.72      0.00000  0.0000000    0.0000     0.0000     0.0000     0.0000   0.55582049  -13.1310715   -43.650    -8.815
svysep19_gto105    geo-0001:sv1-20191001-S-36-1B      58758.139597 19-OCT-02 03:21:01.18      3.666240     6  18.60  18.70  52432.44097  0.0000000   11.1724    68.5758     0.0000   308.0557  -131.43      0.01590  0.0000000    0.0157     0.1022     0.0000     0.1002   0.56134577  -13.1226156   -43.656    -8.776
svysep19_gto105    geo-0001:sv1-20191002-S-32-1A      58759.073602 19-OCT-03 01:45:59.21      2.933280     5  19.10  19.20  57036.70663  0.0000000   20.9661    49.1373     0.0000   327.5229  -190.36      0.03971  0.0000000    0.0486     0.0855     0.0000     0.0799   1.12238287  -15.2926637   -19.571   -11.077
svysep19_gto105    geo-0001:sv1-20191002-S-32-1B      58759.072329 19-OCT-03 01:44:09.22      2.200320     4  17.30  17.40  39045.76609  0.0000000    8.7886   131.7487     0.0000   246.7664    39.92      0.03782  0.0000000    0.0332     0.5066     0.0000     0.5006   1.11236591  -14.2339083   -19.254    -8.071
svysep19_gto105    geo-0002:sv1-20191002-S-32-1B      58759.075384 19-OCT-03 01:48:33.17      5.133600     6  18.60  18.60  60163.74578  0.0000000   15.3153    61.2778     0.0000   315.9378  -230.39      0.00925  0.0000000    0.0091     0.0328     0.0000     0.0316   1.11293609  -14.4222595   -20.376   -10.585
svysep19_gto105    geo-0001:sv1-20191002-S-33-1A      58759.095153 19-OCT-03 02:17:01.21      2.200320     4  16.10  16.10  43785.22195  0.0000000   28.6694    36.2398     0.0000   339.7138   -20.75      0.01906  0.0000000    0.0351     0.0267     0.0000     0.0236   1.06434899  -15.1608403   -27.492    -9.575
svysep19_gto105    geo-0001:sv1-20191002-S-33-1B      58759.096426 19-OCT-03 02:18:51.20      1.465920     3  16.80  16.80  43560.07834  0.0000000   28.6142    36.2316     0.0000   340.1752   -17.86      0.02185  0.0000000    0.0405     0.0303     0.0000     0.0269   1.08151699  -15.0250890   -27.552    -9.347
svysep19_gto105    geo-0001:sv1-20191002-S-37-1B      58759.138278 19-OCT-03 03:19:07.21      2.933280     3  18.70  18.80  59392.33334  0.0000000   12.9329    73.3284     0.0000   303.6230  -220.52      0.04462  0.0000000    0.0344     0.2289     0.0000     0.2231   0.59362534  -14.4537789   -43.696   -10.741
svysep19_gto105    geo-0001:sv1-20191002-S-38-1B      58759.142005 19-OCT-03 03:24:29.23      2.200320     3  17.30  17.40  53888.73434  0.0000000    9.8116   101.5619     0.0000   275.4354  -150.07      0.01844  0.0000000    0.0032     0.1658     0.0000     0.1633   0.55258890  -14.0724594   -45.598    -9.767
svysep19_gto105    geo-0006:sv1-20191002-S-40-1A      58759.197988 19-OCT-03 04:45:06.16      0.732960     2  15.40  15.40  30743.51480  0.0000000    9.6959   153.1164     0.0000   228.0559   146.19      0.00000  0.0000000    0.0000     0.0000     0.0000     0.0000   0.48470950  -14.1921021   -62.122    -7.196
svyoct19_gto75     geo-0001:sv1-20191029-S-13-1A      58785.959377 19-OCT-29 23:01:30.17      2.933280     5  17.10  17.20  46621.98133  0.0000000   16.2891    18.0266     0.0000    32.9599   -57.06      0.01237  0.0000000    0.0191     0.0450     0.0000     0.0430   3.40431943    5.3443091    26.562     8.778
svyoct19_gto75     geo-0009:sv1-20191029-S-13-1B      58785.960650 19-OCT-29 23:03:20.16      0.732960     2  18.10  18.20  46569.46016  0.0000000   16.1621    17.7054     0.0000    33.6584   -56.38      0.00000  0.0000000    0.0000     0.0000     0.0000     0.0000   3.42151890    5.4056616    26.485     8.875
svyoct19_gto75     geo-0001:sv1-20191029-S-14-1A      58785.977155 19-OCT-29 23:27:06.19      1.467360     3  19.00  19.10  41930.46667  0.0000000    9.5414   304.5172     0.0000   104.5642     3.00      0.01520  0.0000000    0.0081     0.1826     0.0000     0.1801   3.37455019    5.4526535    19.497     9.232
svyoct19_gto75     geo-0001:sv1-20191029-S-18-1A      58786.011993 19-OCT-30 00:17:16.19      2.200320     4  18.20  18.30  48827.02779  0.0000000   11.8655     3.5934     0.0000    46.6968   -85.28      0.00224  0.0000000    0.0027     0.0139     0.0000     0.0136   3.30531684    5.4144062     7.317     8.606
svyoct19_gto75     geo-0002:sv1-20191029-S-18-1A      58786.029308 19-OCT-30 00:42:12.21      2.200320     4  17.00  17.10  40840.03506  0.0000000    9.3567   318.0744     0.0000    91.6551    16.95      0.00506  0.0000000    0.0006     0.0663     0.0000     0.0654   3.30219233    5.5617799     1.146     9.353
svyoct19_gto75     geo-0001:sv1-20191029-S-18-1B      58786.016831 19-OCT-30 00:24:14.19      2.200320     3  19.20  19.20  43138.59305  0.0000000    9.2623   315.9320     0.0000    93.3729   -12.47      0.00252  0.0000000    0.0004     0.0312     0.0000     0.0308   3.30200930    6.0003767     5.248     9.246
svyoct19_gto75     geo-0002:sv1-20191029-S-18-1B      58786.023451 19-OCT-30 00:33:46.16      2.933280     5  17.70  17.70  43814.94176  0.0000000    9.7209   318.7711     0.0000    90.7864   -21.13      0.00308  0.0000000    0.0003     0.0358     0.0000     0.0353   3.29499547    6.3651711     3.077     9.720
svyoct19_gto75     geo-0003:sv1-20191029-S-18-1B      58786.029053 19-OCT-30 00:41:50.17      2.200320     4  17.10  17.20  40839.04616  0.0000000    9.3598   317.5722     0.0000    92.0540    16.97      0.00448  0.0000000    0.0005     0.0587     0.0000     0.0579   3.29582371    5.5621512     1.140     9.354
svyoct19_gto75     geo-0001:sv1-20191029-S-19-1B      58786.038382 19-OCT-30 00:55:16.20      2.200320     4  18.00  18.00  42027.62069  0.0000000    9.7576   304.7697     0.0000   104.2542     1.75      0.00678  0.0000000    0.0035     0.0799     0.0000     0.0787   3.25386538    6.1112321    -2.657     9.454
svyoct19_gto75     geo-0002:sv1-20191029-S-19-1B      58786.048058 19-OCT-30 01:09:12.21      3.666240     6  18.20  18.20  47240.11243  0.0000000    9.6827   334.3749     0.0000    75.5707   -64.97      0.00780  0.0000000    0.0034     0.0812     0.0000     0.0800   3.25037190    6.3104229    -5.628     9.374
svyoct19_gto75     geo-0003:sv1-20191030-S-1-1A       58787.045836 19-OCT-31 01:06:00.23      0.732960     2  19.10  19.10  51431.46605  0.0000000   22.1788    32.7038     0.0000    18.4977  -118.62      0.00000  0.0000000    0.0000     0.0000     0.0000     0.0000   3.25087027    3.5809872    -5.641     6.879
svyoct19_gto75     geo-0015:sv1-20191030-S-1-1B       58787.054238 19-OCT-31 01:18:06.16      0.732960     2  19.80  19.90  44520.79862  0.0000000   25.3973   246.9995     0.0000   160.8440   -30.16      0.00000  0.0000000    0.0000     0.0000     0.0000     0.0000   3.22508660    4.5055731    -9.013     8.091
svyoct19_gto75     geo-0018:sv1-20191030-S-1-1B       58787.055766 19-OCT-31 01:20:18.18      0.732960     2  19.10  19.10  40647.08891  0.0000000    9.2750   293.3630     0.0000   116.3502    19.42      0.00000  0.0000000    0.0000     0.0000     0.0000     0.0000   3.25015860    4.4412879    -9.128     8.304
svyoct19_gto75     geo-0001:sv1-20191030-S-6-1A       58787.081391 19-OCT-31 01:57:12.18      1.467360     3  17.80  17.80  45174.07896  0.0000000    7.9005   292.4499     0.0000   116.5978   -38.52      0.00368  0.0000000    0.0032     0.0454     0.0000     0.0449   3.15443269    3.4324912   -19.126     7.060
svyoct19_gto75     geo-0002:sv1-20191030-S-6-1A       58787.081391 19-OCT-31 01:57:12.18      2.200320     4  14.50  14.50  44200.05842  0.0000000   15.1274    19.2466     0.0000    30.5877   -26.06      0.02058  0.0000000    0.0345     0.0791     0.0000     0.0764   3.14168161    4.1746380   -19.436     7.631
svyoct19_gto75     geo-0003:sv1-20191030-S-6-1A       58787.089539 19-OCT-31 02:08:56.16      3.666240     6  19.10  19.10  49528.31961  0.0000000    7.4332   302.8808     0.0000   106.2147   -94.26      0.00296  0.0000000    0.0014     0.0374     0.0000     0.0371   3.14100961    4.0822961   -22.108     7.136
svyoct19_gto75     geo-0003:sv1-20191030-S-6-1B       58787.082664 19-OCT-31 01:59:02.16      0.732960     2  14.80  14.80  44184.33109  0.0000000   15.1288    19.2436     0.0000    31.0191   -25.85      0.00000  0.0000000    0.0000     0.0000     0.0000     0.0000   3.15563682    4.2429219   -19.475     7.729
svyoct19_gto75     geo-0001:sv1-20191030-S-6-1B       58787.086229 19-OCT-31 02:04:10.18      2.933280     4  20.40  20.40  44955.44616  0.0000000    8.2215   338.6178     0.0000    70.7455   -35.72      0.01850  0.0000000    0.0115     0.2335     0.0000     0.2311   3.14190464    4.3021680   -20.961     7.759
svyoct19_gto75     geo-0002:sv1-20191030-S-6-1B       58787.100998 19-OCT-31 02:25:26.22      1.467360     3  17.40  17.40  31891.16629  0.0000000   10.7947   292.3590     0.0000   117.5238   131.50      0.01476  0.0000000    0.0198     0.1999     0.0000     0.1964   3.13589527    5.0356208   -25.166     9.561
svyoct19_gto75     geo-0001:sv1-20191031-S-10-1B      58787.946101 19-OCT-31 22:42:23.12      2.200320     4  16.30  16.40  42091.90547  0.0000000   11.3975   265.4003     0.0000   143.5500     0.93      0.00687  0.0000000    0.0113     0.0419     0.0000     0.0411   3.42160224    2.5527883    28.954     6.742
svyoct19_gto75     geo-0002:sv1-20191031-S-10-1B      58787.947119 19-OCT-31 22:43:51.08      1.465920     3  18.40  18.50  43554.15396  0.0000000    6.7506   327.3428     0.0000    82.5435   -17.79      0.00342  0.0000000    0.0009     0.0570     0.0000     0.0566   3.42436560    3.0043438    28.927     6.693
svyoct19_gto75     geo-0001:sv1-20191031-S-11-1B      58787.959504 19-OCT-31 23:01:41.14      2.933280     5  16.20  16.30  45715.12887  0.0000000    7.4528   298.2987     0.0000   111.1055   -45.45      0.01386  0.0000000    0.0095     0.1858     0.0000     0.1843   3.38464591    3.3048820    24.189     6.950
svynov19_gto105    geo-0001:sv1-20191127-S-24-1A      58814.974782 19-NOV-27 23:23:41.16      2.933280     4  17.70  17.70  41336.55100  0.0000000   13.5510    20.5241     0.0000    32.8251    10.60      0.00824  0.0000000    0.0145     0.0407     0.0000     0.0396   3.37577273    3.3737903    -4.890     7.297
svynov19_gto105    geo-0002:sv1-20191127-S-24-1A      58814.974782 19-NOV-27 23:23:41.16      2.200320     3  18.60  18.70  41551.60791  0.0000000    8.3593   354.4120     0.0000    58.6252     7.85      0.01851  0.0000000    0.0200     0.2281     0.0000     0.2256   3.38357089    3.2719914    -4.742     7.130
svynov19_gto105    geo-0003:sv1-20191127-S-24-1A      58814.991588 19-NOV-27 23:47:53.20      2.933280     5  16.20  16.30  47949.08270  0.0000000    8.0692   294.5897     0.0000   118.8071   -74.04      0.00652  0.0000000    0.0056     0.0719     0.0000     0.0712   3.38134828    3.5648301    -9.935     7.065
svynov19_gto105    geo-0001:sv1-20191127-S-24-1B      58814.982167 19-NOV-27 23:34:19.22      2.200320     4  19.20  19.20  44083.93135  0.0000000    8.8719   298.8515     0.0000   114.0660   -24.57      0.00852  0.0000000    0.0069     0.0982     0.0000     0.0970   3.38278555    4.4844770    -6.997     8.095
svynov19_gto105    geo-0002:sv1-20191127-S-24-1B      58814.983694 19-NOV-27 23:36:31.16      2.200320     4  17.80  17.90  40998.16013  0.0000000    8.9672   301.5552     0.0000   111.3440    14.93      0.01078  0.0000000    0.0085     0.1365     0.0000     0.1348   3.38273260    4.4910158    -7.585     8.348
svynov19_gto105    geo-0003:sv1-20191127-S-24-1B      58814.989806 19-NOV-27 23:45:19.23      1.467360     3  19.00  19.00  29109.36371  0.0000000   13.7518   276.4926     0.0000   135.5179   167.11      0.03599  0.0000000    0.0827     0.3381     0.0000     0.3287   3.37540826    4.3417648   -10.087     9.588
svynov19_gto105    geo-0004:sv1-20191127-S-24-1B      58814.991843 19-NOV-27 23:48:15.23      2.200320     4  19.10  19.20  43014.23364  0.0000000    8.3567   305.8278     0.0000   107.5523   -10.88      0.00357  0.0000000    0.0022     0.0469     0.0000     0.0464   3.38173786    4.3422653   -10.108     7.965
svynov19_gto105    geo-0002:sv1-20191127-S-32-1A      58815.030047 19-NOV-28 00:43:16.06      0.732960     2  19.80  19.90  26226.83702  0.0000000   53.7613   240.6608     0.0000   168.1273   204.00      0.00000  0.0000000    0.0000     0.0000     0.0000     0.0000   3.26295448    3.4827169   -23.880     9.552
svynov19_gto105    geo-0002:sv1-20191127-S-35-1A      58815.069978 19-NOV-28 01:40:46.09      1.467360     3  19.10  19.20  79036.49154  0.0000000    5.5694   309.7105     0.0000   102.0959  -471.96      0.02859  0.0000000    0.0061     0.2913     0.0000     0.2900   3.20327547    3.2954053   -40.009     5.445
svynov19_gto105    geo-0004:sv1-20191127-S-35-1A      58815.070997 19-NOV-28 01:42:14.14      3.666240     4  18.70  18.70  78809.71990  0.0000000    5.5543   310.7612     0.0000   101.2003  -469.06      0.06065  0.0000000    0.0123     0.6236     0.0000     0.6206   3.21040469    3.2941774   -40.226     5.448
svynov19_gto105    geo-0005:sv1-20191127-S-35-1A      58815.075071 19-NOV-28 01:48:06.13      2.200320     4  17.60  17.60  39933.02692  0.0000000   21.3053    33.8997     0.0000    21.0581    28.56      0.02172  0.0000000    0.0442     0.0477     0.0000     0.0447   3.19462958    3.3946043   -40.076     7.502
svynov19_gto105    geo-0001:sv1-20191128-S-2-1A       58816.086056 19-NOV-29 02:03:55.23      2.933280     5  14.10  14.20  44168.42046  0.0000000   15.2288    19.1112     0.0000    34.8884   -25.65      0.00569  0.0000000    0.0090     0.0243     0.0000     0.0235   3.16108916    5.2027025   -45.616     8.641
svynov19_gto105    geo-0002:sv1-20191128-S-2-1A       58816.089111 19-NOV-29 02:08:19.19      2.200320     4  19.50  19.50  43109.86320  0.0000000    9.2635   298.6024     0.0000   114.5123   -12.10      0.00637  0.0000000    0.0054     0.0720     0.0000     0.0711   3.16479884    4.5941510   -46.363     8.422
svynov19_gto105    geo-0001:sv1-20191128-S-2-1B       58816.073070 19-NOV-29 01:45:13.24      0.732960     2  16.40  16.50  38322.55053  0.0000000    9.6226   309.6815     0.0000   103.6175    49.18      0.00000  0.0000000    0.0000     0.0000     0.0000     0.0000   3.18078358    5.3708093   -40.487     9.350
svynov19_gto105    geo-0001:sv1-20191129-S-20-1A      58816.963361 19-NOV-29 23:07:14.39      2.200320     4  18.80  18.90  42809.20556  0.0000000   10.1470   307.9001     0.0000   104.9532    -8.25      0.00442  0.0000000    0.0024     0.0488     0.0000     0.0481   3.41071444    6.3908808    -2.275     9.800
svynov19_gto105    geo-0002:sv1-20191129-S-20-1A      58816.967435 19-NOV-29 23:13:06.38      2.933280     4  18.20  18.30  47235.17447  0.0000000    9.6941   316.2551     0.0000    97.0317   -64.90      0.01661  0.0000000    0.0039     0.1764     0.0000     0.1739   3.40479141    6.4721980    -3.438     9.621
svynov19_gto105    geo-0003:sv1-20191129-S-20-1A      58816.971509 19-NOV-29 23:18:58.37      2.933280     5  17.80  17.90  47685.66796  0.0000000    9.7866   340.8243     0.0000    73.0274   -70.67      0.01507  0.0000000    0.0077     0.1516     0.0000     0.1494   3.40585945    6.3126393    -4.681     9.356
svynov19_gto105    geo-0004:sv1-20191129-S-20-1A      58816.972018 19-NOV-29 23:19:42.35      1.467360     3  20.20  20.30  37881.88457  0.0000000   10.6899   304.5223     0.0000   108.5548    54.82      0.00893  0.0000000    0.0067     0.1062     0.0000     0.1044   3.41452539    6.3410833    -5.098    10.128
svynov19_gto105    geo-0005:sv1-20191129-S-20-1A      58816.973037 19-NOV-29 23:21:10.39      2.200320     4  19.90  20.00  45994.57638  0.0000000   11.9583   287.7581     0.0000   125.2786   -49.02      0.00000  0.0000000    0.0000     0.0000     0.0000     0.0000   3.41015864    6.5037983    -5.216     9.738
svynov19_gto105    geo-0006:sv1-20191129-S-20-1A      58816.975583 19-NOV-29 23:24:50.37      2.933280     5  19.90  19.90  41979.43704  0.0000000   10.2953   304.6927     0.0000   108.5509     2.37      0.00259  0.0000000    0.0017     0.0283     0.0000     0.0279   3.40418276    6.3241025    -6.241     9.755
svynov19_gto105    geo-0001:sv1-20191129-S-20-1B      58816.961070 19-NOV-29 23:03:56.44      2.200320     4  17.00  17.00  42307.49304  0.0000000   10.7139   311.0496     0.0000   101.6551    -1.83      0.00722  0.0000000    0.0031     0.0778     0.0000     0.0764   3.40570680    7.2416930    -1.622    10.490
svynov19_gto105    geo-0002:sv1-20191129-S-20-1B      58816.964125 19-NOV-29 23:08:20.40      2.200320     4  15.40  15.50  42144.68788  0.0000000   11.1298   310.2650     0.0000   102.5670     0.25      0.00340  0.0000000    0.0016     0.0354     0.0000     0.0347   3.41047583    7.4927302    -2.566    10.860
svynov19_gto105    geo-0003:sv1-20191129-S-20-1B      58816.967181 19-NOV-29 23:12:44.43      1.467360     3  18.90  18.90  42227.66613  0.0000000   10.8992   311.6629     0.0000   101.4706    -0.81      0.01219  0.0000000    0.0051     0.1296     0.0000     0.1273   3.41389782    7.3733327    -3.395    10.679
svynov19_gto105    geo-0001:sv1-20191129-S-32-1A      58817.046114 19-NOV-30 01:06:24.24      2.933280     3  19.30  19.40  43980.57808  0.0000000   10.0617   306.9652     0.0000   105.3650   -23.25      0.00878  0.0000000    0.0047     0.0948     0.0000     0.0933   3.20575976    6.3707388   -32.669     9.699
svynov19_gto105    geo-0002:sv1-20191129-S-32-1A      58817.048150 19-NOV-30 01:09:20.16      2.933280     5  16.50  16.60  43390.51324  0.0000000   10.0416   331.9778     0.0000    80.8814   -15.69      0.00996  0.0000000    0.0031     0.1122     0.0000     0.1105   3.21075647    6.4851087   -33.243     9.913
svynov19_gto105    geo-0006:sv1-20191129-S-32-1A      58817.048150 19-NOV-30 01:09:20.16      0.732960     2  20.50  20.60  42391.36045  0.0000000   10.1206   308.2579     0.0000   104.7600    -2.90      0.00000  0.0000000    0.0000     0.0000     0.0000     0.0000   3.23154047    6.3455953   -32.722     9.783
svynov19_gto105    geo-0003:sv1-20191129-S-32-1A      58817.050187 19-NOV-30 01:12:16.15      2.200320     4  18.70  18.70  52679.99577  0.0000000   11.8417   358.2588     0.0000    54.6948  -134.60      0.01234  0.0000000    0.0113     0.0784     0.0000     0.0767   3.21094723    7.0701108   -34.328     9.641
svynov19_gto105    geo-0001:sv1-20191129-S-32-1B      58817.047896 19-NOV-30 01:08:58.21      1.467360     3  19.60  19.70  42010.71211  0.0000000   11.1513   311.6079     0.0000   101.2669     1.97      0.00819  0.0000000    0.0034     0.0858     0.0000     0.0842   3.22274308    7.5247700   -32.785    10.934
svynov19_gto105    geo-0003:sv1-20191129-S-32-1B      58817.049933 19-NOV-30 01:11:54.21      4.400640     7  19.00  19.10  52619.94596  0.0000000   11.8513   358.3042     0.0000    54.5872  -133.83      0.01162  0.0000000    0.0106     0.0739     0.0000     0.0724   3.20543892    7.0628874   -34.300     9.635
svynov19_gto105    geo-0004:sv1-20191129-S-32-1B      58817.050442 19-NOV-30 01:12:38.18      2.200320     4  17.40  17.40  39776.06087  0.0000000   12.8287   292.1771     0.0000   120.1961    30.57      0.00959  0.0000000    0.0107     0.0822     0.0000     0.0801   3.20516440    7.4924815   -33.783    11.064
svynov19_gto105    geo-0006:sv1-20191129-S-32-1B      58817.065211 19-NOV-30 01:33:54.23      2.200320     4  18.90  18.90  41962.01506  0.0000000   10.9305   311.5036     0.0000   101.9694     2.59      0.01285  0.0000000    0.0057     0.1370     0.0000     0.1345   3.21347643    7.3256449   -38.434    10.690
svynov19_gto105    geo-0001:sv1-20191129-S-40-1B      58817.108603 19-NOV-30 02:36:23.29      2.933280     5  16.20  16.30  46312.28449  0.0000000   10.7816   312.2326     0.0000   100.2650   -53.09      0.00364  0.0000000    0.0013     0.0354     0.0000     0.0347   3.11202823    7.3703227   -55.107    10.607
svynov19_gto105    geo-0001:sv1-20191130-S-14-1A      58817.891345 19-NOV-30 21:23:32.20      2.200320     4  18.00  18.00  38197.15487  0.0000000   12.2115   340.3585     0.0000    72.2500    50.78      0.00679  0.0000000    0.0047     0.0703     0.0000     0.0687   3.53123493    8.0312246    21.880    11.622
svynov19_gto105    geo-0002:sv1-20191130-S-14-1A      58817.896947 19-NOV-30 21:31:36.22      2.200320     4  18.50  18.50  38426.17460  0.0000000   12.5263   305.4682     0.0000   106.6385    47.85      0.00479  0.0000000    0.0032     0.0480     0.0000     0.0468   3.53169153    8.3149280    20.123    11.994
svynov19_gto105    geo-0001:sv1-20191130-S-14-1B      58817.896692 19-NOV-30 21:31:14.18      2.200320     4  18.70  18.70  38427.11639  0.0000000   12.5011   305.8566     0.0000   106.1539    47.84      0.00615  0.0000000    0.0040     0.0619     0.0000     0.0604   3.52505835    8.3215920    20.107    12.000
svynov19_gto105    geo-0002:sv1-20191130-S-14-1B      58817.907387 19-NOV-30 21:46:38.23      2.933280     3  18.30  18.30  41177.86797  0.0000000   11.6958   318.7003     0.0000    94.4055    12.63      0.04634  0.0000000    0.0088     0.4800     0.0000     0.4700   3.52533844    8.2752093    17.064    11.661
svynov19_gto105    geo-0003:sv1-20191130-S-14-1B      58817.907896 19-NOV-30 21:47:22.21      1.467360     3  19.70  19.80  48415.21071  0.0000000   22.3526    24.1345     0.0000    31.8742   -80.01      0.01604  0.0000000    0.0242     0.0401     0.0000     0.0369   3.53114886    8.5429754    17.719    11.585
svynov19_gto105    geo-0004:sv1-20191130-S-14-1B      58817.908914 19-NOV-30 21:48:50.16      2.200320     4  17.00  17.00  41860.63756  0.0000000   14.5660   358.1408     0.0000    56.2146     3.89      0.00614  0.0000000    0.0070     0.0424     0.0000     0.0410   3.53343556    8.5908504    16.799    12.065
svynov19_gto105    geo-0001:sv1-20191130-S-21-1A      58817.948301 19-NOV-30 22:45:33.20      2.200320     3  20.20  20.20  41774.82959  0.0000000   11.2842   316.5947     0.0000    96.3964     4.99      0.00637  0.0000000    0.0016     0.0672     0.0000     0.0659   3.44139942    8.1008284     2.212    11.213
svynov19_gto105    geo-0001:sv1-20191130-S-21-1B      58817.940917 19-NOV-30 22:34:55.22      2.200320     4  19.80  19.80  43177.81884  0.0000000   12.1350   324.7810     0.0000    88.0918   -12.97      0.00820  0.0000000    0.0007     0.0780     0.0000     0.0763   3.44012655    9.1852796     4.591    12.128
svynov19_gto105    geo-0003:sv1-20191130-S-21-1B      58817.944991 19-NOV-30 22:40:47.22      2.933280     5  18.60  18.60  42250.99577  0.0000000   11.7416   322.6909     0.0000    90.1559    -1.11      0.00574  0.0000000    0.0004     0.0578     0.0000     0.0566   3.43346179    8.4839108     3.141    11.742
svynov19_gto105    geo-0004:sv1-20191130-S-21-1B      58817.958741 19-NOV-30 23:00:35.22      2.933280     5  18.30  18.30  42547.36012  0.0000000   11.9529   322.9414     0.0000    90.5412    -4.90      0.00531  0.0000000    0.0004     0.0522     0.0000     0.0510   3.43337851    9.0647606    -1.178    11.952
svynov19_gto105    geo-0003:sv1-20191130-S-31-1A      58818.005419 19-DEC-01 00:07:48.20      0.732960     2  18.70  18.70  43377.60513  0.0000000   18.3788    14.9628     0.0000    39.3179   -15.53      0.00000  0.0000000    0.0000     0.0000     0.0000     0.0000   3.30071593    8.4357124   -18.704    11.524
svynov19_gto105    geo-0001:sv1-20191130-S-31-1A      58818.022225 19-DEC-01 00:32:00.24      2.200320     4  18.70  18.70  42239.83299  0.0000000   11.5241   319.3893     0.0000    94.0625    -0.96      0.00487  0.0000000    0.0008     0.0500     0.0000     0.0490   3.29362803    8.3551653   -24.054    11.495
svynov19_gto105    geo-0001:sv1-20191130-S-31-1B      58818.005674 19-DEC-01 00:08:10.23      2.200320     4  18.30  18.40  43453.80885  0.0000000   18.3690    14.9577     0.0000    39.4093   -16.50      0.01691  0.0000000    0.0260     0.0684     0.0000     0.0650   3.30279055    8.4527929   -18.710    11.541
svynov19_gto105    geo-0002:sv1-20191130-S-31-1B      58818.010766 19-DEC-01 00:15:30.18      2.200320     4  16.60  16.70  43122.34752  0.0000000   15.3812     1.8265     0.0000    52.2649   -12.26      0.00494  0.0000000    0.0060     0.0297     0.0000     0.0286   3.30064959    9.2324436   -20.378    12.109
svynov19_gto105    geo-0003:sv1-20191130-S-43-1B      58818.099296 19-DEC-01 02:22:59.17      2.200320     3  18.10  18.10  48484.66409  0.0000000   13.1119   296.7070     0.0000   115.2961   -80.90      0.00000  0.0000000    0.0000     0.0000     0.0000     0.0000   3.12451918    9.0930626   -52.819    11.835
svynov19_gto105    geo-0004:sv1-20191130-S-43-1B      58818.103370 19-DEC-01 02:28:51.16      1.467360     3  19.10  19.10  42386.82309  0.0000000   11.8821   323.5452     0.0000    89.7312    -2.85      0.01082  0.0000000    0.0008     0.1072     0.0000     0.1049   3.12161987    8.4529594   -53.611    11.882
svynov19_gto105    geo-0005:sv1-20191130-S-43-1B      58818.104898 19-DEC-01 02:31:03.18      2.200320     4  18.10  18.20  42269.25826  0.0000000   12.1976   322.7747     0.0000    90.5602    -1.34      0.00825  0.0000000    0.0006     0.0799     0.0000     0.0781   3.12164332    9.0544486   -54.086    12.197
