1 10000U 00000A   05004.86733796  0.00000000  00000-0 5.00013e-03 0  00000
2 10000   11.1600 337.3100 0102000  192.3100   82.9400  1.01416678000000
1 10001U 00001A   05004.86762731  0.00000000  00000-0 5.12313e-03 0  00011
2 10001   11.0000 334.9600 0041000   23.7100   85.1100  1.03182109000011
1 10002U 00002A   05004.86835648  0.00000000  00000-0 7.52631e-03 0  00022
2 10002   11.3900 339.2000 0111000  254.6300   80.4700  1.10456459000022
1 10003U 00003A   05004.86332176  0.00000000  00000-0 7.29650e-03 0  00033
2 10003   11.4300 339.5400 0123000  214.9800   80.8700  1.00784173000033
1 10004U 00004A   05004.86403935  0.00000000  00000-0 3.91119e-03 0  00044
2 10004   12.2400 346.5500 0459000  258.2400   74.3000  0.97064900000044
1 10005U 00005A   05004.86476852  0.00000000  00000-0 6.21944e-03 0  00055
2 10005   11.6700 342.5800 0522000  262.0900   78.4200  0.98412659000055
1 10006U 00006A   05004.87481481  0.00000000  00000-0 7.25876e-03 0  00066
2 10006   11.9800 340.8500 0561000  353.7700   79.0000  1.09168566000066
1 10007U 00007A   05004.87552083  0.00000000  00000-0 7.62047e-03 0  00077
2 10007   11.9200 335.5600 0305000   63.9100   84.1400  1.07570381000077
1 10008U 00008A   05004.86863426  0.00000000  00000-0 1.03865e-03 0  00088
2 10008   12.0000 346.8900 0282000  347.7300   72.7800  1.05424104000088
1 10009U 00009A   05004.86907407  0.00000000  00000-0 1.71836e-01 0  00099
2 10009   66.7200  50.8800 6243000  149.4100   14.3800  2.16968142000099
1 10010U 00010A   05004.86978009  0.00000000  00000-0 3.39240e-03 0  001010
2 10010   10.9800 336.0400 0114000  185.1400   84.1000  1.014461310001010
1 10011U 00011A   05004.87050926  0.00000000  00000-0 3.84139e-03 0  001111
2 10011   11.3800 339.2700 0127000  241.8100   81.2400  1.007165760001111
1 10012U 00012A   05004.86476852  0.00000000  00000-0 4.27507e-03 0  001212
2 10012   11.3700 340.6000 0259000  220.7700   80.1200  0.986079900001212
1 10013U 00013A   05004.86547454  0.00000000  00000-0 5.94500e-03 0  001313
2 10013   11.5100 339.5100 0127000  215.0100   81.2700  1.014374030001313
1 10014U 00014A   05004.8662037  0.00000000  00000-0 1.45610e-02 0  001414
2 10014   73.6200 221.7600 0050000   27.9500  154.4000 12.433194380001414
1 10015U 00015A   05004.87034722  0.00000000  00000-0 7.04390e-03 0  001515
2 10015   10.9000 335.9700 0395000  298.5300   84.0600  1.005557990001515
1 10016U 00016A   05004.87050926  0.00000000  00000-0 7.59082e-03 0  001616
2 10016   11.3300 336.3700 0242000  106.0600   83.8300  1.050723950001616
1 10017U 00017A   05004.87121528  0.00000000  00000-0 4.32540e-02 0  001717
2 10017   65.8500 227.5800 0792000  287.0600  153.3000 13.083720480001717
1 10018U 00018A   05004.87193287  0.00000000  00000-0 7.83433e-03 0  001818
2 10018   11.0300 339.0900 0261000  271.6400   81.1000  1.015289300001818
1 10019U 00019A   05004.86733796  0.00000000  00000-0 8.11649e-03 0  001919
2 10019   11.1900 332.8600 0110000   42.2000   86.9000  1.042078850001919
1 10020U 00020A   05004.86762731  0.00000000  00000-0 1.71836e-01 0  002020
2 10020   66.7200  50.8800 6243000  149.4100   15.0300  2.169681420002020
1 10021U 00021A   05004.86835648  0.00000000  00000-0 1.38189e-01 0  002121
2 10021   14.2700   3.5000 0015000   34.6800   57.7300  1.004358540002121
1 10022U 00022A   05004.86907407  0.00000000  00000-0 4.14508e-03 0  002222
2 10022   15.8500  12.6800 1321000  325.4600   48.4100  0.892662220002222
1 10023U 00023A   05004.87408565  0.00000000  00000-0 6.15893e-03 0  002323
2 10023   14.4600   3.6100 0007000   62.6600   57.1400  1.003436410002323
1 10024U 00024A   05004.87481481  0.00000000  00000-0 6.60926e-03 0  002424
2 10024   12.2400 342.9400 0396000  139.9500   77.3600  1.021168390002424
1 10025U 00025A   05004.87552083  0.00000000  00000-0 7.08416e-03 0  002525
2 10025   12.1200 348.2700 0618000  211.9500   72.9800  0.930335910002525
1 10026U 00026A   05004.87105324  0.00000000  00000-0 1.80944e-02 0  002626
2 10026   70.9900  19.4900 0137000  132.1100   27.4700 13.979326020002626
1 10027U 00027A   05004.87121528  0.00000000  00000-0 3.72751e-03 0  002727
2 10027   11.5400 342.2300 0451000  251.5100   78.3900  0.976653930002727
1 10028U 00028A   05004.87193287  0.00000000  00000-0 4.49642e-03 0  002828
2 10028   11.3200 339.5300 0189000  239.6800   81.2100  0.997381350002828
1 10029U 00029A   05004.87193287  0.00000000  00000-0 5.00013e-03 0  002929
2 10029   11.1600 337.3100 0102000  192.3100   82.7500  1.014166780002929
1 10030U 00030A   05004.87266204  0.00000000  00000-0 6.06563e-03 0  003030
2 10030   11.0200 335.8100 0045000  191.2700   84.9700  1.021308140003030
1 10031U 00031A   05004.87336806  0.00000000  00000-0 6.40028e-03 0  003131
2 10031   11.2400 335.1100 0158000   38.2600   84.9600  1.049677840003131
1 10032U 00032A   05005.81546296  0.00000000  00000-0 6.89382e-03 0  003232
2 10032   11.1800 336.2000 0060000  355.8500   83.2100  1.031233970003232
1 10033U 00033A   05005.81618056  0.00000000  00000-0 8.28855e-03 0  003333
2 10033   11.3200 337.8800 0114000  215.0300   82.8100  1.008081010003333
1 10034U 00034A   05005.81688657  0.00000000  00000-0 8.34429e-03 0  003434
2 10034   10.9400 334.5100 0089000  290.7000   85.3900  1.018266970003434
1 10035U 00035A   05005.81612269  0.00000000  00000-0 1.06313e-03 0  003535
2 10035   11.7200 327.8200 0017000  177.7000   92.3900  1.001913350003535
1 10036U 00036A   05005.81618056  0.00000000  00000-0 3.72751e-03 0  003636
2 10036   11.5400 342.2300 0451000  251.5100   78.4000  0.976653930003636
1 10037U 00037A   05005.81688657  0.00000000  00000-0 5.28220e-03 0  003737
2 10037   11.7900 342.7400 0270000  260.2100   77.9800  0.992003300003737
1 10038U 00038A   05005.81761574  0.00000000  00000-0 7.41972e-03 0  003838
2 10038   12.0400 345.1500 0346000  191.6800   76.0500  0.978914900003838
1 10039U 00039A   05005.81831019  0.00000000  00000-0 6.25966e-03 0  003939
2 10039   14.3900   4.1300 0944000   87.6100   56.5900  1.133493360003939
1 10040U 00040A   05005.81833333  0.00000000  00000-0 1.20032e-02 0  004040
2 10040   64.8100  45.2900 1332000   95.5500   26.0500 10.478258400004040
1 10041U 00041A   05005.81903935  0.00000000  00000-0 3.72708e-02 0  004141
2 10041   90.3100 238.2300 0050000   10.5200  155.4600 12.898137530004141
1 10042U 00042A   05005.81976852  0.00000000  00000-0 6.89120e-03 0  004242
2 10042   11.5300 335.9200 0061000  150.6500   84.1800  1.025455510004242
1 10043U 00043A   05005.82047454  0.00000000  00000-0 4.00886e-03 0  004343
2 10043   11.9300 344.8500 0391000  203.7100   75.7600  0.973429810004343
1 10044U 00044A   05005.82103009  0.00000000  00000-0 1.20032e-02 0  004444
2 10044   64.8100  45.2900 1332000   95.5500   26.1500 10.478258400004444
1 10045U 00045A   05005.82119213  0.00000000  00000-0 3.72708e-02 0  004545
2 10045   90.3100 238.2300 0050000   10.5200  155.3300 12.898137530004545
1 10046U 00046A   05005.8219213  0.00000000  00000-0 3.29238e-03 0  004646
2 10046   11.5100 339.6100 0129000  278.8200   80.4300  1.013113460004646
1 10047U 00047A   05005.82262731  0.00000000  00000-0 3.44315e-03 0  004747
2 10047   14.9700  12.9100 0132000  197.0000   48.3500  0.966712260004747
1 10048U 00048A   05005.82975694  0.00000000  00000-0 5.94500e-03 0  004848
2 10048   11.5100 339.5100 0127000  215.0100   80.6400  1.014374030004848
1 10049U 00049A   05005.82981481  0.00000000  00000-0 6.50949e-03 0  004949
2 10049   11.6500 345.1400 0238000   31.4300   74.9900  1.049169850004949
1 10050U 00050A   05005.83052083  0.00000000  00000-0 6.37995e-03 0  005050
2 10050   11.1900 338.1500 0141000  238.2100   82.8200  1.004583930005050
1 10051U 00051A   05005.81143519  0.00000000  00000-0 6.91883e-03 0  005151
2 10051   10.9800 336.9900 0186000  204.4200   83.0500  1.000099280005151
1 10052U 00052A   05005.811875  0.00000000  00000-0 7.19110e-03 0  005252
2 10052   10.9300 336.1400 0377000  269.6600   84.3100  1.014610450005252
1 10053U 00053A   05005.81258102  0.00000000  00000-0 7.83915e-03 0  005353
2 10053   11.1600 335.4700 0708000  194.5400   84.8000  1.109262780005353
1 10054U 00054A   05005.81329861  0.00000000  00000-0 7.79614e-03 0  005454
2 10054   11.2100 338.7600 0204000  256.1600   81.7600  1.007874830005454
1 10055U 00055A   05005.82981481  0.00000000  00000-0 8.41798e-03 0  005555
2 10055   11.7400 339.5600 0104000  120.1200   80.5400  1.031787040005555
1 10056U 00056A   05005.83052083  0.00000000  00000-0 8.60550e-03 0  005656
2 10056   11.3100 329.4000 0404000   67.4100   89.7300  1.090359440005656
1 10057U 00057A   05005.82622685  0.00000000  00000-0 1.38189e-01 0  005757
2 10057   14.2700   3.5000 0015000   34.6800   57.4900  1.004358540005757
1 10058U 00058A   05005.82693287  0.00000000  00000-0 6.10566e-03 0  005858
2 10058   11.9100 332.6800 0564000  359.8700   86.5900  1.091924090005858
1 10059U 00059A   05005.82766204  0.00000000  00000-0 6.28063e-03 0  005959
2 10059   16.7300  19.5900 0609000  204.0700   42.6700  0.905765800005959
1 10060U 00060A   05005.82550926  0.00000000  00000-0 6.71693e-03 0  006060
2 10060   11.9100 344.8600 0354000  213.6400   75.7800  0.971761760006060
1 10061U 00061A   05005.82622685  0.00000000  00000-0 7.40612e-03 0  006161
2 10061   11.8900 339.7200 0202000  260.4800   80.6300  1.024640660006161
1 10062U 00062A   05005.82693287  0.00000000  00000-0 4.91099e-03 0  006262
2 10062   11.0700 335.1800 0061000   85.0200   84.9300  1.034900390006262
1 10063U 00063A   05005.81258102  0.00000000  00000-0 5.00013e-03 0  006363
2 10063   11.1600 337.3100 0102000  192.3100   82.7600  1.014166780006363
1 10064U 00064A   05005.81329861  0.00000000  00000-0 6.06563e-03 0  006464
2 10064   11.0200 335.8100 0045000  191.2700   84.5900  1.021308140006464
1 10065U 00065A   05005.823125  0.00000000  00000-0 6.57900e-03 0  006565
2 10065   11.3200 337.2900 0050000  129.0100   82.6800  1.028392300006565
1 10066U 00066A   05005.82334491  0.00000000  00000-0 6.81994e-03 0  006666
2 10066   11.5400 345.8000 0362000   17.5400   74.1700  1.029986800006666
1 10067U 00067A   05005.82407407  0.00000000  00000-0 7.27710e-03 0  006767
2 10067   11.5700 343.8700 0413000  229.1600   76.9900  0.962686720006767
1 10068U 00068A   05005.82478009  0.00000000  00000-0 6.62247e-04 0  006868
2 10068   14.4600   3.4300 0039000  124.5100   57.3700  1.004895310006868
1 10069U 00069A   05005.82334491  0.00000000  00000-0 8.38412e-04 0  006969
2 10069   14.4500   4.9200 0003000   60.4300   55.9700  1.001183510006969
1 10070U 00070A   05005.82407407  0.00000000  00000-0 1.06313e-03 0  007070
2 10070   11.7200 327.8200 0017000  177.7000   92.7100  1.001913350007070
1 10071U 00071A   05005.80972222  0.00000000  00000-0 1.16862e-01 0  007171
2 10071   14.4800   3.5100 0081000  351.4700   56.6700  1.003857990007171
1 10072U 00072A   05005.81043981  0.00000000  00000-0 3.42063e-03 0  007272
2 10072   11.8900 345.7900 0584000  237.1200   75.3700  0.951996480007272
1 10073U 00073A   05005.8134375  0.00000000  00000-0 2.15649e-01 0  007373
2 10073   25.5600  31.4900 1640000   19.3900   30.0300  0.997788080007373
1 10074U 00074A   05005.81402778  0.00000000  00000-0 2.62351e-02 0  007474
2 10074   90.2700 222.1300 0024000  338.4700  155.2000 12.875499370007474
1 10075U 00075A   05005.8147338  0.00000000  00000-0 7.16937e-03 0  007575
2 10075   12.0100 331.8000 0639000   89.1100   87.2200  1.121088530007575
1 10076U 00076A   05005.81546296  0.00000000  00000-0 6.96681e-03 0  007676
2 10076   12.1100 331.8000 0633000   89.1100   87.0900  1.120648730007676
1 10077U 00077A   05005.81928241  0.00000000  00000-0 6.77848e-03 0  007777
2 10077   11.5900 341.0700 0176000  208.1200   79.6000  1.000397700007777
1 10078U 00078A   05005.81976852  0.00000000  00000-0 8.42537e-03 0  007878
2 10078   12.1000 339.5600 0094000  120.1200   81.1600  1.033145830007878
1 10079U 00079A   05005.82047454  0.00000000  00000-0 1.39762e-03 0  007979
2 10079   67.3100  55.7300 6934000  206.4900   11.8400  2.028164160007979
1 10080U 00080A   05005.82119213  0.00000000  00000-0 9.69291e-04 0  008080
2 10080   14.1200  10.4800 0009000  217.5000   50.9600  0.997911920008080
1 10081U 00081A   05005.81618056  0.00000000  00000-0 3.17642e-03 0  008181
2 10081   11.4600 339.6800 0122000  211.9900   81.1200  1.008197990008181
1 10082U 00082A   05005.81688657  0.00000000  00000-0 3.72751e-03 0  008282
2 10082   11.5400 342.2300 0451000  251.5100   78.6400  0.976653930008282
1 10083U 00083A   05005.85887731  0.00000000  00000-0 1.99039e-03 0  008383
2 10083   11.1100 336.9300 0070000  277.7800   83.2000  1.017027190008383
1 10084U 00084A   05005.85935185  0.00000000  00000-0 5.33363e-03 0  008484
2 10084   13.5400   1.3700 0264000   53.9700   59.3800  1.028373690008484
1 10085U 00085A   05005.86005787  0.00000000  00000-0 5.29001e-03 0  008585
2 10085   11.5700 340.0000 0104000  196.7700   80.3600  1.012710780008585
1 10086U 00086A   05005.86077546  0.00000000  00000-0 5.89284e-03 0  008686
2 10086   11.0100 336.1000 0086000  191.6100   83.7600  1.016337280008686
1 10087U 00087A   05005.86150463  0.00000000  00000-0 6.12794e-03 0  008787
2 10087   11.0000 336.0000 0064000  227.2500   84.2900  1.016548910008787
1 10088U 00088A   05005.86221065  0.00000000  00000-0 6.16280e-03 0  008888
2 10088   11.7100 348.1700 0425000   47.3200   71.4500  1.008565270008888
1 10089U 00089A   05005.86293981  0.00000000  00000-0 6.65843e-03 0  008989
2 10089   11.3800 340.9000 0280000  222.4100   79.8600  0.983794410008989
1 10090U 00090A   05005.84930556  0.00000000  00000-0 1.39762e-03 0  009090
2 10090   67.3100  55.7300 6934000  206.4900   12.5700  2.028164160009090
1 10091U 00091A   05005.85001157  0.00000000  00000-0 3.72751e-03 0  009191
2 10091   11.5400 342.2300 0451000  251.5100   78.7400  0.976653930009191
1 10092U 00092A   05005.86734954  0.00000000  00000-0 5.33363e-03 0  009292
2 10092   13.5400   1.3700 0264000   53.9700   59.4700  1.028373690009292
1 10093U 00093A   05005.86795139  0.00000000  00000-0 5.28220e-03 0  009393
2 10093   11.7900 342.7400 0270000  260.2100   77.4900  0.992003300009393
1 10094U 00094A   05005.86866898  0.00000000  00000-0 6.31979e-03 0  009494
2 10094   11.9200 348.1600 0744000  189.9000   72.8400  0.918785960009494
1 10095U 00095A   05005.86895833  0.00000000  00000-0 7.47706e-03 0  009595
2 10095   13.0900 354.3200 0243000  128.6700   66.1000  1.039398530009595
1 10096U 00096A   05005.86939815  0.00000000  00000-0 7.68230e-03 0  009696
2 10096   12.1600 337.9200 0541000  340.3300   82.3500  1.082486580009696
1 10097U 00097A   05005.87010417  0.00000000  00000-0 5.54620e-03 0  009797
2 10097   28.2000 329.9100 1308000  116.3700   66.2600 12.109140680009797
1 10098U 00098A   05005.85216435  0.00000000  00000-0 4.63893e-03 0  009898
2 10098   11.5000 342.7900 0092000   79.6600   77.0500  1.068487740009898
1 10099U 00099A   05005.85289352  0.00000000  00000-0 4.91099e-03 0  009999
2 10099   11.0700 335.1800 0061000   85.0200   84.2200  1.034900390009999
1 10100U 00100A   05005.85361111  0.00000000  00000-0 5.00013e-03 0  0100100
2 10100   11.1600 337.3100 0102000  192.3100   82.8800  1.0141667800100100
1 10101U 00101A   05005.86221065  0.00000000  00000-0 6.21674e-03 0  0101101
2 10101   11.4700 339.6600 0154000  175.4300   80.2900  1.1053991700101101
1 10102U 00102A   05005.86293981  0.00000000  00000-0 6.06563e-03 0  0102102
2 10102   11.0200 335.8100 0045000  191.2700   84.3500  1.0213081400102102
1 10103U 00103A   05005.86365741  0.00000000  00000-0 6.15364e-03 0  0103103
2 10103   11.3800 340.1900 0209000  224.4900   80.8200  0.9937824000103103
1 10104U 00104A   05005.86077546  0.00000000  00000-0 6.39884e-03 0  0104104
2 10104   14.3100   8.6400 0172000  303.9200   52.0600  0.9773473700104104
1 10105U 00105A   05005.86150463  0.00000000  00000-0 6.98107e-03 0  0105105
2 10105   14.8700  14.4100 0162000  174.2200   47.1400  0.9650499500105105
1 10106U 00106A   05005.85576389  0.00000000  00000-0 7.47388e-03 0  0106106
2 10106   11.6700 335.5600 0306000   63.9100   83.9000  1.0750424500106106
1 10107U 00107A   05005.85646991  0.00000000  00000-0 7.67599e-03 0  0107107
2 10107   11.3600 341.3400 0112000   81.8300   78.5400  1.0748121300107107
1 10108U 00108A   05005.85719907  0.00000000  00000-0 7.48189e-03 0  0108108
2 10108   11.0100 336.4200 0144000  227.4300   83.8300  1.0036096500108108
1 10109U 00109A   05005.85935185  0.00000000  00000-0 1.76447e-02 0  0109109
2 10109   83.1700  31.0900 0198000  316.6800   25.6100 13.4614843700109109
1 10110U 00110A   05005.86005787  0.00000000  00000-0 1.81066e-02 0  0110110
2 10110   66.2200  23.6300 0151000   99.7600   28.3500 13.9934533900110110
1 10111U 00111A   05005.8584375  0.00000000  00000-0 8.38412e-04 0  0111111
2 10111   14.4500   4.9200 0003000   60.4300   56.5500  1.0011835100111111
1 10112U 00112A   05005.85862269  0.00000000  00000-0 7.04484e-03 0  0112112
2 10112   14.6100   3.1900 1229000   41.7100   56.6000  1.1342814500112112
1 10113U 00113A   05005.85935185  0.00000000  00000-0 5.67697e-01 0  0113113
2 10113   14.0100   1.3800 0294000  329.0100   59.0800  1.0155206100113113
1 10114U 00114A   05005.86005787  0.00000000  00000-0 6.28063e-03 0  0114114
2 10114   16.7300  19.5900 0609000  204.0700   42.8800  0.9057658000114114
1 10115U 00115A   05005.86746528  0.00000000  00000-0 3.44315e-03 0  0115115
2 10115   14.9700  12.9100 0132000  197.0000   48.4800  0.9667122600115115
1 10116U 00116A   05005.86795139  0.00000000  00000-0 4.27507e-03 0  0116116
2 10116   11.3700 340.6000 0259000  220.7700   79.8800  0.9860799000116116
1 10117U 00117A   05005.86866898  0.00000000  00000-0 5.33363e-03 0  0117117
2 10117   13.5400   1.3700 0264000   53.9700   58.7000  1.0283736900117117
1 10118U 00118A   05005.86939815  0.00000000  00000-0 5.62447e-03 0  0118118
2 10118   11.0700 336.6400 0092000  199.1600   83.3800  1.0144576800118118
1 10119U 00119A   05005.86505787  0.00000000  00000-0 5.89284e-03 0  0119119
2 10119   11.0100 336.1000 0086000  191.6100   84.2000  1.0163372800119119
1 10120U 00120A   05005.86509259  0.00000000  00000-0 5.71627e-03 0  0120120
2 10120   15.1000  12.8000 0166000  178.8200   48.3800  0.9637095100120120
1 10121U 00121A   05005.87006944  0.00000000  00000-0 3.35298e-02 0  0121121
2 10121   88.5900  40.0700 0408000   18.4800   25.2000 12.6397923900121121
1 10122U 00122A   05005.87010417  0.00000000  00000-0 6.86899e-03 0  0122122
2 10122   11.9500 348.3100 0354000   17.9600   71.3200  1.0308266900122122
1 10123U 00123A   05005.90994213  0.00000000  00000-0 7.08193e-03 0  0123123
2 10123   11.3900 342.7900 0228000   71.5300   76.8600  1.0574756400123123
1 10124U 00124A   05005.91054398  0.00000000  00000-0 1.06313e-03 0  0124124
2 10124   11.7200 327.8200 0017000  177.7000   92.2700  1.0019133500124124
1 10125U 00125A   05005.91002315  0.00000000  00000-0 2.15649e-01 0  0125125
2 10125   25.5600  31.4900 1640000   19.3900   29.8500  0.9977880800125125
1 10126U 00126A   05005.91054398  0.00000000  00000-0 7.47706e-03 0  0126126
2 10126   13.0900 354.3200 0243000  128.6700   66.3600  1.0393985300126126
1 10127U 00127A   05005.91127315  0.00000000  00000-0 4.38475e-03 0  0127127
2 10127   71.0000  40.7100 0013000  304.5900   27.2500 14.1522025100127127
1 10128U 00128A   05005.91792824  0.00000000  00000-0 3.87604e-03 0  0128128
2 10128   11.6500 344.8200 0224000   53.7600   74.7100  1.0535782700128128
1 10129U 00129A   05005.9184375  0.00000000  00000-0 5.57247e-03 0  0129129
2 10129   11.3300 339.1500 0147000  222.2300   81.2700  1.0038436900129129
1 10130U 00130A   05005.91915509  0.00000000  00000-0 6.53555e-03 0  0130130
2 10130   11.1600 337.5300 0105000  218.7400   82.3500  1.1059995400130130
1 10131U 00131A   05005.91414352  0.00000000  00000-0 3.57444e-02 0  0131131
2 10131   73.2300 241.0800 0069000  126.7400  154.6000 12.3586915300131131
1 10132U 00132A   05005.91484954  0.00000000  00000-0 6.98044e-03 0  0132132
2 10132   11.2500 336.3900 0058000  312.1000   83.0100  1.0348251900132132
1 10133U 00133A   05005.9155787  0.00000000  00000-0 4.16942e-02 0  0133133
2 10133   82.1500 236.7900 0014000  229.1300  153.2800 15.1062163400133133
1 10134U 00134A   05006.82613426  0.00000000  00000-0 7.37610e-03 0  0134134
2 10134  102.7000  58.3500 0863000  213.8300   24.7400 13.7014151500134134
1 10135U 00135A   05006.82684028  0.00000000  00000-0 8.42613e-02 0  0135135
2 10135   16.4200 354.0000 0511000  338.9900  142.9000  0.9893742300135135
1 10136U 00136A   05006.81342593  0.00000000  00000-0 1.06406e-02 0  0136136
2 10136   66.0000 164.1200 0087000  325.6300   28.2800 13.8981962800136136
1 10137U 00137A   05006.81393519  0.00000000  00000-0 8.14346e-04 0  0137137
2 10137   14.2600   6.4000 0004000   87.2400  131.3600  1.0033828500137137
1 10138U 00138A   05006.8146412  0.00000000  00000-0 8.14342e-04 0  0138138
2 10138   11.0100  37.1800 0005000   21.6400  101.3000  1.0033757000138138
1 10139U 00139A   05006.8153588  0.00000000  00000-0 2.93650e-03 0  0139139
2 10139   14.8400   1.2200 0096000  271.2500  136.0100  0.9883704300139139
1 10140U 00140A   05006.83101852  0.00000000  00000-0 2.40345e-01 0  0140140
2 10140   12.1200  79.7100 3770000  301.3000   58.9600  1.0143776700140140
1 10141U 00141A   05006.83114583  0.00000000  00000-0 4.25987e-03 0  0141141
2 10141   13.1400  13.4300 0316000   33.9300  124.4700  1.0347537700141141
1 10142U 00142A   05006.831875  0.00000000  00000-0 6.98213e-03 0  0142142
2 10142   13.6700   9.3000 0124000  344.4200  128.2700  1.0084968400142142
1 10143U 00143A   05006.83258102  0.00000000  00000-0 3.90590e-02 0  0143143
2 10143  102.1100 178.3400 0074000   36.0800   25.4300 12.5550262300143143
1 10144U 00144A   05006.8240162  0.00000000  00000-0 6.49477e-04 0  0144144
2 10144   11.7900  32.7900 0027000  333.9300  105.2100  0.9759715300144144
1 10145U 00145A   05006.8246875  0.00000000  00000-0 7.36288e-03 0  0145145
2 10145   73.9800 167.2200 0085000  160.7300   26.0300 12.3056300800145145
1 10146U 00146A   05006.82540509  0.00000000  00000-0 7.46451e-03 0  0146146
2 10146   74.0300   4.2500 0029000   72.7100  153.6300 12.5612905300146146
1 10147U 00147A   05006.81821759  0.00000000  00000-0 1.45198e-03 0  0147147
2 10147   15.2000   5.8700 0109000  234.9500  131.5000  0.9947672300147147
1 10148U 00148A   05006.81824074  0.00000000  00000-0 3.31465e-03 0  0148148
2 10148   14.1000  13.1700 0197000   56.3300  124.5300  1.0234119100148148
1 10149U 00149A   05006.81894676  0.00000000  00000-0 2.81898e-01 0  0149149
2 10149   13.6000  16.4500 0061000  357.4900  121.3100  0.9864407900149149
1 10150U 00150A   05006.81967593  0.00000000  00000-0 5.51978e-03 0  0150150
2 10150   14.0700  11.3200 0061000   84.4600  126.0700  0.9930132600150150
1 10151U 00151A   05006.82039352  0.00000000  00000-0 5.61804e-03 0  0151151
2 10151   13.4700  13.2200 0200000   85.7500  124.5600  1.0057730700151151
1 10152U 00152A   05006.83216435  0.00000000  00000-0 6.58702e-03 0  0152152
2 10152   13.5600  16.0700 0017000  214.0200  121.4800  0.9921119300152152
1 10153U 00153A   05006.83258102  0.00000000  00000-0 6.62936e-03 0  0153153
2 10153   13.8500  12.2200 0066000   53.0600  125.1400  0.9968406600153153
1 10154U 00154A   05006.83329861  0.00000000  00000-0 6.71977e-03 0  0154154
2 10154   13.4500  15.8400 0039000  117.0800  121.8600  0.9974202400154154
1 10155U 00155A   05006.82540509  0.00000000  00000-0 4.09177e-02 0  0155155
2 10155   65.8000 163.9100 0683000  215.9000   27.6800 13.4617548800155155
1 10156U 00156A   05006.82613426  0.00000000  00000-0 7.24632e-03 0  0156156
2 10156   13.7900  12.7000 0069000   14.1100  124.7800  0.9974626800156156
1 10157U 00157A   05006.82684028  0.00000000  00000-0 7.36621e-03 0  0157157
2 10157   14.3100  11.5200 0016000  137.9700  126.0700  0.9864442600157157
1 10158U 00158A   05006.81847222  0.00000000  00000-0 7.48130e-03 0  0158158
2 10158   14.0100  14.7100 0099000  111.5800  123.2000  1.0034899900158158
1 10159U 00159A   05006.81894676  0.00000000  00000-0 7.51331e-03 0  0159159
2 10159   13.7500  15.4500 0047000  121.5700  122.3900  0.9974945000159159
1 10160U 00160A   05006.82109954  0.00000000  00000-0 7.36288e-03 0  0160160
2 10160   73.9800 167.2200 0085000  160.7300   26.2600 12.3056300800160160
1 10161U 00161A   05006.8218287  0.00000000  00000-0 7.46451e-03 0  0161161
2 10161   74.0300   4.2500 0029000   72.7100  153.5500 12.5612905300161161
1 10162U 00162A   05006.82252315  0.00000000  00000-0 4.42640e-01 0  0162162
2 10162   12.5600  67.9500 2812000  319.0700   70.9600  1.0951100800162162
1 10163U 00163A   05006.82253472  0.00000000  00000-0 3.86621e-02 0  0163163
2 10163   61.9400 156.0300 1205000  211.0500   27.3100 12.0776908300163163
1 10164U 00164A   05006.81824074  0.00000000  00000-0 4.35312e-03 0  0164164
2 10164   11.0400 335.8100 0032000  289.9100   83.8500  1.0236001600164164
1 10165U 00165A   05006.81894676  0.00000000  00000-0 4.50810e-03 0  0165165
2 10165   11.3100 338.9200 0141000  210.5800   81.8700  1.0057515600165165
1 10166U 00166A   05006.81967593  0.00000000  00000-0 3.80496e-02 0  0166166
2 10166   64.8100 252.6700 0147000   32.0700  151.2400 14.5005680000166166
1 10167U 00167A   05006.81936343  0.00000000  00000-0 7.01035e-03 0  0167167
2 10167   11.2900 339.2300 0179000  230.7400   80.9900  0.9983827500167167
1 10168U 00168A   05006.81967593  0.00000000  00000-0 8.14578e-03 0  0168168
2 10168   11.8300 348.3700 0426000   18.5600   71.2900  1.0187535500168168
1 10169U 00169A   05006.82039352  0.00000000  00000-0 1.50651e-01 0  0169169
2 10169   14.0100   1.9100 0330000  349.0500   58.6100  1.0107736500169169
1 10170U 00170A   05006.82109954  0.00000000  00000-0 6.41508e-03 0  0170170
2 10170   12.6200 352.8600 0311000    4.9400   67.2400  1.0174108100170170
1 10171U 00171A   05006.82471065  0.00000000  00000-0 7.06746e-03 0  0171171
2 10171   12.6400 352.7500 0415000  351.6100   67.0900  1.0215730100171171
1 10172U 00172A   05006.82540509  0.00000000  00000-0 3.72751e-03 0  0172172
2 10172   11.5400 342.2300 0451000  251.5100   77.8300  0.9766539300172172
1 10173U 00173A   05006.82613426  0.00000000  00000-0 5.34363e-03 0  0173173
2 10173   11.2600 339.7500 0321000  253.1900   80.5400  0.9872883600173173
1 10174U 00174A   05006.8147338  0.00000000  00000-0 6.88140e-03 0  0174174
2 10174   11.2200 339.0200 0615000  281.5000   80.4800  0.9972293400174174
1 10175U 00175A   05006.8153588  0.00000000  00000-0 7.08483e-03 0  0175175
2 10175   10.9700 337.3800 0219000  226.4100   82.4800  0.9922030500175175
1 10176U 00176A   05006.81608796  0.00000000  00000-0 7.58792e-03 0  0176176
2 10176   11.3900 341.5900 0120000   86.4100   78.7600  1.0750284200176176
1 10177U 00177A   05006.81679398  0.00000000  00000-0 3.72751e-03 0  0177177
2 10177   11.5400 342.2300 0451000  251.5100   77.9900  0.9766539300177177
1 10178U 00178A   05006.81885417  0.00000000  00000-0 6.74964e-04 0  0178178
2 10178   10.4700  35.1700 0018000   45.2700  103.9900  1.0339798700178178
1 10179U 00179A   05006.81894676  0.00000000  00000-0 5.51421e-03 0  0179179
2 10179   15.1000 359.7200 0186000  231.6900  138.3300  0.9881441100179179
1 10180U 00180A   05006.81967593  0.00000000  00000-0 5.98735e-03 0  0180180
2 10180   14.8900 359.1200 0057000  310.0100  137.9600  0.9936840100180180
1 10181U 00181A   05006.82039352  0.00000000  00000-0 6.21333e-03 0  0181181
2 10181   14.9000 358.4200 0061000  250.2700  138.6700  0.9955033900181181
1 10182U 00182A   05006.81466435  0.00000000  00000-0 7.19240e-03 0  0182182
2 10182   14.1800   2.8400 0042000  337.0400  134.8800  1.0091995400182182
1 10183U 00183A   05006.8153588  0.00000000  00000-0 4.05184e-02 0  0183183
2 10183   91.1400 174.2600 0112000  124.7000   24.6400 12.6481507900183183
1 10184U 00184A   05006.81608796  0.00000000  00000-0 1.39876e-02 0  0184184
2 10184   11.4400  62.6700 6375000  226.6800   78.8200  2.2100141500184184
1 10185U 00185A   05006.81679398  0.00000000  00000-0 8.14342e-04 0  0185185
2 10185   11.0100  37.1800 0005000   21.6400  101.4300  1.0033757000185185
1 10186U 00186A   05006.854375  0.00000000  00000-0 8.64851e-04 0  0186186
2 10186   14.6600   3.1500 0004000  121.8500  134.0100  0.9937578000186186
1 10187U 00187A   05006.85481481  0.00000000  00000-0 2.40345e-01 0  0187187
2 10187   12.1200  79.7100 3770000  301.3000   58.8000  1.0143776700187187
1 10188U 00188A   05006.85552083  0.00000000  00000-0 4.44861e-03 0  0188188
2 10188   15.4600 359.9500 0154000  261.5000  137.1200  0.9815184200188188
1 10189U 00189A   05006.83472222  0.00000000  00000-0 2.99204e-02 0  0189189
2 10189   81.9000 174.9800 0108000  210.0100   26.6000 14.8452952200189189
1 10190U 00190A   05006.83542824  0.00000000  00000-0 2.86988e-02 0  0190190
2 10190   82.4000 353.6700 0270000  279.1700  155.7900 12.0113939900190190
1 10191U 00191A   05006.83615741  0.00000000  00000-0 5.97056e-03 0  0191191
2 10191   13.1300  14.8100 0236000  108.9500  123.4100  1.0170125800191191
1 10192U 00192A   05006.8462037  0.00000000  00000-0 1.56155e-02 0  0192192
2 10192   69.8100 163.7000 0045000  155.3800   27.3700 13.8079650100192192
1 10193U 00193A   05006.8469213  0.00000000  00000-0 6.94804e-03 0  0193193
2 10193   13.1200  12.9400 0146000   44.4400  124.9000  1.0170527500193193
1 10194U 00194A   05006.85241898  0.00000000  00000-0 1.39876e-02 0  0194194
2 10194   11.4400  62.6700 6375000  226.6800   78.6300  2.2100141500194194
1 10195U 00195A   05006.85266204  0.00000000  00000-0 8.14709e-03 0  0195195
2 10195   13.2700  10.8800 0118000   51.3700  126.5300  1.0044061200195195
1 10196U 00196A   05006.85336806  0.00000000  00000-0 6.49579e-04 0  0196196
2 10196   15.2500   7.8300 0017000   89.4400  129.8100  0.9762000500196196
1 10197U 00197A   05006.85409722  0.00000000  00000-0 3.96908e-03 0  0197197
2 10197   13.4900  16.9000 0087000  232.0600  120.9000  0.9818042100197197
1 10198U 00198A   05006.85550926  0.00000000  00000-0 5.51978e-03 0  0198198
2 10198   14.0700  11.3200 0061000   84.4600  126.2600  0.9930132600198198
1 10199U 00199A   05006.85621528  0.00000000  00000-0 5.61804e-03 0  0199199
2 10199   13.4700  13.2200 0200000   85.7500  124.6400  1.0057730700199199
1 10200U 00200A   05006.83685185  0.00000000  00000-0 5.71472e-03 0  0200200
2 10200   13.4500  14.7000 0192000   86.9000  123.2500  1.0031829000200200
1 10201U 00201A   05006.83756944  0.00000000  00000-0 5.66513e-03 0  0201201
2 10201   13.4500  16.6100 0056000  254.2100  121.0800  0.9865970200201201
1 10202U 00202A   05006.84726852  0.00000000  00000-0 4.76593e-01 0  0202202
2 10202   26.9700 340.9500 0444000   21.6000  154.5200  0.9891266100202202
1 10203U 00203A   05006.84760417  0.00000000  00000-0 1.59121e-02 0  0203203
2 10203   97.9000 185.0400 0127000  174.5000   26.4400 14.2032230200203203
1 10204U 00204A   05006.84832176  0.00000000  00000-0 6.55757e-03 0  0204204
2 10204   13.6400  15.7700 0063000  144.4200  122.0800  0.9949855100204204
1 10205U 00205A   05006.84905093  0.00000000  00000-0 6.83238e-03 0  0205205
2 10205   13.2100  15.4200 0091000   43.4900  122.4700  1.0072196700205205
1 10206U 00206A   05006.84975694  0.00000000  00000-0 7.13813e-03 0  0206206
2 10206   13.6200  12.0100 0109000   45.0700  125.7900  1.0034221300206206
1 10207U 00207A   05006.83541667  0.00000000  00000-0 8.12270e-03 0  0207207
2 10207   13.2000  15.9800 0046000   94.3200  121.5900  0.9999004300207207
1 10208U 00208A   05006.83612269  0.00000000  00000-0 6.49579e-04 0  0208208
2 10208   15.2500   7.8300 0017000   89.4400  129.6300  0.9762000500208208
1 10209U 00209A   05006.83541667  0.00000000  00000-0 4.99914e-01 0  0209209
2 10209   14.1300  18.0100 0704000   24.2400  119.6700  0.9850262500209209
1 10210U 00210A   05006.83612269  0.00000000  00000-0 6.17797e-03 0  0210210
2 10210   14.0100  14.7900 0087000  297.2600  122.8000  0.9870172900210210
1 10211U 00211A   05006.85  0.00000000  00000-0 7.67991e-03 0  0211211
2 10211   14.6400  13.1000 0208000   27.9000  124.3600  1.0179428000211211
1 10212U 00212A   05006.85047454  0.00000000  00000-0 1.86957e-02 0  0212212
2 10212   70.9900  12.9100 0017000  275.9900  151.6700 14.6818663300212212
1 10213U 00213A   05006.8512037  0.00000000  00000-0 1.80302e-02 0  0213213
2 10213   64.9600  14.8900 0065000  255.5800  150.7600 13.9050460500213213
1 10214U 00214A   05006.85190972  0.00000000  00000-0 1.74565e-02 0  0214214
2 10214   65.5500 164.5000 0809000  265.2700   28.1200 13.2466256000214214
1 10215U 00215A   05006.88037037  0.00000000  00000-0 8.13172e-01 0  0215215
2 10215   14.0200  16.8000 0373000   21.1800  120.6200  0.9830971300215215
1 10216U 00216A   05006.88106481  0.00000000  00000-0 6.43593e-03 0  0216216
2 10216   82.5900 224.4400 0355000  224.0800  155.3600 12.2390850500216216
1 10217U 00217A   05006.88178241  0.00000000  00000-0 1.14170e-02 0  0217217
2 10217   83.0800 222.2700 0146000  276.9800  154.6500 13.5446855400217217
1 10218U 00218A   05006.88248843  0.00000000  00000-0 5.29001e-03 0  0218218
2 10218   11.5700 340.0000 0104000  196.7700   80.1300  1.0127107800218218
1 10219U 00219A   05006.88178241  0.00000000  00000-0 6.16280e-03 0  0219219
2 10219   11.7100 348.1700 0425000   47.3200   71.7300  1.0085652700219219
1 10220U 00220A   05006.88248843  0.00000000  00000-0 6.57722e-03 0  0220220
2 10220   11.0400 336.5200 0146000  175.9700   83.8200  1.0137525000220220
1 10221U 00221A   05006.88505787  0.00000000  00000-0 7.38148e-03 0  0221221
2 10221   11.0600 336.6500 0112000  189.7100   83.4200  1.0135527300221221
1 10222U 00222A   05006.88537037  0.00000000  00000-0 7.97952e-03 0  0222222
2 10222   11.2200 335.8500 0079000  264.9600   83.7900  1.0158117900222222
1 10223U 00223A   05006.88607639  0.00000000  00000-0 8.38412e-04 0  0223223
2 10223   14.4500   4.9200 0003000   60.4300   55.8600  1.0011835100223223
1 10224U 00224A   05006.88392361  0.00000000  00000-0 6.43593e-03 0  0224224
2 10224   82.5900 224.4400 0355000  224.0800  155.2100 12.2390850500224224
1 10225U 00225A   05006.8846412  0.00000000  00000-0 1.14170e-02 0  0225225
2 10225   83.0800 222.2700 0146000  276.9800  154.5100 13.5446855400225225
1 10226U 00226A   05006.88321759  0.00000000  00000-0 6.56859e-03 0  0226226
2 10226   11.7900 334.7500 0441000   35.4800   84.6000  1.0867271800226226
1 10227U 00227A   05006.88392361  0.00000000  00000-0 4.06760e-02 0  0227227
2 10227   64.6500 235.6100 0241000   37.8900  153.9600 11.2050384200227227
1 10228U 00228A   05006.8846412  0.00000000  00000-0 2.82408e-03 0  0228228
2 10228   11.1700 340.4900 0158000  358.2300   79.4800  1.0685789600228228
1 10229U 00229A   05006.88467593  0.00000000  00000-0 9.71658e-03 0  0229229
2 10229   65.8100  49.7600 0891000  213.2100   24.9200 12.1277579000229229
1 10230U 00230A   05006.88537037  0.00000000  00000-0 4.50810e-03 0  0230230
2 10230   11.3100 338.9200 0141000  210.5800   81.7100  1.0057515600230230
1 10231U 00231A   05006.88607639  0.00000000  00000-0 4.91201e-03 0  0231231
2 10231   11.7000 342.5500 0075000  124.0100   77.8100  1.0874250600231231
1 10232U 00232A   05006.87532407  0.00000000  00000-0 6.48385e-03 0  0232232
2 10232   11.3000 336.0400 0107000   48.0800   83.6500  1.0429763700232232
1 10233U 00233A   05006.87603009  0.00000000  00000-0 6.92008e-03 0  0233233
2 10233   11.3100 338.6800 0128000  267.4300   81.0200  1.1042838400233233
1 10234U 00234A   05006.87224537  0.00000000  00000-0 6.50961e-03 0  0234234
2 10234   12.2200 347.1600 0553000  233.4400   73.6700  0.9604898200234234
1 10235U 00235A   05006.87244213  0.00000000  00000-0 7.67996e-03 0  0235235
2 10235   13.1300 356.9900 0797000   55.0500   63.5700  0.9854280800235235
1 10236U 00236A   05006.8731713  0.00000000  00000-0 8.53346e-04 0  0236236
2 10236   14.2000  10.7400 0041000  220.2600   50.4800  0.9526642600236236
1 10237U 00237A   05006.87387731  0.00000000  00000-0 4.12646e-03 0  0237237
2 10237   11.2300 337.1800 0085000  161.4200   83.0800  1.0221767700237237
1 10238U 00238A   05006.86886574  0.00000000  00000-0 1.14559e-02 0  0238238
2 10238   82.9500 255.5300 0052000   84.1100  154.1600 14.0432322200238238
1 10239U 00239A   05006.86958333  0.00000000  00000-0 4.69643e-03 0  0239239
2 10239   11.2100 337.8200 0105000  204.6400   82.7600  1.0117830800239239
1 10240U 00240A   05006.87747685  0.00000000  00000-0 5.34363e-03 0  0240240
2 10240   11.2600 339.7500 0321000  253.1900   80.9900  0.9872883600240240
1 10241U 00241A   05006.87818287  0.00000000  00000-0 5.82838e-03 0  0241241
2 10241   13.3900   5.4500 0104000   44.3300   55.7300  1.0071945100241241
1 10242U 00242A   05006.87891204  0.00000000  00000-0 6.61796e-03 0  0242242
2 10242   11.3700 338.9600 0441000  276.4600   80.4100  1.0135781500242242
1 10243U 00243A   05006.87962963  0.00000000  00000-0 7.43981e-03 0  0243243
2 10243   11.3100 335.7800 0238000  154.2400   84.7800  1.0195265100243243
1 10244U 00244A   05006.87891204  0.00000000  00000-0 7.30012e-03 0  0244244
2 10244   11.4300 337.2100 0110000  219.4800   83.4000  1.0085904900244244
1 10245U 00245A   05006.87962963  0.00000000  00000-0 7.10046e-03 0  0245245
2 10245   14.6800  13.2500 0297000  268.0700   47.7000  0.9731175400245245
1 10246U 00246A   05006.87387731  0.00000000  00000-0 1.14559e-02 0  0246246
2 10246   82.9500 255.5300 0052000   84.1100  154.0600 14.0432322200246246
1 10247U 00247A   05006.87459491  0.00000000  00000-0 5.52155e-03 0  0247247
2 10247   12.6300 348.9100 0437000  208.5800   71.4800  0.9663935000247247
1 10248U 00248A   05006.88391204  0.00000000  00000-0 6.60674e-03 0  0248248
2 10248   13.1100 356.5700 0931000  178.9800   64.0200  0.9034675300248248
1 10249U 00249A   05006.88461806  0.00000000  00000-0 8.14351e-04 0  0249249
2 10249   10.1500  40.0800 0006000    6.4500   98.0200  1.0033935600249249
1 10250U 00250A   05006.88391204  0.00000000  00000-0 2.40974e-03 0  0250250
2 10250   47.4800 150.4900 7273000    8.5600   36.9500  2.2735345700250250
1 10251U 00251A   05006.88461806  0.00000000  00000-0 3.73943e-03 0  0251251
2 10251   17.3300 358.3900 7053000  349.8900  140.7100  2.4387450300251251
1 10252U 00252A   05006.87707176  0.00000000  00000-0 1.12604e-02 0  0252252
2 10252  102.4300 176.3100 0127000   68.3900   24.8900 12.2795897100252252
1 10253U 00253A   05006.8774537  0.00000000  00000-0 5.98735e-03 0  0253253
2 10253   14.8900 359.1200 0057000  310.0100  138.3700  0.9936840100253253
1 10254U 00254A   05006.8781713  0.00000000  00000-0 1.56657e-03 0  0254254
2 10254   28.6800 344.3400 6212000  324.7500  154.6100  3.6034844000254254
1 10255U 00255A   05006.87887731  0.00000000  00000-0 6.50090e-04 0  0255255
2 10255   15.5900   0.3100 0008000  305.8600  137.2100  0.9773542000255255
1 10256U 00256A   05006.86597222  0.00000000  00000-0 8.64851e-04 0  0256256
2 10256   14.6600   3.1500 0004000  121.8500  134.4500  0.9937578000256256
1 10257U 00257A   05006.86667824  0.00000000  00000-0 9.63040e-04 0  0257257
2 10257   14.5000   5.6800 0014000    1.6300  132.0700  0.9882729300257257
1 10258U 00258A   05006.8862037  0.00000000  00000-0 2.40974e-03 0  0258258
2 10258   47.4800 150.4900 7273000    8.5600   37.0800  2.2735345700258258
1 10259U 00259A   05006.88677083  0.00000000  00000-0 5.50365e-03 0  0259259
2 10259   13.4900  11.2500 0146000   54.0300  126.8000  1.0087273800259259
1 10260U 00260A   05007.83267361  0.00000000  00000-0 6.83255e-03 0  0260260
2 10260  101.7800 182.3200 0032000  342.9800   25.6500 12.5675600400260260
1 10261U 00261A   05007.83310185  0.00000000  00000-0 4.10877e-03 0  0261261
2 10261   13.7300  13.9400 0029000   90.8400  123.4700  0.9970208300261261
1 10262U 00262A   05007.83380787  0.00000000  00000-0 4.48867e-03 0  0262262
2 10262   13.0400  16.7200 0060000  159.4000  120.9600  0.9925782100262262
1 10263U 00263A   05007.83453704  0.00000000  00000-0 5.61804e-03 0  0263263
2 10263   13.4700  13.2200 0200000   85.7500  124.4200  1.0057730700263263
1 10264U 00264A   05007.81875  0.00000000  00000-0 5.71472e-03 0  0264264
2 10264   13.4500  14.7000 0192000   86.9000  123.3100  1.0031829000264264
1 10265U 00265A   05007.81945602  0.00000000  00000-0 4.76593e-01 0  0265265
2 10265   26.9700 340.9500 0444000   21.6000  154.9400  0.9891266100265265
1 10266U 00266A   05007.82078704  0.00000000  00000-0 6.09742e-03 0  0266266
2 10266   16.7400   0.5600 0323000  313.9400  136.4700  0.9594713800266266
1 10267U 00267A   05007.82090278  0.00000000  00000-0 6.62936e-03 0  0267267
2 10267   13.8500  12.2200 0066000   53.0600  125.5000  0.9968406600267267
1 10268U 00268A   05007.8216088  0.00000000  00000-0 6.73143e-03 0  0268268
2 10268   13.2700  17.3000 0245000   90.0400  120.7300  1.0050134700268268
1 10269U 00269A   05007.82233796  0.00000000  00000-0 7.13074e-03 0  0269269
2 10269   13.5800  15.7500 0145000  142.7500  122.4900  0.9962510400269269
1 10270U 00270A   05007.82090278  0.00000000  00000-0 3.72083e-02 0  0270270
2 10270   62.0900  20.9800 1626000  114.3000  149.4900 11.6059400200270270
1 10271U 00271A   05007.8216088  0.00000000  00000-0 2.16863e-02 0  0271271
2 10271   64.3200 354.1700 5647000   67.2100  155.9800  4.4253679100271271
1 10272U 00272A   05007.82233796  0.00000000  00000-0 7.98947e-03 0  0272272
2 10272   13.5900  15.7700 0138000  109.5500  122.0100  0.9895703100272272
1 10273U 00273A   05007.82449074  0.00000000  00000-0 4.97784e-03 0  0273273
2 10273   13.6500  16.6300 0083000  252.4700  120.7500  0.9827451700273273
1 10274U 00274A   05007.82519676  0.00000000  00000-0 4.99070e-03 0  0274274
2 10274   13.7400  16.8100 0145000  196.0400  121.2200  0.9782606800274274
1 10275U 00275A   05007.83739583  0.00000000  00000-0 5.38593e-03 0  0275275
2 10275   13.8800  16.5500 0104000  222.1700  121.5300  0.9797620100275275
1 10276U 00276A   05007.83811343  0.00000000  00000-0 1.25364e-02 0  0276276
2 10276  102.6500 183.6700 0110000   80.1300   25.9600 12.2192614400276276
1 10277U 00277A   05007.83884259  0.00000000  00000-0 1.30507e-02 0  0277277
2 10277   62.2900  11.2600 0680000  268.2200  151.1600 12.9789140200277277
1 10278U 00278A   05007.83048611  0.00000000  00000-0 6.64824e-03 0  0278278
2 10278   14.6100  14.3800 0118000  237.9300  123.0900  0.9717042100278278
1 10279U 00279A   05007.83094907  0.00000000  00000-0 7.87739e-03 0  0279279
2 10279   14.3500  16.7200 0223000  197.5400  121.5200  0.9688204300279279
1 10280U 00280A   05007.83165509  0.00000000  00000-0 1.39762e-03 0  0280280
2 10280   67.3100  55.7300 6934000  206.4900   11.8300  2.0281641600280280
1 10281U 00281A   05007.82890046  0.00000000  00000-0 1.99039e-03 0  0281281
2 10281   11.1100 336.9300 0070000  277.7800   82.6800  1.0170271900281281
1 10282U 00282A   05007.82950231  0.00000000  00000-0 4.91201e-03 0  0282282
2 10282   11.7000 342.5500 0075000  124.0100   77.0200  1.0874250600282282
1 10283U 00283A   05007.83023148  0.00000000  00000-0 5.29001e-03 0  0283283
2 10283   11.5700 340.0000 0104000  196.7700   80.6200  1.0127107800283283
1 10284U 00284A   05007.83453704  0.00000000  00000-0 5.29338e-03 0  0284284
2 10284   11.6200 350.2200 1291000  175.4100   70.9300  0.8489929200284284
1 10285U 00285A   05007.83524306  0.00000000  00000-0 6.06563e-03 0  0285285
2 10285   11.0200 335.8100 0045000  191.2700   84.8400  1.0213081400285285
1 10286U 00286A   05007.82237269  0.00000000  00000-0 5.96100e-03 0  0286286
2 10286   11.7000 342.0200 0233000  256.0300   78.2200  0.9949960800286286
1 10287U 00287A   05007.82305556  0.00000000  00000-0 8.69926e-01 0  0287287
2 10287   65.0700  53.8000 6352000  171.2800   13.2000  2.2316817200287287
1 10288U 00288A   05007.82376157  0.00000000  00000-0 6.37995e-03 0  0288288
2 10288   11.1900 338.1500 0141000  238.2100   82.1400  1.0045839300288288
1 10289U 00289A   05007.83275463  0.00000000  00000-0 6.63649e-03 0  0289289
2 10289   11.3800 337.2900 0170000  301.6800   82.3300  1.0322983000289289
1 10290U 00290A   05007.83310185  0.00000000  00000-0 7.08483e-03 0  0290290
2 10290   10.9700 337.3800 0219000  226.4100   82.9600  0.9922030500290290
1 10291U 00291A   05007.83380787  0.00000000  00000-0 7.46028e-03 0  0291291
2 10291   11.3500 336.6300 0056000  171.0000   83.9000  1.0237378800291291
1 10292U 00292A   05007.83668981  0.00000000  00000-0 1.75388e-02 0  0292292
2 10292   99.9900 212.0400 0078000  118.4300  154.3200 13.3404008700292292
1 10293U 00293A   05007.83739583  0.00000000  00000-0 7.92101e-03 0  0293293
2 10293   11.2200 338.8500 0222000  240.1500   81.8700  0.9977385500293293
1 10294U 00294A   05007.83165509  0.00000000  00000-0 8.29918e-03 0  0294294
2 10294   11.6600 339.5600 0098000  120.1200   80.5700  1.0326623500294294
1 10295U 00295A   05007.83238426  0.00000000  00000-0 1.46561e-02 0  0295295
2 10295  100.0700 213.2500 0172000  330.5400  153.9700 14.1375135700295295
1 10296U 00296A   05007.83310185  0.00000000  00000-0 3.04093e-02 0  0296296
2 10296   64.8000 230.3100 0203000  340.5100  153.9500 11.2373930900296296
1 10297U 00297A   05007.81875  0.00000000  00000-0 1.59272e-02 0  0297297
2 10297   99.8100 212.4000 0041000  305.5000  153.7300 14.2233613100297297
1 10298U 00298A   05007.81945602  0.00000000  00000-0 4.14599e-02 0  0298298
2 10298   90.4600  36.8200 0089000  157.2700   25.0500 13.1719239900298298
1 10299U 00299A   05007.82018519  0.00000000  00000-0 7.69803e-03 0  0299299
2 10299   12.2200 340.6700 0162000   86.0300   79.1300  1.0474104800299299
1 10300U 00300A   05007.83738426  0.00000000  00000-0 8.51637e-03 0  0300300
2 10300   13.1000 349.3700 0367000   98.5400   70.5800  1.0499281300300300
1 10301U 00301A   05007.83809028  0.00000000  00000-0 6.65957e-04 0  0301301
2 10301   13.9200   5.9600 0030000  343.2300   54.9600  1.0133530200301301
1 10302U 00302A   05007.83076389  0.00000000  00000-0 3.17642e-03 0  0302302
2 10302   11.4600 339.6800 0122000  211.9900   80.7100  1.0081979900302302
1 10303U 00303A   05007.83092593  0.00000000  00000-0 4.90198e-03 0  0303303
2 10303   14.7300  11.7800 0160000  218.4800   49.4100  0.9764457100303303
1 10304U 00304A   05007.83092593  0.00000000  00000-0 5.39723e-03 0  0304304
2 10304   11.2600 336.4900 0158000  126.3600   84.2800  1.0341338200304304
1 10305U 00305A   05007.83164352  0.00000000  00000-0 1.44212e-02 0  0305305
2 10305   99.9100 218.3100 0047000   91.9900  154.1200 13.7989392100305305
1 10306U 00306A   05007.83722222  0.00000000  00000-0 6.16280e-03 0  0306306
2 10306   11.7100 348.1700 0425000   47.3200   71.4200  1.0085652700306306
1 10307U 00307A   05007.83738426  0.00000000  00000-0 7.15705e-03 0  0307307
2 10307   11.2900 337.5400 0043000  206.5200   82.8000  1.0186682200307307
1 10308U 00308A   05007.83809028  0.00000000  00000-0 7.27734e-03 0  0308308
2 10308   11.3700 336.4200 0144000  227.4300   84.0700  1.0038733600308308
1 10309U 00309A   05007.83881944  0.00000000  00000-0 8.38412e-04 0  0309309
2 10309   14.4500   4.9200 0003000   60.4300   55.8800  1.0011835100309309
1 10310U 00310A   05007.83953704  0.00000000  00000-0 1.06313e-03 0  0310310
2 10310   11.7200 327.8200 0017000  177.7000   92.7600  1.0019133500310310
1 10311U 00311A   05007.84822917  0.00000000  00000-0 5.82001e-03 0  0311311
2 10311   11.7100 342.9700 0288000  211.1100   77.7700  0.9825520300311311
1 10312U 00312A   05007.84883102  0.00000000  00000-0 1.44212e-02 0  0312312
2 10312   99.9100 218.3100 0047000   91.9900  154.0500 13.7989392100312312
1 10313U 00313A   05007.84956019  0.00000000  00000-0 6.81767e-03 0  0313313
2 10313   12.2300 339.5400 0534000  158.4100   80.7700  1.0848575900313313
1 10314U 00314A   05007.8502662  0.00000000  00000-0 3.72776e-02 0  0314314
2 10314   76.5800 228.8300 0374000   58.4600  155.4100 11.7059462500314314
1 10315U 00315A   05007.84581019  0.00000000  00000-0 1.82937e-02 0  0315315
2 10315   70.8500  30.3000 0068000  299.8000   27.5200 14.2109173400315315
1 10316U 00316A   05007.84597222  0.00000000  00000-0 6.65957e-04 0  0316316
2 10316   13.9200   5.9600 0030000  343.2300   55.3300  1.0133530200316316
1 10317U 00317A   05007.84667824  0.00000000  00000-0 1.26160e-03 0  0317317
2 10317   11.7800 343.3300 0256000  121.9200   77.0100  1.0831353100317317
1 10318U 00318A   05007.84740741  0.00000000  00000-0 6.53642e-03 0  0318318
2 10318   74.0600  25.9400 0010000  357.0800   27.0900 14.3214707200318318
1 10319U 00319A   05007.84740741  0.00000000  00000-0 1.13528e-02 0  0319319
2 10319   82.8000 217.8500 0045000   45.1200  154.2300 13.8540932600319319
1 10320U 00320A   05007.848125  0.00000000  00000-0 1.14170e-02 0  0320320
2 10320   83.0800 222.2700 0146000  276.9800  154.6600 13.5446855400320320
1 10321U 00321A   05007.84166667  0.00000000  00000-0 5.29001e-03 0  0321321
2 10321   11.5700 340.0000 0104000  196.7700   80.1200  1.0127107800321321
1 10322U 00322A   05007.84237269  0.00000000  00000-0 5.39723e-03 0  0322322
2 10322   11.2600 336.4900 0158000  126.3600   83.7200  1.0341338200322322
1 10323U 00323A   05007.84309028  0.00000000  00000-0 6.29845e-03 0  0323323
2 10323   11.1900 337.6600 0106000  204.1900   82.8100  1.0116744600323323
1 10324U 00324A   05007.84952546  0.00000000  00000-0 6.58717e-03 0  0324324
2 10324   11.0200 335.8900 0172000  290.8100   83.9000  1.0208118000324324
1 10325U 00325A   05007.84956019  0.00000000  00000-0 7.28704e-03 0  0325325
2 10325   11.3500 338.7100 0135000  209.7100   82.1500  1.0058813500325325
1 10326U 00326A   05007.8502662  0.00000000  00000-0 7.16289e-01 0  0326326
2 10326   33.2000  38.4900 3773000  316.3100   22.9300  0.9913204400326326
1 10327U 00327A   05007.8509838  0.00000000  00000-0 6.62247e-04 0  0327327
2 10327   14.4600   3.4300 0039000  124.5100   57.3900  1.0048953100327327
1 10328U 00328A   05007.84381944  0.00000000  00000-0 6.53642e-03 0  0328328
2 10328   74.0600  25.9400 0010000  357.0800   27.1500 14.3214707200328328
1 10329U 00329A   05007.84452546  0.00000000  00000-0 1.16862e-01 0  0329329
2 10329   14.4800   3.5100 0081000  351.4700   57.0800  1.0038579900329329
1 10330U 00330A   05007.84525463  0.00000000  00000-0 1.27351e-03 0  0330330
2 10330   18.4900  23.4300 1629000  300.9200   38.3600  0.8433879600330330
1 10331U 00331A   05007.84606481  0.00000000  00000-0 8.47815e-03 0  0331331
2 10331   56.0700 236.8600 0182000  239.9000  149.9100 12.4270361600331331
1 10332U 00332A   05007.84667824  0.00000000  00000-0 1.13528e-02 0  0332332
2 10332   82.8000 217.8500 0045000   45.1200  154.1000 13.8540932600332332
1 10333U 00333A   05007.84740741  0.00000000  00000-0 1.14170e-02 0  0333333
2 10333   83.0800 222.2700 0146000  276.9800  154.5700 13.5446855400333333
1 10334U 00334A   05007.85241898  0.00000000  00000-0 3.23127e-02 0  0334334
2 10334   82.7500  32.8000 0129000   21.6700   24.8500 12.2089099300334334
1 10335U 00335A   05007.85313657  0.00000000  00000-0 3.53685e-02 0  0335335
2 10335   73.8500 227.9600 0615000  259.6100  155.4700 11.3139007800335335
1 10336U 00336A   05007.84899306  0.00000000  00000-0 7.75760e-03 0  0336336
2 10336   11.9000 334.4000 0398000   84.4300   84.9000  1.0855424800336336
1 10337U 00337A   05007.84956019  0.00000000  00000-0 7.68301e-03 0  0337337
2 10337   12.7000 355.6000 0433000  342.0000   64.6700  0.9794635000337337
1 10338U 00338A   05007.84777778  0.00000000  00000-0 3.17642e-03 0  0338338
2 10338   11.4600 339.6800 0122000  211.9900   80.6800  1.0081979900338338
1 10339U 00339A   05007.848125  0.00000000  00000-0 4.38500e-03 0  0339339
2 10339   11.2700 340.6100 0129000   96.2800   79.1500  1.0765405000339339
1 10340U 00340A   05007.84883102  0.00000000  00000-0 6.37413e-03 0  0340340
2 10340   15.0300  12.7000 0188000   98.5100   48.3100  1.0166146100340340
1 10341U 00341A   05007.84956019  0.00000000  00000-0 6.83050e-03 0  0341341
2 10341   11.4700 339.7000 0319000  224.9500   80.6000  0.9758232200341341
1 10342U 00342A   05007.85171296  0.00000000  00000-0 7.61506e-03 0  0342342
2 10342   11.5300 345.2900 0209000   17.2200   74.3400  1.0368511200342342
1 10343U 00343A   05007.85241898  0.00000000  00000-0 8.14578e-03 0  0343343
2 10343   11.8300 348.3700 0426000   18.5600   71.1900  1.0187535500343343
1 10344U 00344A   05007.85313657  0.00000000  00000-0 1.06313e-03 0  0344344
2 10344   11.7200 327.8200 0017000  177.7000   92.3800  1.0019133500344344
1 10345U 00345A   05007.87986111  0.00000000  00000-0 3.81375e-03 0  0345345
2 10345   11.6200 345.1200 0250000   26.9700   74.7400  1.0473069200345345
1 10346U 00346A   05007.8805787  0.00000000  00000-0 4.12646e-03 0  0346346
2 10346   11.2300 337.1800 0085000  161.4200   83.1300  1.0221767700346346
1 10347U 00347A   05007.8834375  0.00000000  00000-0 1.08865e-02 0  0347347
2 10347   64.6800 246.9900 5622000   52.2800  160.3100  4.3401779900347347
1 10348U 00348A   05007.88416667  0.00000000  00000-0 4.50810e-03 0  0348348
2 10348   11.3100 338.9200 0141000  210.5800   81.7400  1.0057515600348348
1 10349U 00349A   05007.88487269  0.00000000  00000-0 4.83934e-03 0  0349349
2 10349   11.7400 321.8600 0793000  346.7100   98.0000  1.1036431600349349
1 10350U 00350A   05007.88604167  0.00000000  00000-0 5.08829e-03 0  0350350
2 10350   12.5000 357.4500 0527000   86.0900   63.8100  1.0607777600350350
1 10351U 00351A   05007.88631944  0.00000000  00000-0 6.65985e-03 0  0351351
2 10351   11.4000 340.9000 0271000  222.4100   79.6100  0.9841093100351351
1 10352U 00352A   05007.88702546  0.00000000  00000-0 7.68926e-03 0  0352352
2 10352   11.1400 336.3700 0242000  106.0600   84.1500  1.0520430300352352
1 10353U 00353A   05007.88775463  0.00000000  00000-0 1.98770e-03 0  0353353
2 10353   27.2700  34.7300 6033000  185.3500   27.8300  2.0583759600353353
1 10354U 00354A   05007.88271991  0.00000000  00000-0 2.73421e-03 0  0354354
2 10354   12.5000 351.3100 0712000  204.3400   69.4300  0.9170434500354354
1 10355U 00355A   05007.8834375  0.00000000  00000-0 4.83934e-03 0  0355355
2 10355   11.7400 321.8600 0793000  346.7100   97.8700  1.1036431600355355
1 10356U 00356A   05007.8805787  0.00000000  00000-0 1.40587e-02 0  0356356
2 10356   65.2100 247.8900 5577000   40.8800  161.1200  4.4008293400356356
1 10357U 00357A   05007.88126157  0.00000000  00000-0 6.13848e-03 0  0357357
2 10357   11.9800 343.6300 0281000  267.4200   75.9000  0.9942816500357357
1 10358U 00358A   05007.8816088  0.00000000  00000-0 7.04484e-03 0  0358358
2 10358   14.6100   3.1900 1229000   41.7100   57.3600  1.1342814500358358
1 10359U 00359A   05007.88197917  0.00000000  00000-0 6.90771e-03 0  0359359
2 10359   12.9600 347.8300 0461000   65.4800   72.0200  1.0705889700359359
1 10360U 00360A   05007.88270833  0.00000000  00000-0 3.02292e-02 0  0360360
2 10360   57.1100 252.9300 3072000  351.0000  157.7600  8.8424548400360360
1 10361U 00361A   05007.88341435  0.00000000  00000-0 3.94334e-02 0  0361361
2 10361   90.9700  54.9300 0056000  196.9400   24.7100 12.9557854300361361
1 10362U 00362A   05008.26471065  0.00000000  00000-0 4.18515e-02 0  0362362
2 10362   82.3200  52.9400 0103000  326.2100   24.2000 11.8641499800362362
1 10363U 00363A   05008.26490741  0.00000000  00000-0 3.75436e-03 0  0363363
2 10363   11.1400 336.9700 0091000  280.0200   82.8400  1.0167569700363363
1 10364U 00364A   05008.265625  0.00000000  00000-0 1.08937e-02 0  0364364
2 10364   28.9900  13.4900 0931000  258.5500   55.0400 13.0223060900364364
1 10365U 00365A   05008.26633102  0.00000000  00000-0 4.69643e-03 0  0365365
2 10365   11.2100 337.8200 0105000  204.6400   82.4200  1.0117830800365365
1 10366U 00366A   05008.26706019  0.00000000  00000-0 6.10526e-03 0  0366366
2 10366   10.9600 335.8200 0122000  246.0700   84.0400  1.0150071100366366
1 10367U 00367A   05008.27280093  0.00000000  00000-0 3.42960e-02 0  0367367
2 10367   62.3300 258.1700 0960000  194.1300  150.4000 12.9651810700367367
1 10368U 00368A   05008.27351852  0.00000000  00000-0 5.68335e-03 0  0368368
2 10368   18.2000  24.0800 0896000  197.0500   37.1800  0.8559163300368368
1 10369U 00369A   05008.27422454  0.00000000  00000-0 7.94021e-03 0  0369369
2 10369   11.3400 339.4600 0309000  161.5200   81.1200  1.0083146300369369
1 10370U 00370A   05008.27425926  0.00000000  00000-0 6.03576e-03 0  0370370
2 10370   11.6900 341.4100 0265000  283.8100   78.2300  1.0017459500370370
1 10371U 00371A   05008.27491898  0.00000000  00000-0 6.53806e-03 0  0371371
2 10371   74.0600  32.5300 0013000  223.8700   26.9800 14.3268709400371371
1 10372U 00372A   05008.27564815  0.00000000  00000-0 3.17642e-03 0  0372372
2 10372   11.4600 339.6800 0122000  211.9900   81.1200  1.0081979900372372
1 10373U 00373A   05008.27635417  0.00000000  00000-0 5.89029e-03 0  0373373
2 10373   11.4500 336.9400 0267000  122.2600   83.5200  1.0422226400373373
1 10374U 00374A   05008.27017361  0.00000000  00000-0 6.37413e-03 0  0374374
2 10374   15.0300  12.7000 0188000   98.5100   48.5800  1.0166146100374374
1 10375U 00375A   05008.27061343  0.00000000  00000-0 6.86899e-03 0  0375375
2 10375   11.9500 348.3100 0354000   17.9600   71.4100  1.0308266900375375
1 10376U 00376A   05008.27134259  0.00000000  00000-0 7.02774e-03 0  0376376
2 10376   11.2800 342.0800 0262000   89.0000   78.0200  1.0560818000376376
1 10377U 00377A   05008.26201389  0.00000000  00000-0 7.01920e-03 0  0377377
2 10377   11.0900 336.6800 0078000  196.9900   83.5600  1.0165379600377377
1 10378U 00378A   05008.26271991  0.00000000  00000-0 7.58792e-03 0  0378378
2 10378   11.3900 341.5900 0120000   86.4100   78.4200  1.0750284200378378
1 10379U 00379A   05008.26344907  0.00000000  00000-0 7.99490e-03 0  0379379
2 10379   11.1300 339.2600 0013000  254.8500   81.0100  1.0812072400379379
1 10380U 00380A   05008.26244213  0.00000000  00000-0 8.21994e-03 0  0380380
2 10380   11.1400 335.5600 0245000  250.3100   85.0000  1.1271779600380380
1 10381U 00381A   05008.26271991  0.00000000  00000-0 7.77029e-03 0  0381381
2 10381   14.1800  10.2300 0149000  206.0100   50.5400  1.0028652600381381
1 10382U 00382A   05008.26344907  0.00000000  00000-0 1.81195e-02 0  0382382
2 10382   70.9500  32.2400 0121000  259.5000   27.1000 14.0084717500382382
1 10383U 00383A   05008.26415509  0.00000000  00000-0 7.97597e-03 0  0383383
2 10383   11.0800 337.8800 0111000  215.0300   82.9900  1.0081400400383383
1 10384U 00384A   05008.2640162  0.00000000  00000-0 8.38412e-04 0  0384384
2 10384   14.4500   4.9200 0003000   60.4300   56.2700  1.0011835100384384
1 10385U 00385A   05008.26415509  0.00000000  00000-0 6.53806e-03 0  0385385
2 10385   74.0600  32.5300 0013000  223.8700   27.0700 14.3268709400385385
1 10386U 00386A   05008.26487269  0.00000000  00000-0 5.37623e-03 0  0386386
2 10386   11.7500 343.7000 0359000  241.8800   77.2800  0.9738985300386386
1 10387U 00387A   05008.26560185  0.00000000  00000-0 5.71298e-03 0  0387387
2 10387   15.1400  11.7000 0335000  194.2700   49.7900  0.9774294100387387
1 10388U 00388A   05008.26259259  0.00000000  00000-0 6.41508e-03 0  0388388
2 10388   12.6200 352.8600 0311000    4.9400   67.3300  1.0174108100388388
1 10389U 00389A   05008.26271991  0.00000000  00000-0 1.59464e-02 0  0389389
2 10389   69.9800  29.9800 0059000  231.6000   27.6300 14.2491959500389389
1 10390U 00390A   05008.26344907  0.00000000  00000-0 6.57371e-03 0  0390390
2 10390   82.6100 231.9200 0006000  276.9100  155.3900 12.6341928000390390
1 10391U 00391A   05008.26415509  0.00000000  00000-0 3.81375e-03 0  0391391
2 10391   11.6200 345.1200 0250000   26.9700   74.3500  1.0473069200391391
1 10392U 00392A   05008.27371528  0.00000000  00000-0 1.25994e-02 0  0392392
2 10392   28.8500 343.7900 0807000   19.8800   64.6700 13.1427595300392392
1 10393U 00393A   05008.27420139  0.00000000  00000-0 5.29278e-03 0  0393393
2 10393   10.9200 335.2200 0056000  274.9100   85.0500  1.0196552500393393
1 10394U 00394A   05008.27491898  0.00000000  00000-0 3.48614e-02 0  0394394
2 10394  102.1000  53.8100 0020000  354.4100   25.0200 12.6016511100394394
1 10395U 00395A   05008.28997685  0.00000000  00000-0 6.81994e-03 0  0395395
2 10395   11.5400 345.8000 0362000   17.5400   74.5000  1.0299868000395395
1 10396U 00396A   05008.29069444  0.00000000  00000-0 7.02774e-03 0  0396396
2 10396   11.2800 342.0800 0262000   89.0000   78.3900  1.0560818000396396
1 10397U 00397A   05008.29140046  0.00000000  00000-0 6.98044e-03 0  0397397
2 10397   11.2500 336.3900 0058000  312.1000   83.2600  1.0348251900397397
1 10398U 00398A   05008.28417824  0.00000000  00000-0 6.84457e-03 0  0398398
2 10398   11.3300 342.5600 0308000  220.1800   78.1300  0.9788391700398398
1 10399U 00399A   05008.28423611  0.00000000  00000-0 7.49304e-03 0  0399399
2 10399   10.8700 340.8800 0293000  233.5400   79.9700  0.9810177800399399
1 10400U 00400A   05008.28953704  0.00000000  00000-0 8.21994e-03 0  0400400
2 10400   11.1400 335.5600 0245000  250.3100   85.1500  1.1271779600400400
1 10401U 00401A   05008.28997685  0.00000000  00000-0 8.38959e-03 0  0401401
2 10401   11.1300 334.8500 0024000  145.7600   85.4100  1.0265707500401401
1 10402U 00402A   05008.29069444  0.00000000  00000-0 1.06313e-03 0  0402402
2 10402   11.7200 327.8200 0017000  177.7000   92.0000  1.0019133500402402
1 10403U 00403A   05008.29140046  0.00000000  00000-0 6.57371e-03 0  0403403
2 10403   82.6100 231.9200 0006000  276.9100  155.2400 12.6341928000403403
1 10404U 00404A   05008.28423611  0.00000000  00000-0 1.98770e-03 0  0404404
2 10404   27.2700  34.7300 6033000  185.3500   28.0700  2.0583759600404404
1 10405U 00405A   05008.28494213  0.00000000  00000-0 1.50651e-01 0  0405405
2 10405   14.0100   1.9100 0330000  349.0500   58.9500  1.0107736500405405
1 10406U 00406A   05008.28040509  0.00000000  00000-0 4.23420e-03 0  0406406
2 10406   12.6300 350.8000 0651000  234.5400   69.7400  0.9337753900406406
1 10407U 00407A   05008.28064815  0.00000000  00000-0 6.51032e-03 0  0407407
2 10407   63.6300 244.9900 5018000   43.3800  160.2200  4.8816533000407407
1 10408U 00408A   05008.28135417  0.00000000  00000-0 6.81767e-03 0  0408408
2 10408   12.2300 339.5400 0534000  158.4100   80.5300  1.0848575900408408
1 10409U 00409A   05008.28208333  0.00000000  00000-0 7.68230e-03 0  0409409
2 10409   12.1600 337.9200 0541000  340.3300   82.0600  1.0824865800409409
1 10410U 00410A   05008.28135417  0.00000000  00000-0 4.28776e-03 0  0410410
2 10410   12.0700 347.3800 0269000   68.3400   72.3600  1.0529200800410410
1 10411U 00411A   05008.28208333  0.00000000  00000-0 4.50810e-03 0  0411411
2 10411   11.3100 338.9200 0141000  210.5800   81.8100  1.0057515600411411
1 10412U 00412A   05008.27993056  0.00000000  00000-0 4.49642e-03 0  0412412
2 10412   11.3200 339.5300 0189000  239.6800   80.8300  0.9973813500412412
1 10413U 00413A   05008.28064815  0.00000000  00000-0 4.90198e-03 0  0413413
2 10413   14.7300  11.7800 0160000  218.4800   49.6200  0.9764457100413413
1 10414U 00414A   05008.27849537  0.00000000  00000-0 5.82001e-03 0  0414414
2 10414   11.7100 342.9700 0288000  211.1100   77.1900  0.9825520300414414
1 10415U 00415A   05008.27920139  0.00000000  00000-0 1.37190e-02 0  0415415
2 10415  102.3800 229.1800 0269000  216.1300  154.6600 12.8035004100415415
1 10416U 00416A   05008.27993056  0.00000000  00000-0 7.04484e-03 0  0416416
2 10416   14.6100   3.1900 1229000   41.7100   56.8700  1.1342814500416416
