1 10000U 00000A   05004.86733796  0.00000000  00000-0 5.00013e-03 0  00000
2 10000  11.1600 337.3100 0102000 192.3100  82.9400  1.01416678 00000 0
1 10001U 00001A   05004.86762731  0.00000000  00000-0 5.12313e-03 0  00011
2 10001  11.0000 334.9600 0041000  23.7100  85.1100  1.03182109 00001 1
1 10002U 00002A   05004.86835648  0.00000000  00000-0 7.52631e-03 0  00022
2 10002  11.3900 339.2000 0111000 254.6300  80.4700  1.10456459 00002 2
1 10003U 00003A   05004.86332176  0.00000000  00000-0 7.29650e-03 0  00033
2 10003  11.4300 339.5400 0123000 214.9800  80.8700  1.00784173 00003 3
1 10004U 00004A   05004.86403935  0.00000000  00000-0 3.91119e-03 0  00044
2 10004  12.2400 346.5500 0459000 258.2400  74.3000  0.97064900 00004 4
1 10005U 00005A   05004.86476852  0.00000000  00000-0 6.21944e-03 0  00055
2 10005  11.6700 342.5800 0522000 262.0900  78.4200  0.98412659 00005 5
1 10006U 00006A   05004.87481481  0.00000000  00000-0 7.25876e-03 0  00066
2 10006  11.9800 340.8500 0561000 353.7700  79.0000  1.09168566 00006 6
1 10007U 00007A   05004.87552083  0.00000000  00000-0 7.62047e-03 0  00077
2 10007  11.9200 335.5600 0305000  63.9100  84.1400  1.07570381 00007 7
1 10008U 00008A   05004.86863426  0.00000000  00000-0 1.03865e-03 0  00088
2 10008  12.0000 346.8900 0282000 347.7300  72.7800  1.05424104 00008 8
1 10009U 00009A   05004.86907407  0.00000000  00000-0 1.71836e-01 0  00099
2 10009  66.7200  50.8800 6243000 149.4100  14.3800  2.16968142 00009 9
1 10010U 00010A   05004.86978009  0.00000000  00000-0 3.39240e-03 0  001010
2 10010  10.9800 336.0400 0114000 185.1400  84.1000  1.01446131 00010 10
1 10011U 00011A   05004.87050926  0.00000000  00000-0 3.84139e-03 0  001111
2 10011  11.3800 339.2700 0127000 241.8100  81.2400  1.00716576 00011 11
1 10012U 00012A   05004.86476852  0.00000000  00000-0 4.27507e-03 0  001212
2 10012  11.3700 340.6000 0259000 220.7700  80.1200  0.98607990 00012 12
1 10013U 00013A   05004.86547454  0.00000000  00000-0 5.94500e-03 0  001313
2 10013  11.5100 339.5100 0127000 215.0100  81.2700  1.01437403 00013 13
1 10014U 00014A   05004.8662037  0.00000000  00000-0 1.45610e-02 0  001414
2 10014  73.6200 221.7600 0050000  27.9500 154.4000 12.43319438 00014 14
1 10015U 00015A   05004.87034722  0.00000000  00000-0 7.04390e-03 0  001515
2 10015  10.9000 335.9700 0395000 298.5300  84.0600  1.00555799 00015 15
1 10016U 00016A   05004.87050926  0.00000000  00000-0 7.59082e-03 0  001616
2 10016  11.3300 336.3700 0242000 106.0600  83.8300  1.05072395 00016 16
1 10017U 00017A   05004.87121528  0.00000000  00000-0 4.32540e-02 0  001717
2 10017  65.8500 227.5800 0792000 287.0600 153.3000 13.08372048 00017 17
1 10018U 00018A   05004.87193287  0.00000000  00000-0 7.83433e-03 0  001818
2 10018  11.0300 339.0900 0261000 271.6400  81.1000  1.01528930 00018 18
1 10019U 00019A   05004.86733796  0.00000000  00000-0 8.11649e-03 0  001919
2 10019  11.1900 332.8600 0110000  42.2000  86.9000  1.04207885 00019 19
1 10020U 00020A   05004.86762731  0.00000000  00000-0 1.71836e-01 0  002020
2 10020  66.7200  50.8800 6243000 149.4100  15.0300  2.16968142 00020 20
1 10021U 00021A   05004.86835648  0.00000000  00000-0 1.38189e-01 0  002121
2 10021  14.2700   3.5000 0015000  34.6800  57.7300  1.00435854 00021 21
1 10022U 00022A   05004.86907407  0.00000000  00000-0 4.14508e-03 0  002222
2 10022  15.8500  12.6800 1321000 325.4600  48.4100  0.89266222 00022 22
1 10023U 00023A   05004.87408565  0.00000000  00000-0 6.15893e-03 0  002323
2 10023  14.4600   3.6100 0007000  62.6600  57.1400  1.00343641 00023 23
1 10024U 00024A   05004.87481481  0.00000000  00000-0 6.60926e-03 0  002424
2 10024  12.2400 342.9400 0396000 139.9500  77.3600  1.02116839 00024 24
1 10025U 00025A   05004.87552083  0.00000000  00000-0 7.08416e-03 0  002525
2 10025  12.1200 348.2700 0618000 211.9500  72.9800  0.93033591 00025 25
1 10026U 00026A   05004.87105324  0.00000000  00000-0 1.80944e-02 0  002626
2 10026  70.9900  19.4900 0137000 132.1100  27.4700 13.97932602 00026 26
1 10027U 00027A   05004.87121528  0.00000000  00000-0 3.72751e-03 0  002727
2 10027  11.5400 342.2300 0451000 251.5100  78.3900  0.97665393 00027 27
1 10028U 00028A   05004.87193287  0.00000000  00000-0 4.49642e-03 0  002828
2 10028  11.3200 339.5300 0189000 239.6800  81.2100  0.99738135 00028 28
1 10029U 00029A   05004.87193287  0.00000000  00000-0 5.00013e-03 0  002929
2 10029  11.1600 337.3100 0102000 192.3100  82.7500  1.01416678 00029 29
1 10030U 00030A   05004.87266204  0.00000000  00000-0 6.06563e-03 0  003030
2 10030  11.0200 335.8100 0045000 191.2700  84.9700  1.02130814 00030 30
1 10031U 00031A   05004.87336806  0.00000000  00000-0 6.40028e-03 0  003131
2 10031  11.2400 335.1100 0158000  38.2600  84.9600  1.04967784 00031 31
1 10032U 00032A   05005.81546296  0.00000000  00000-0 6.89382e-03 0  003232
2 10032  11.1800 336.2000 0060000 355.8500  83.2100  1.03123397 00032 32
1 10033U 00033A   05005.81618056  0.00000000  00000-0 8.28855e-03 0  003333
2 10033  11.3200 337.8800 0114000 215.0300  82.8100  1.00808101 00033 33
1 10034U 00034A   05005.81688657  0.00000000  00000-0 8.34429e-03 0  003434
2 10034  10.9400 334.5100 0089000 290.7000  85.3900  1.01826697 00034 34
1 10035U 00035A   05005.81612269  0.00000000  00000-0 1.06313e-03 0  003535
2 10035  11.7200 327.8200 0017000 177.7000  92.3900  1.00191335 00035 35
1 10036U 00036A   05005.81618056  0.00000000  00000-0 3.72751e-03 0  003636
2 10036  11.5400 342.2300 0451000 251.5100  78.4000  0.97665393 00036 36
1 10037U 00037A   05005.81688657  0.00000000  00000-0 5.28220e-03 0  003737
2 10037  11.7900 342.7400 0270000 260.2100  77.9800  0.99200330 00037 37
1 10038U 00038A   05005.81761574  0.00000000  00000-0 7.41972e-03 0  003838
2 10038  12.0400 345.1500 0346000 191.6800  76.0500  0.97891490 00038 38
1 10039U 00039A   05005.81831019  0.00000000  00000-0 6.25966e-03 0  003939
2 10039  14.3900   4.1300 0944000  87.6100  56.5900  1.13349336 00039 39
1 10040U 00040A   05005.81833333  0.00000000  00000-0 1.20032e-02 0  004040
2 10040  64.8100  45.2900 1332000  95.5500  26.0500 10.47825840 00040 40
1 10041U 00041A   05005.81903935  0.00000000  00000-0 3.72708e-02 0  004141
2 10041  90.3100 238.2300 0050000  10.5200 155.4600 12.89813753 00041 41
1 10042U 00042A   05005.81976852  0.00000000  00000-0 6.89120e-03 0  004242
2 10042  11.5300 335.9200 0061000 150.6500  84.1800  1.02545551 00042 42
1 10043U 00043A   05005.82047454  0.00000000  00000-0 4.00886e-03 0  004343
2 10043  11.9300 344.8500 0391000 203.7100  75.7600  0.97342981 00043 43
1 10044U 00044A   05005.82103009  0.00000000  00000-0 1.20032e-02 0  004444
2 10044  64.8100  45.2900 1332000  95.5500  26.1500 10.47825840 00044 44
1 10045U 00045A   05005.82119213  0.00000000  00000-0 3.72708e-02 0  004545
2 10045  90.3100 238.2300 0050000  10.5200 155.3300 12.89813753 00045 45
1 10046U 00046A   05005.8219213  0.00000000  00000-0 3.29238e-03 0  004646
2 10046  11.5100 339.6100 0129000 278.8200  80.4300  1.01311346 00046 46
1 10047U 00047A   05005.82262731  0.00000000  00000-0 3.44315e-03 0  004747
2 10047  14.9700  12.9100 0132000 197.0000  48.3500  0.96671226 00047 47
1 10048U 00048A   05005.82975694  0.00000000  00000-0 5.94500e-03 0  004848
2 10048  11.5100 339.5100 0127000 215.0100  80.6400  1.01437403 00048 48
1 10049U 00049A   05005.82981481  0.00000000  00000-0 6.50949e-03 0  004949
2 10049  11.6500 345.1400 0238000  31.4300  74.9900  1.04916985 00049 49
1 10050U 00050A   05005.83052083  0.00000000  00000-0 6.37995e-03 0  005050
2 10050  11.1900 338.1500 0141000 238.2100  82.8200  1.00458393 00050 50
1 10051U 00051A   05005.81143519  0.00000000  00000-0 6.91883e-03 0  005151
2 10051  10.9800 336.9900 0186000 204.4200  83.0500  1.00009928 00051 51
1 10052U 00052A   05005.811875  0.00000000  00000-0 7.19110e-03 0  005252
2 10052  10.9300 336.1400 0377000 269.6600  84.3100  1.01461045 00052 52
1 10053U 00053A   05005.81258102  0.00000000  00000-0 7.83915e-03 0  005353
2 10053  11.1600 335.4700 0708000 194.5400  84.8000  1.10926278 00053 53
1 10054U 00054A   05005.81329861  0.00000000  00000-0 7.79614e-03 0  005454
2 10054  11.2100 338.7600 0204000 256.1600  81.7600  1.00787483 00054 54
1 10055U 00055A   05005.82981481  0.00000000  00000-0 8.41798e-03 0  005555
2 10055  11.7400 339.5600 0104000 120.1200  80.5400  1.03178704 00055 55
1 10056U 00056A   05005.83052083  0.00000000  00000-0 8.60550e-03 0  005656
2 10056  11.3100 329.4000 0404000  67.4100  89.7300  1.09035944 00056 56
1 10057U 00057A   05005.82622685  0.00000000  00000-0 1.38189e-01 0  005757
2 10057  14.2700   3.5000 0015000  34.6800  57.4900  1.00435854 00057 57
1 10058U 00058A   05005.82693287  0.00000000  00000-0 6.10566e-03 0  005858
2 10058  11.9100 332.6800 0564000 359.8700  86.5900  1.09192409 00058 58
1 10059U 00059A   05005.82766204  0.00000000  00000-0 6.28063e-03 0  005959
2 10059  16.7300  19.5900 0609000 204.0700  42.6700  0.90576580 00059 59
1 10060U 00060A   05005.82550926  0.00000000  00000-0 6.71693e-03 0  006060
2 10060  11.9100 344.8600 0354000 213.6400  75.7800  0.97176176 00060 60
1 10061U 00061A   05005.82622685  0.00000000  00000-0 7.40612e-03 0  006161
2 10061  11.8900 339.7200 0202000 260.4800  80.6300  1.02464066 00061 61
1 10062U 00062A   05005.82693287  0.00000000  00000-0 4.91099e-03 0  006262
2 10062  11.0700 335.1800 0061000  85.0200  84.9300  1.03490039 00062 62
1 10063U 00063A   05005.81258102  0.00000000  00000-0 5.00013e-03 0  006363
2 10063  11.1600 337.3100 0102000 192.3100  82.7600  1.01416678 00063 63
1 10064U 00064A   05005.81329861  0.00000000  00000-0 6.06563e-03 0  006464
2 10064  11.0200 335.8100 0045000 191.2700  84.5900  1.02130814 00064 64
1 10065U 00065A   05005.823125  0.00000000  00000-0 6.57900e-03 0  006565
2 10065  11.3200 337.2900 0050000 129.0100  82.6800  1.02839230 00065 65
1 10066U 00066A   05005.82334491  0.00000000  00000-0 6.81994e-03 0  006666
2 10066  11.5400 345.8000 0362000  17.5400  74.1700  1.02998680 00066 66
1 10067U 00067A   05005.82407407  0.00000000  00000-0 7.27710e-03 0  006767
2 10067  11.5700 343.8700 0413000 229.1600  76.9900  0.96268672 00067 67
1 10068U 00068A   05005.82478009  0.00000000  00000-0 6.62247e-04 0  006868
2 10068  14.4600   3.4300 0039000 124.5100  57.3700  1.00489531 00068 68
1 10069U 00069A   05005.82334491  0.00000000  00000-0 8.38412e-04 0  006969
2 10069  14.4500   4.9200 0003000  60.4300  55.9700  1.00118351 00069 69
1 10070U 00070A   05005.82407407  0.00000000  00000-0 1.06313e-03 0  007070
2 10070  11.7200 327.8200 0017000 177.7000  92.7100  1.00191335 00070 70
1 10071U 00071A   05005.80972222  0.00000000  00000-0 1.16862e-01 0  007171
2 10071  14.4800   3.5100 0081000 351.4700  56.6700  1.00385799 00071 71
1 10072U 00072A   05005.81043981  0.00000000  00000-0 3.42063e-03 0  007272
2 10072  11.8900 345.7900 0584000 237.1200  75.3700  0.95199648 00072 72
1 10073U 00073A   05005.8134375  0.00000000  00000-0 2.15649e-01 0  007373
2 10073  25.5600  31.4900 1640000  19.3900  30.0300  0.99778808 00073 73
1 10074U 00074A   05005.81402778  0.00000000  00000-0 2.62351e-02 0  007474
2 10074  90.2700 222.1300 0024000 338.4700 155.2000 12.87549937 00074 74
1 10075U 00075A   05005.8147338  0.00000000  00000-0 7.16937e-03 0  007575
2 10075  12.0100 331.8000 0639000  89.1100  87.2200  1.12108853 00075 75
1 10076U 00076A   05005.81546296  0.00000000  00000-0 6.96681e-03 0  007676
2 10076  12.1100 331.8000 0633000  89.1100  87.0900  1.12064873 00076 76
1 10077U 00077A   05005.81928241  0.00000000  00000-0 6.77848e-03 0  007777
2 10077  11.5900 341.0700 0176000 208.1200  79.6000  1.00039770 00077 77
1 10078U 00078A   05005.81976852  0.00000000  00000-0 8.42537e-03 0  007878
2 10078  12.1000 339.5600 0094000 120.1200  81.1600  1.03314583 00078 78
1 10079U 00079A   05005.82047454  0.00000000  00000-0 1.39762e-03 0  007979
2 10079  67.3100  55.7300 6934000 206.4900  11.8400  2.02816416 00079 79
1 10080U 00080A   05005.82119213  0.00000000  00000-0 9.69291e-04 0  008080
2 10080  14.1200  10.4800 0009000 217.5000  50.9600  0.99791192 00080 80
1 10081U 00081A   05005.81618056  0.00000000  00000-0 3.17642e-03 0  008181
2 10081  11.4600 339.6800 0122000 211.9900  81.1200  1.00819799 00081 81
1 10082U 00082A   05005.81688657  0.00000000  00000-0 3.72751e-03 0  008282
2 10082  11.5400 342.2300 0451000 251.5100  78.6400  0.97665393 00082 82
1 10083U 00083A   05005.85887731  0.00000000  00000-0 1.99039e-03 0  008383
2 10083  11.1100 336.9300 0070000 277.7800  83.2000  1.01702719 00083 83
1 10084U 00084A   05005.85935185  0.00000000  00000-0 5.33363e-03 0  008484
2 10084  13.5400   1.3700 0264000  53.9700  59.3800  1.02837369 00084 84
1 10085U 00085A   05005.86005787  0.00000000  00000-0 5.29001e-03 0  008585
2 10085  11.5700 340.0000 0104000 196.7700  80.3600  1.01271078 00085 85
1 10086U 00086A   05005.86077546  0.00000000  00000-0 5.89284e-03 0  008686
2 10086  11.0100 336.1000 0086000 191.6100  83.7600  1.01633728 00086 86
1 10087U 00087A   05005.86150463  0.00000000  00000-0 6.12794e-03 0  008787
2 10087  11.0000 336.0000 0064000 227.2500  84.2900  1.01654891 00087 87
1 10088U 00088A   05005.86221065  0.00000000  00000-0 6.16280e-03 0  008888
2 10088  11.7100 348.1700 0425000  47.3200  71.4500  1.00856527 00088 88
1 10089U 00089A   05005.86293981  0.00000000  00000-0 6.65843e-03 0  008989
2 10089  11.3800 340.9000 0280000 222.4100  79.8600  0.98379441 00089 89
1 10090U 00090A   05005.84930556  0.00000000  00000-0 1.39762e-03 0  009090
2 10090  67.3100  55.7300 6934000 206.4900  12.5700  2.02816416 00090 90
1 10091U 00091A   05005.85001157  0.00000000  00000-0 3.72751e-03 0  009191
2 10091  11.5400 342.2300 0451000 251.5100  78.7400  0.97665393 00091 91
1 10092U 00092A   05005.86734954  0.00000000  00000-0 5.33363e-03 0  009292
2 10092  13.5400   1.3700 0264000  53.9700  59.4700  1.02837369 00092 92
1 10093U 00093A   05005.86795139  0.00000000  00000-0 5.28220e-03 0  009393
2 10093  11.7900 342.7400 0270000 260.2100  77.4900  0.99200330 00093 93
1 10094U 00094A   05005.86866898  0.00000000  00000-0 6.31979e-03 0  009494
2 10094  11.9200 348.1600 0744000 189.9000  72.8400  0.91878596 00094 94
1 10095U 00095A   05005.86895833  0.00000000  00000-0 7.47706e-03 0  009595
2 10095  13.0900 354.3200 0243000 128.6700  66.1000  1.03939853 00095 95
1 10096U 00096A   05005.86939815  0.00000000  00000-0 7.68230e-03 0  009696
2 10096  12.1600 337.9200 0541000 340.3300  82.3500  1.08248658 00096 96
1 10097U 00097A   05005.87010417  0.00000000  00000-0 5.54620e-03 0  009797
2 10097  28.2000 329.9100 1308000 116.3700  66.2600 12.10914068 00097 97
1 10098U 00098A   05005.85216435  0.00000000  00000-0 4.63893e-03 0  009898
2 10098  11.5000 342.7900 0092000  79.6600  77.0500  1.06848774 00098 98
1 10099U 00099A   05005.85289352  0.00000000  00000-0 4.91099e-03 0  009999
2 10099  11.0700 335.1800 0061000  85.0200  84.2200  1.03490039 00099 99
1 10100U 00100A   05005.85361111  0.00000000  00000-0 5.00013e-03 0  0100100
2 10100  11.1600 337.3100 0102000 192.3100  82.8800  1.01416678 00100 100
1 10101U 00101A   05005.86221065  0.00000000  00000-0 6.21674e-03 0  0101101
2 10101  11.4700 339.6600 0154000 175.4300  80.2900  1.10539917 00101 101
1 10102U 00102A   05005.86293981  0.00000000  00000-0 6.06563e-03 0  0102102
2 10102  11.0200 335.8100 0045000 191.2700  84.3500  1.02130814 00102 102
1 10103U 00103A   05005.86365741  0.00000000  00000-0 6.15364e-03 0  0103103
2 10103  11.3800 340.1900 0209000 224.4900  80.8200  0.99378240 00103 103
1 10104U 00104A   05005.86077546  0.00000000  00000-0 6.39884e-03 0  0104104
2 10104  14.3100   8.6400 0172000 303.9200  52.0600  0.97734737 00104 104
1 10105U 00105A   05005.86150463  0.00000000  00000-0 6.98107e-03 0  0105105
2 10105  14.8700  14.4100 0162000 174.2200  47.1400  0.96504995 00105 105
1 10106U 00106A   05005.85576389  0.00000000  00000-0 7.47388e-03 0  0106106
2 10106  11.6700 335.5600 0306000  63.9100  83.9000  1.07504245 00106 106
1 10107U 00107A   05005.85646991  0.00000000  00000-0 7.67599e-03 0  0107107
2 10107  11.3600 341.3400 0112000  81.8300  78.5400  1.07481213 00107 107
1 10108U 00108A   05005.85719907  0.00000000  00000-0 7.48189e-03 0  0108108
2 10108  11.0100 336.4200 0144000 227.4300  83.8300  1.00360965 00108 108
1 10109U 00109A   05005.85935185  0.00000000  00000-0 1.76447e-02 0  0109109
2 10109  83.1700  31.0900 0198000 316.6800  25.6100 13.46148437 00109 109
1 10110U 00110A   05005.86005787  0.00000000  00000-0 1.81066e-02 0  0110110
2 10110  66.2200  23.6300 0151000  99.7600  28.3500 13.99345339 00110 110
1 10111U 00111A   05005.8584375  0.00000000  00000-0 8.38412e-04 0  0111111
2 10111  14.4500   4.9200 0003000  60.4300  56.5500  1.00118351 00111 111
1 10112U 00112A   05005.85862269  0.00000000  00000-0 7.04484e-03 0  0112112
2 10112  14.6100   3.1900 1229000  41.7100  56.6000  1.13428145 00112 112
1 10113U 00113A   05005.85935185  0.00000000  00000-0 5.67697e-01 0  0113113
2 10113  14.0100   1.3800 0294000 329.0100  59.0800  1.01552061 00113 113
1 10114U 00114A   05005.86005787  0.00000000  00000-0 6.28063e-03 0  0114114
2 10114  16.7300  19.5900 0609000 204.0700  42.8800  0.90576580 00114 114
1 10115U 00115A   05005.86746528  0.00000000  00000-0 3.44315e-03 0  0115115
2 10115  14.9700  12.9100 0132000 197.0000  48.4800  0.96671226 00115 115
1 10116U 00116A   05005.86795139  0.00000000  00000-0 4.27507e-03 0  0116116
2 10116  11.3700 340.6000 0259000 220.7700  79.8800  0.98607990 00116 116
