Campaign           Name                              Osc_epoch     Date      Time        arcl [min]    # obs mag_c   mag_u  a(km)        e          i(dg)     raan(dg)   w(dg)      s(dg)      dn(dg/d) da(km)       de         di(dg)    draan(dg)  dw(dg)     ds(dg)     R.A.(h)      Decl.(dg)    lon(dg)   lat(dg)  
followjan11        geo-0002:sv1-20110102-U-10-1       55563.880573 11-JAN-02 21:08:01.50      2.583360     6  11.60  12.50  42633.51562  0.0000000   15.0530     9.8119     0.0000    17.1513    -6.00      0.01106  0.0000000    0.0214     0.0261     0.0000     0.0253   1.36007497    0.2417788   -32.751     4.392
svyjan11           geo-0032:sv1-20110102-S-27-1B      55564.153735 11-JAN-03 03:41:22.70      2.066400     3  12.70  13.00  42668.52307  0.0000000   12.8760    37.2899     0.0000   107.2878    -6.45      0.00300  0.0000000    0.0018     0.0261     0.0000     0.0254   9.42246942    9.3236839   -12.770    12.285
svyjan11           geo-0001:sv1-20110104-S-16-1A      55565.917450 11-JAN-04 22:01:07.68      1.033920     2  18.90  19.10  45253.63215  0.0000000   11.7405   304.5524     0.0000   121.5843   -39.54      0.00000  0.0000000    0.0000     0.0000     0.0000     0.0000   4.31502615    7.0415121    -7.762     9.982
svyjan11           geo-0038:sv1-20110104-S-16-1B      55565.936467 11-JAN-04 22:28:30.74      2.066400     3  18.70  18.90  43824.03641  0.0000000   10.6023   342.3157     0.0000    85.4063   -21.24      0.00628  0.0000000    0.0010     0.0670     0.0000     0.0659   4.32227494    7.3902746   -13.664    10.568
svyjan11           geo-0039:sv1-20110104-S-16-1B      55565.937184 11-JAN-04 22:29:32.69      2.066400     3  13.30  13.50  43931.77952  0.0000000   15.1152    23.6454     0.0000    44.9122   -22.62      0.00093  0.0000000    0.0013     0.0050     0.0000     0.0048   4.31474158    7.4224048   -14.017    10.609
svyjan11           geo-0018:sv1-20110106-S-2-1A       55567.820808 11-JAN-06 19:41:57.81      2.066400     3  18.80  19.00  46479.05044  0.0000000   16.4992   283.9695     0.0000   142.3720   -55.23      0.00000  0.0000000    0.0000     0.0000     0.0000     0.0000   4.50547096    6.5349925    25.973     9.985
svyjan11           geo-0028:sv1-20110106-S-45-1B      55568.162589 11-JAN-07 03:54:07.68      2.066400     3  15.30  15.50  43868.28739  0.0000000   13.2248    27.9291     0.0000   116.1023   -21.81      0.00388  0.0000000    0.0034     0.0299     0.0000     0.0291   9.36249992    9.0755887   -20.260    11.855
svyjan11           geo-0005:sv1-20110108-S-10-1A      55569.930772 11-JAN-08 22:20:18.70      1.033920     2  18.30  18.60  41679.64113  0.0000000   13.2584    17.0746     0.0000    50.4115     6.21      0.00000  0.0000000    0.0000     0.0000     0.0000     0.0000   4.27017853    7.0127286   -16.470    10.180
svyjan11           geo-0004:sv1-20110108-S-7-1A       55569.894812 11-JAN-08 21:28:31.75      1.033920     2  18.30  18.60  49598.57169  0.0000000   10.4546   317.8213     0.0000   108.9631   -95.16      0.00000  0.0000000    0.0000     0.0000     0.0000     0.0000   4.35166836    7.1349623    -3.131     9.881
svyfeb11           geo-0005:sv1-20110204-S-2-1A       55596.856153 11-FEB-04 20:32:51.61      3.100320     4  13.10  13.80  49242.78844  0.0000000   16.3028   280.7160     0.0000   147.6759   -90.60      0.00000  0.0000000    0.0000     0.0000     0.0000     0.0000   4.39287484    5.4855865   -13.425     8.633
svyfeb11           geo-0007:sv1-20110204-S-2-1A       55596.857588 11-FEB-04 20:34:55.60      1.033920     2  18.10  18.70  40945.80395  0.0000000    9.7012   320.1022     0.0000   109.1859    15.60      0.00000  0.0000000    0.0000     0.0000     0.0000     0.0000   4.40009658    5.4540366   -13.842     9.158
svyfeb11           geo-0008:sv1-20110206-S-58-1A      55599.258041 11-FEB-07 06:11:34.74      2.066400     3  11.70  11.80  40768.94776  0.0000000   10.3251    51.9423     0.0000   112.2338    17.86      0.00306  0.0000000    0.0025     0.0336     0.0000     0.0330  10.31359955    5.4947323   -65.411     9.550
svyfeb11           geo-0020:sv1-20110206-S-5-1A       55598.876247 11-FEB-06 21:01:47.74      1.033920     2  10.50  11.30  34523.32498  0.0000000   10.8862     6.7578     0.0000    63.6884    97.81      0.00000  0.0000000    0.0000     0.0000     0.0000     0.0000   4.35522653    5.4207711   -22.064     9.747
svyfeb11           geo-0023:sv1-20110208-S-9-1B       55600.908145 11-FEB-08 21:47:43.72      2.066400     3  17.30  18.10  41548.36375  0.0000000   10.3786   324.5106     0.0000   105.1151     7.89      0.00170  0.0000000    0.0009     0.0190     0.0000     0.0187   4.27401351    6.4459677   -35.715    10.016
svyapr11           geo-0030:sv1-20110403-S-35-1A      55655.084451 11-APR-04 02:01:36.56      2.066400     3  13.00  13.10  41936.65169  0.0000000   10.9442    48.4024     0.0000   130.9544     2.92      0.00260  0.0000000    0.0035     0.0214     0.0000     0.0210  11.44049982    4.4142655   -42.572     8.244
svyapr11           geo-0002:sv1-20110403-S-42-1A      55655.135020 11-APR-04 03:14:25.72      1.033920     2  16.80  16.90  41913.16302  0.0000000    9.4195   330.6748     0.0000   243.9967     3.22      0.00000  0.0000000    0.0000     0.0000     0.0000     0.0000  14.11244407  -14.1937531   -26.341    -8.459
svyapr11           geo-0008:sv1-20110403-S-42-1B      55655.136096 11-APR-04 03:15:58.69      2.066400     3  19.40  19.50  41759.09572  0.0000000    8.2152   320.9663     0.0000   253.4170     5.19      0.00778  0.0000000    0.0046     0.1073     0.0000     0.1062  14.10296358  -13.4112312   -26.872    -7.871
svyapr11           geo-0009:sv1-20110403-S-42-1B      55655.136096 11-APR-04 03:15:58.69      2.066400     3  17.20  17.20  42686.29793  0.0000000   11.5858   348.2220     0.0000   226.6820    -6.68      0.02035  0.0000000    0.0279     0.1486     0.0000     0.1455  14.11045574  -14.0827333   -26.778    -8.402
svymay11           geo-0027:sv1-20110504-S-33-1A      55686.100043 11-MAY-05 02:24:03.71      2.066400     3  19.60  19.70  39318.93345  0.0000000    9.6531    66.5408     0.0000   145.8057    36.42      0.03867  0.0000000    0.0714     0.2877     0.0000     0.2832  13.52324385    1.0934683   -45.908     5.407
specjun11          geo-0004:sv1-20110601-U-14-1       55713.962612 11-JUN-01 23:06:09.67      4.132800     8  12.70  13.90  69929.22136  0.0000000   63.1054   152.0551     0.0000    91.9124  -355.39      0.01337  0.0000000    0.0008     0.0173     0.0000     0.0078  16.46263472   65.4214469     9.656    63.043
svyjun11           geo-0010:sv1-20110601-S-1-1B       55713.884661 11-JUN-01 21:13:54.71      2.066400     3  14.50  14.60  42021.90479  0.0000000   12.7425   332.5419     0.0000   259.7615     1.83      0.02289  0.0000000    0.0086     0.2064     0.0000     0.2013  15.50460085  -18.1156803    23.569   -12.536
svyjun11           geo-0009:sv1-20110601-S-37-1B      55714.174519 11-JUN-02 04:11:18.44      3.100320     4  17.10  17.40  48609.32088  0.0000000   18.5477   349.7945     0.0000   307.9536   -82.49      0.00530  0.0000000    0.0057     0.0225     0.0000     0.0213  19.58268394  -20.0820373   -13.877   -14.526
svyjun11           geo-0014:sv1-20110602-S-26-1A      55715.048837 11-JUN-03 01:10:19.51      1.033920     2  17.80  17.80  42477.03113  0.0000000   13.6179   335.9920     0.0000   256.2400    -4.00      0.00000  0.0000000    0.0000     0.0000     0.0000     0.0000  15.15027151  -19.2357132   -36.883   -13.220
svyjun11           geo-0027:sv1-20110602-S-34-1A      55715.161235 11-JUN-03 03:52:10.70      1.033920     2  20.20  20.50  43396.27214  0.0000000   15.0660    12.1098     0.0000   287.0823   -15.77      0.00000  0.0000000    0.0000     0.0000     0.0000     0.0000  20.03245032  -20.4246986    -9.544   -14.387
specjun11          geo-0001:sv1-20110603-U-12-1       55715.944535 11-JUN-03 22:40:07.82      5.133600    15  13.80  15.00  70972.13589  0.0000000   63.1449   151.6410     0.0000    90.2316  -368.74      0.00917  0.0000000    0.0004     0.0117     0.0000     0.0053  16.29581502   65.4514923    10.087    63.144
specjun11          geo-0002:sv1-20110603-U-17-1       55715.988249 11-JUN-03 23:43:04.71      2.933280     9  12.70  13.80  64544.20807  0.0000000   62.6693   153.5796     0.0000    96.7866  -286.46      0.42413  0.0000000    0.0679     0.5954     0.0000     0.2733  17.35202302   64.4055502    10.264    61.902
specjun11          geo-0009:sv1-20110603-U-17-1       55715.991050 11-JUN-03 23:47:06.72      1.100160     4  12.60  13.80  64711.34799  0.0000000   62.8030   152.4581     0.0000    97.8346  -288.60      0.00848  0.0000000    0.0015     0.0118     0.0000     0.0054  17.39366785   64.3213988    10.355    61.780
svyjun11           geo-0011:sv1-20110603-S-26-1A      55716.043271 11-JUN-04 01:02:18.61      2.066400     3  13.30  13.40  48012.62648  0.0000000   15.4915   346.5462     0.0000   245.7735   -74.86      0.01832  0.0000000    0.0132     0.1092     0.0000     0.1052  15.15370232  -19.3527326   -36.192   -14.098
specjun11          geo-0001:sv1-20110604-U-10-1       55716.923421 11-JUN-04 22:09:43.57      4.766400    13  13.40  14.60  72199.06036  0.0000000   63.1841   151.3289     0.0000    87.5221  -384.44      0.00591  0.0000000    0.0003     0.0074     0.0000     0.0033  16.04298608   65.3727944    10.419    63.078
specjun11          geo-0001:sv1-20110604-U-16-1       55716.987566 11-JUN-04 23:42:05.70      4.766400    14  12.60  13.80  64405.18456  0.0000000   62.7798   152.3728     0.0000    97.8448  -284.68      0.01987  0.0000000    0.0037     0.0278     0.0000     0.0127  17.39337217   64.3053506    10.550    61.755
svyjun11           geo-0004:sv1-20110604-S-26-1A      55717.049792 11-JUN-05 01:11:42.02      3.100320     4  12.90  13.00  47960.56331  0.0000000   15.4051   345.8619     0.0000   246.1052   -74.19      0.00189  0.0000000    0.0013     0.0114     0.0000     0.0110  15.12265603  -19.2915095   -39.867   -14.056
svyjun11           geo-0005:sv1-20110604-S-26-1A      55717.049792 11-JUN-05 01:11:42.02      2.066400     3  17.00  17.10  44035.97298  0.0000000   15.1408   294.9521     0.0000   295.7217   -23.95      0.00652  0.0000000    0.0055     0.0431     0.0000     0.0416  15.12334006  -19.3203306   -39.574   -13.610
svyjun11           geo-0031:sv1-20110604-S-26-1A      55717.064861 11-JUN-05 01:33:23.99      2.066400     3  16.80  16.90  41139.02813  0.0000000   13.4966   333.5645     0.0000   259.1757    13.13      0.00356  0.0000000    0.0015     0.0311     0.0000     0.0302  15.12517154  -19.2916712   -44.048   -13.252
svyjun11           geo-0004:sv1-20110604-S-26-1B      55717.053021 11-JUN-05 01:16:21.01      2.066400     3  18.20  18.20  43882.86599  0.0000000   13.8482   342.0152     0.0000   250.3056   -22.00      0.00305  0.0000000    0.0020     0.0232     0.0000     0.0225  15.13179574  -18.5344892   -40.436   -13.023
svyjun11           geo-0012:sv1-20110604-S-26-1B      55717.062350 11-JUN-05 01:29:47.04      2.066400     3  19.20  19.30  42823.09390  0.0000000   12.7279   332.1037     0.0000   260.2866    -8.43      0.00668  0.0000000    0.0024     0.0593     0.0000     0.0578  15.12497375  -18.2734195   -43.431   -12.542
svyjun11           geo-0008:sv1-20110605-S-18-1A      55717.995216 11-JUN-05 23:53:06.66      2.066400     3  16.80  16.90  44345.68939  0.0000000   15.2521   294.5741     0.0000   296.2002   -27.92      0.00797  0.0000000    0.0068     0.0517     0.0000     0.0499  15.23555083  -19.4627945   -20.736   -13.653
svyjun11           geo-0001:sv1-20110605-S-1-1B       55717.884129 11-JUN-05 21:13:08.74      1.033920     2  16.70  16.80  41884.65621  0.0000000   13.5815   338.7985     0.0000   253.5292     3.58      0.00000  0.0000000    0.0000     0.0000     0.0000     0.0000  15.48284265  -18.5135883    19.649   -13.014
svyjun11           geo-0007:sv1-20110605-S-36-1A      55718.212844 11-JUN-06 05:06:29.72      1.033920     2  17.40  17.60  42163.24376  0.0000000   16.5811   358.6689     0.0000   300.2114     0.02      0.00000  0.0000000    0.0000     0.0000     0.0000     0.0000  19.50481201  -20.4249148   -30.944   -14.277
specjun11          geo-0001:sv1-20110605-U-4-1        55717.915298 11-JUN-05 21:58:01.74      3.666240    11  13.00  14.20  72395.21387  0.0000000   63.1864   151.1556     0.0000    86.8396  -386.95      0.00516  0.0000000    0.0003     0.0065     0.0000     0.0029  15.57523553   65.3216849    10.694    63.014
specjun11          geo-0073:sv1-20110606-U-18-1       55718.958098 11-JUN-06 22:59:39.66      0.732960     3   9.20  11.70  21473.30994  0.0000000   61.2708    87.7273     0.0000    87.5841   264.85      0.00836  0.0000000    0.0029     0.0404     0.0000     0.0201   9.20221202   62.5939803   -67.209    61.178
specjun11          geo-0025:sv1-20110606-U-19-1       55718.963214 11-JUN-06 23:07:01.68      0.367200     2   8.60  10.80  21163.54668  0.0000000   61.1762    87.4119     0.0000    93.0650   268.81      0.00000  0.0000000    0.0000     0.0000     0.0000     0.0000  10.08312346   65.2603809   -58.017    61.028
specjun11          geo-0001:sv1-20110606-U-21-1       55718.971524 11-JUN-06 23:18:59.67      4.766400    13  12.90  14.00  65996.24404  0.0000000   62.8815   151.9120     0.0000    96.3692  -305.05      0.02093  0.0000000    0.0031     0.0286     0.0000     0.0130  17.25417036   64.5423350    10.905    62.199
specjun11          geo-0001:sv1-20110606-U-22-1       55718.976131 11-JUN-06 23:25:37.71      5.133600    14  12.70  13.90  65142.78537  0.0000000   62.8275   152.0109     0.0000    97.1523  -294.12      0.01987  0.0000000    0.0034     0.0275     0.0000     0.0126  17.32414749   64.4148058    10.946    61.971
specjun11          geo-0019:sv1-20110606-U-26-1       55718.999742 11-JUN-06 23:59:37.70      0.367200     2  11.60  12.60  22265.97636  0.0000000   61.7083    86.3411     0.0000   129.9473   254.70      0.00000  0.0000000    0.0000     0.0000     0.0000     0.0000  17.38073606   64.3055079   -18.117    42.459
specjun11          geo-0020:sv1-20110606-U-27-1       55719.004348 11-JUN-07 00:06:15.66      0.732960     3  12.70  13.40  22792.71205  0.0000000   61.6711    86.5074     0.0000   134.0338   247.96      0.02071  0.0000000    0.0653     0.0759     0.0000     0.0360  16.02100006   43.2959758   -16.250    39.259
specjun11          geo-0009:sv1-20110606-U-8-1        55718.911271 11-JUN-06 21:52:13.81      4.033440    11  13.10  14.30  72405.46575  0.0000000   63.1833   151.0058     0.0000    86.7994  -387.08      0.01033  0.0000000    0.0007     0.0130     0.0000     0.0058  15.57041560   65.3114049    10.924    63.007
specjun11          geo-0002:sv1-20110606-U-9-1        55718.915834 11-JUN-06 21:58:48.05      4.400640    13  13.20  14.40  72209.33213  0.0000000   63.1800   151.0713     0.0000    87.4955  -384.57      0.00610  0.0000000    0.0003     0.0077     0.0000     0.0034  16.03321038   65.3555584    10.871    63.072
svyoct11           geo-0016:sv1-20111023-S-1-1B       55857.830923 11-OCT-23 19:56:31.74      1.033920     2  10.40  10.60  49264.09826  0.0000000   10.4433    57.5304     0.0000   298.5733   -90.87      0.00000  0.0000000    0.0000     0.0000     0.0000     0.0000   0.05257249  -13.3933766    25.492    -9.160
svyoct11           geo-0020:sv1-20111023-S-1-1B       55857.832358 11-OCT-23 19:58:35.73      1.033920     2  11.30  11.50  49630.46007  0.0000000   10.4155    58.2361     0.0000   298.3204   -95.56      0.00000  0.0000000    0.0000     0.0000     0.0000     0.0000   0.07025293  -13.3723531    25.422    -9.157
svyoct11           geo-0002:sv1-20111023-S-42-1B      55858.224659 11-OCT-24 05:23:30.53      1.033920     2  17.80  17.90  42098.92872  0.0000000   14.5736   345.0925     0.0000    68.5259     0.84      0.00000  0.0000000    0.0000     0.0000     0.0000     0.0000   3.07549883   10.2827134   -60.177    13.542
svyoct11           geo-0004:sv1-20111023-S-9-1B       55857.878562 11-OCT-23 21:05:07.75      2.066400     3  13.70  14.00  42421.96718  0.0000000   12.8432    38.5840     0.0000   316.2777    -3.30      0.00562  0.0000000    0.0083     0.0352     0.0000     0.0343  23.56355478  -14.2859809     7.373    -8.838
svyoct11           geo-0002:sv1-20111024-S-10-1A      55859.009837 11-OCT-25 00:14:09.91      1.033920     2  15.90  16.20  47106.19094  0.0000000   10.8984    54.2394     0.0000   300.5298   -63.25      0.00000  0.0000000    0.0000     0.0000     0.0000     0.0000  23.27543700  -14.2641082   -41.360    -9.373
svyoct11           geo-0001:sv1-20111024-S-10-1B      55859.010196 11-OCT-25 00:14:40.93      2.066400     3  11.60  11.90  41950.79577  0.0000000   12.4976    38.4427     0.0000   316.1938     2.74      0.00179  0.0000000    0.0026     0.0116     0.0000     0.0114  23.26290529  -14.1737703   -41.394    -8.615
svyoct11           geo-0015:sv1-20111024-S-27-1A      55859.131815 11-OCT-25 03:09:48.81      1.033920     2  18.70  18.80  42614.94680  0.0000000   14.0278   343.4474     0.0000    70.1863    -5.77      0.00000  0.0000000    0.0000     0.0000     0.0000     0.0000   3.25330266   10.3406102   -27.545    13.182
svyoct11           geo-0042:sv1-20111024-S-27-1A      55859.141861 11-OCT-25 03:24:16.79      1.033920     2  17.80  17.90  42160.96450  0.0000000   14.7526   353.9604     0.0000    60.5827     0.05      0.00000  0.0000000    0.0000     0.0000     0.0000     0.0000   3.26128462   10.0517336   -30.532    12.816
svyoct11           geo-0044:sv1-20111024-S-27-1A      55859.141861 11-OCT-25 03:24:16.79      2.066400     3  18.50  18.60  42964.37582  0.0000000   16.5530     3.0886     0.0000    51.5036   -10.24      0.00298  0.0000000    0.0037     0.0166     0.0000     0.0159   3.24586789   10.1327689   -30.841    12.884
svyoct11           geo-0002:sv1-20111024-S-27-1B      55859.128586 11-OCT-25 03:05:09.83      1.033920     2  17.20  17.20  42689.33547  0.0000000   15.5331   354.1704     0.0000    59.8609    -6.72      0.00000  0.0000000    0.0000     0.0000     0.0000     0.0000   3.26225816   10.4925415   -26.357    13.391
svyoct11           geo-0006:sv1-20111024-S-27-1B      55859.129303 11-OCT-25 03:06:11.77      2.066400     3  16.80  16.90  40631.91058  0.0000000   14.5810   344.7836     0.0000    68.7677    19.62      0.00174  0.0000000    0.0013     0.0139     0.0000     0.0134   3.24588362   10.5248748   -26.802    13.572
svyoct11           geo-0007:sv1-20111025-S-19-1A      55859.995506 11-OCT-25 23:53:31.71      2.066400     3  16.60  16.70  42069.31640  0.0000000   13.7976   338.5230     0.0000    74.9295     1.22      0.00950  0.0000000    0.0050     0.0794     0.0000     0.0771   3.53278985   10.2053203    20.626    13.314
svyoct11           geo-0004:sv1-20111025-S-30-1A      55860.079916 11-OCT-26 01:55:04.74      2.066400     3  15.10  15.20  42381.19819  0.0000000   13.9588   342.4282     0.0000    71.0865    -2.77      0.00832  0.0000000    0.0055     0.0670     0.0000     0.0650   3.36121505   10.3507626    -9.888    13.191
svyoct11           geo-0012:sv1-20111025-S-39-1A      55860.158156 11-OCT-26 03:47:44.67      2.066400     3  17.00  17.10  46372.10379  0.0000000   14.0452   348.0976     0.0000    65.4975   -53.86      0.00538  0.0000000    0.0041     0.0372     0.0000     0.0361   3.19561682   10.1426289   -38.182    12.758
svyoct11           geo-0009:sv1-20111025-S-6-1A       55859.895017 11-OCT-25 21:28:49.46      2.066400     3  16.40  16.70  43876.51012  0.0000000   11.7834    45.3380     0.0000   310.0891   -21.91      0.04565  0.0000000    0.0576     0.3310     0.0000     0.3240  23.53473741  -14.3252643    -0.095    -8.988
svyoct11           geo-0024:sv1-20111025-S-6-1B       55859.898247 11-OCT-25 21:33:28.54      2.066400     3  12.50  12.80  42495.23355  0.0000000   13.0432    36.9126     0.0000   318.4699    -4.23      0.00201  0.0000000    0.0031     0.0119     0.0000     0.0116  23.53537949  -14.2005811    -1.166    -8.606
svyoct11           geo-0023:sv1-20111026-S-11-1B      55860.889985 11-OCT-26 21:21:34.70      2.066400     3  15.80  16.10  42530.55218  0.0000000   10.2359    52.5262     0.0000   303.1609    -4.69      0.01739  0.0000000    0.0194     0.1643     0.0000     0.1617  23.54584173  -14.1458775     0.816    -8.555
svyoct11           geo-0024:sv2-20111026-S-17-1A      55861.068978 11-OCT-27 01:39:19.69      2.066400     3  15.00  15.10  42374.11863  0.0000000   13.9472   342.2579     0.0000    71.5820    -2.68      0.00793  0.0000000    0.0051     0.0641     0.0000     0.0622   3.39362808   10.3608723    -6.588    13.220
svyoct11           geo-0002:sv2-20111026-S-1-1A       55860.929094 11-OCT-26 22:17:53.72      2.066400     3  18.70  18.80  42553.25009  0.0000000   15.0600   355.6499     0.0000    58.4786    -4.98      0.00671  0.0000000    0.0071     0.0451     0.0000     0.0435   4.01439233    9.2047711    43.818    12.797
svyoct11           geo-0015:sv2-20111026-S-1-1A       55860.939140 11-OCT-26 22:32:21.69      1.033920     2  18.20  18.30  41289.10264  0.0000000   14.3328   350.7188     0.0000    63.4948    11.21      0.00000  0.0000000    0.0000     0.0000     0.0000     0.0000   4.02522653    9.1823251    40.445    12.799
svyoct11           geo-0007:sv2-20111026-S-1-1B       55860.929453 11-OCT-26 22:18:24.73      1.033920     2  15.50  15.60  41856.07042  0.0000000   14.5095   345.3514     0.0000    68.6693     3.95      0.00000  0.0000000    0.0000     0.0000     0.0000     0.0000   4.02573420   10.0205155    43.843    13.496
svyoct11           geo-0006:sv2-20111026-S-28-1A      55861.158237 11-OCT-27 03:47:51.67      2.066400     3  15.50  15.60  43188.99773  0.0000000   15.3973   355.7804     0.0000    58.0999   -13.11      0.00086  0.0000000    0.0009     0.0055     0.0000     0.0053   3.18225459   10.1924669   -39.196    13.027
svyoct11           geo-0044:sv2-20111026-S-28-1B      55861.175101 11-OCT-27 04:12:08.72      1.033920     2  18.10  18.10  43070.88430  0.0000000   14.6030   348.0116     0.0000    66.4512   -11.60      0.00000  0.0000000    0.0000     0.0000     0.0000     0.0000   3.18504399   10.3748163   -44.450    13.363
svynov11           geo-0037:sv2-20111124-S-8-1A       55890.242971 11-NOV-25 05:49:52.69      1.033920     2  10.90  11.50  42132.44603  0.0000000   19.0222   348.1692     0.0000   135.3444     0.41      0.00000  0.0000000    0.0000     0.0000     0.0000     0.0000   8.14297581   10.3600078   -26.179    13.243
svynov11           geo-0025:sv1-20111125-S-26-1A      55891.239427 11-NOV-26 05:44:46.49      2.066400     3  10.70  11.20  42163.44641  0.0000000   19.0193   348.1584     0.0000   134.9661     0.01      0.00191  0.0000000    0.0028     0.0085     0.0000     0.0081   8.12530085   10.4215339   -26.275    13.331
svynov11           geo-0021:sv1-20111125-S-26-1B      55891.232610 11-NOV-26 05:34:57.50      2.066400     3  14.10  14.60  42553.83448  0.0000000   14.0554    24.9567     0.0000    99.1620    -4.98      0.00343  0.0000000    0.0012     0.0284     0.0000     0.0276   8.12543804   11.2227667   -24.149    13.872
svynov11           geo-0035:sv1-20111127-S-11-1A      55892.886151 11-NOV-27 21:16:03.44      2.066400     3  18.80  19.10  40909.48525  0.0000000    9.9213    55.1339     0.0000   326.8977    16.06      0.00899  0.0000000    0.0160     0.0600     0.0000     0.0590   1.38192319  -10.5910839    -3.025    -5.399
svynov11           geo-0028:sv1-20111127-S-11-1B      55892.883639 11-NOV-27 21:12:26.40      1.033920     2  15.40  15.80  40691.93664  0.0000000   11.0603    47.5232     0.0000   334.4709    18.85      0.00000  0.0000000    0.0000     0.0000     0.0000     0.0000   1.38508288  -10.1605449    -2.134    -4.743
svynov11           geo-0005:sv1-20111127-S-17-1B      55892.934773 11-NOV-27 22:26:04.38      2.066400     3  11.80  12.20  43091.04034  0.0000000   10.8445    48.6819     0.0000   332.6307   -11.86      0.00276  0.0000000    0.0049     0.0134     0.0000     0.0131   1.24096862  -10.1307596   -21.270    -4.962
svynov11           geo-0019:sv1-20111127-S-1-1B       55892.811977 11-NOV-27 19:29:14.81      1.033920     2  14.90  15.20  42186.46450  0.0000000   13.2349   181.0682     0.0000   201.9929    -0.28      0.00000  0.0000000    0.0000     0.0000     0.0000     0.0000   1.52140286   -9.5348606    23.856    -4.918
svynov11           geo-0007:sv1-20111127-S-38-1B      55893.115157 11-NOV-28 02:45:49.56      2.066400     3  15.10  15.70  44095.31234  0.0000000   13.6720    24.7976     0.0000    99.5675   -24.71      0.03101  0.0000000    0.0105     0.2523     0.0000     0.2452   8.37001064   10.4451985    16.520    13.478
svynov11           geo-0004:sv1-20111127-S-49-1A      55893.233260 11-NOV-28 05:35:53.66      1.033920     2  11.10  11.60  42169.95688  0.0000000   18.9845   348.2428     0.0000   134.4392    -0.07      0.00000  0.0000000    0.0000     0.0000     0.0000     0.0000   8.10581877   10.4912757   -26.468    13.431
svynov11           geo-0031:sv1-20111127-S-49-1B      55893.243666 11-NOV-28 05:50:52.74      2.066400     3  16.20  16.70  42743.09345  0.0000000   13.5095    39.2835     0.0000    85.4333    -7.41      0.01058  0.0000000    0.0017     0.0915     0.0000     0.0890   8.10110275   10.5241671   -29.921    13.466
svydec11           geo-0029:sv1-20111221-S-1-1B       55916.822207 11-DEC-21 19:43:58.68      1.033920     2  16.80  16.90  42050.37913  0.0000000   13.7824   337.9285     0.0000    82.1917     1.46      0.00000  0.0000000    0.0000     0.0000     0.0000     0.0000   4.26084373   10.2703978    33.869    13.652
svydec11           geo-0001:sv1-20111221-S-7-1B       55916.850633 11-DEC-21 20:24:54.69      2.066400     3  17.50  17.60  42768.15717  0.0000000   15.6464   355.6119     0.0000    64.5130    -7.73      0.00194  0.0000000    0.0017     0.0132     0.0000     0.0127   4.19107520   11.1349966    22.990    14.090
svydec11           geo-0028:sv2-20111221-S-17-1A      55917.045713 11-DEC-22 01:05:49.60      1.033920     2  17.90  18.10  43450.58786  0.0000000   13.6944   315.5465     0.0000   103.7255   -16.46      0.00000  0.0000000    0.0000     0.0000     0.0000     0.0000   3.41163062   10.3228201   -47.048    13.296
svydec11           geo-0017:sv2-20111221-S-17-1B      55917.041049 11-DEC-22 00:59:06.63      2.066400     3  18.00  18.20  42242.53066  0.0000000   14.1881   343.3315     0.0000    76.6219    -1.00      0.00718  0.0000000    0.0034     0.0585     0.0000     0.0567   3.41024219   11.0245015   -45.474    13.795
svydec11           geo-0019:sv2-20111221-S-17-1B      55917.042484 11-DEC-22 01:01:10.61      2.066400     3  15.20  15.30  43254.88754  0.0000000   15.4074   355.2071     0.0000    65.2455   -13.96      0.00464  0.0000000    0.0038     0.0317     0.0000     0.0306   3.41394211   11.1808659   -45.894    13.961
svydec11           geo-0025:sv2-20111221-S-21-1A      55917.090695 11-DEC-22 02:10:36.04      1.033920     2  18.20  18.40  37053.97111  0.0000000   14.4609   316.4199     0.0000   103.8337    65.41      0.00000  0.0000000    0.0000     0.0000     0.0000     0.0000   3.34100664   10.2936762   -62.255    14.033
svydec11           geo-0029:sv2-20111221-S-21-1A      55917.092130 11-DEC-22 02:12:40.03      2.066400     3  17.50  17.70  41405.50716  0.0000000   14.0869   350.9808     0.0000    69.5063     9.72      0.00433  0.0000000    0.0031     0.0348     0.0000     0.0338   3.33576052    9.5619957   -63.554    13.179
svydec11           geo-0011:sv2-20111221-S-3-1A       55916.901361 11-DEC-21 21:37:57.59      4.132800     5  10.90  11.00  59854.63959  0.0000000   22.7391   272.6909     0.0000   145.6154  -226.43      0.00474  0.0000000    0.0054     0.0095     0.0000     0.0088   4.11004631   10.4202617     5.837    12.609
svydec11           geo-0017:sv2-20111221-S-9-1A       55916.984997 11-DEC-21 23:38:23.74      2.066400     3  18.20  18.40  41880.86966  0.0000000   13.1750   336.1493     0.0000    83.8856     3.63      0.00203  0.0000000    0.0004     0.0184     0.0000     0.0179   3.54151255   10.2553320   -24.917    13.099
svydec11           geo-0025:sv2-20111221-S-9-1B       55916.986073 11-DEC-21 23:39:56.70      1.033920     2  15.20  15.40  42246.07496  0.0000000   14.2539   343.5072     0.0000    76.8827    -1.04      0.00000  0.0000000    0.0000     0.0000     0.0000     0.0000   3.54350870   11.2142440   -25.188    13.874
svydec11           geo-0007:sv1-20111222-S-23-1B      55917.947817 11-DEC-22 22:44:51.38      2.066400     3  19.70  19.90  42567.45706  0.0000000   22.7572    24.1350     0.0000    37.3627    -5.16      0.02869  0.0000000    0.0466     0.0930     0.0000     0.0858   3.59247267   11.0324629   -13.068    13.577
svydec11           geo-0007:sv1-20111222-S-7-1A       55917.836272 11-DEC-22 20:04:13.90      2.066400     3  17.00  17.10  44033.58601  0.0000000   13.4933   339.8879     0.0000    79.9750   -23.92      0.00737  0.0000000    0.0025     0.0609     0.0000     0.0592   4.21239349   10.2013126    27.498    13.283
svydec11           geo-0009:sv1-20111222-S-7-1B       55917.842372 11-DEC-22 20:13:00.94      2.066400     3  17.60  17.70  44551.14576  0.0000000   14.1323   340.5874     0.0000    79.7373   -30.55      0.01147  0.0000000    0.0039     0.0895     0.0000     0.0868   4.22127711   11.0545765    25.724    13.902
svydec11           geo-0006:sv1-20111223-S-14-1B      55918.866130 11-DEC-23 20:47:13.63      1.033920     2  17.00  17.10  35511.51474  0.0000000   19.8944    12.0126     0.0000    47.9795    85.16      0.00000  0.0000000    0.0000     0.0000     0.0000     0.0000   4.15230329   11.2300704    14.385    14.643
svydec11           geo-0013:sv1-20111223-S-14-1B      55918.873306 11-DEC-23 20:57:33.63      2.066400     3  18.00  18.10  45247.76177  0.0000000   14.9337   350.7430     0.0000    69.7776   -39.47      0.01122  0.0000000    0.0073     0.0779     0.0000     0.0752   4.16020017   11.2802725    13.433    13.994
svydec11           geo-0009:sv1-20111223-S-22-1A      55918.933106 11-DEC-23 22:23:40.35      1.033920     2  18.60  18.80  48373.16616  0.0000000   13.5131   347.9891     0.0000    72.0835   -79.47      0.00000  0.0000000    0.0000     0.0000     0.0000     0.0000   4.02501610   10.3317190    -8.431    12.846
svydec11           geo-0038:sv1-20111223-S-46-1A      55919.125680 11-DEC-24 03:00:58.75      3.100320     3  15.90  16.10  67517.11174  0.0000000   14.1209   296.4771     0.0000   119.6307  -324.51      0.00000  0.0000000    0.0000     0.0000     0.0000     0.0000   3.29172571   10.0348726   -80.674    12.243
