Campaign           Name                              Osc_epoch     Date      Time        arcl [min]    # obs mag_c   mag_u  a(km)        e          i(dg)     raan(dg)   w(dg)      s(dg)      dn(dg/d) da(km)       de         di(dg)    draan(dg)  dw(dg)     ds(dg)     R.A.(h)      Decl.(dg)    lon(dg)   lat(dg)  
followjan11        geo-0002:sv1-20110102-U-10-1       55563.880573 11-JAN-02 21:08:01.50      2.583360     6  11.60  12.50  42633.51562  0.0000000   15.0530     9.8119     0.0000    17.1513    -6.00      0.01106  0.0000000    0.0214     0.0261     0.0000     0.0253   1.36007497    0.2417788   -32.751     4.392
svyjan11_gto105    geo-0003:sv1-20110102-S-15-1B      55564.009101 11-JAN-03 00:13:06.32      2.132640     3  15.30  15.60  41990.44795  0.0000000   13.3437    17.8876     0.0000   115.9266     2.23      0.00754  0.0000000    0.0069     0.0602     0.0000     0.0586   9.22251250    8.4119689    28.880    11.980
svyjan11_gto105    geo-0015:sv1-20110102-S-18-1B      55564.038523 11-JAN-03 00:55:28.38      2.132640     3  13.50  13.70  41938.20216  0.0000000   10.7864    49.5538     0.0000    85.0899     2.90      0.01141  0.0000000    0.0021     0.1255     0.0000     0.1233   9.18234792    7.2738409    18.379    10.746
svyjan11_gto105    geo-0016:sv1-20110102-S-22-1A      55564.078810 11-JAN-03 01:53:29.18      2.132640     3  10.20  10.50  41055.87958  0.0000000    8.5350    13.0989     0.0000   121.3059    14.19      0.00468  0.0000000    0.0052     0.0567     0.0000     0.0561   9.11330327    3.3219393     3.969     7.285
svyjan11_gto105    geo-0012:sv1-20110102-S-22-1B      55564.078440 11-JAN-03 01:52:57.21      2.132640     3  10.50  10.80  42140.09224  0.0000000    9.9053    10.4917     0.0000   123.8477     0.31      0.01648  0.0000000    0.0190     0.1629     0.0000     0.1605   9.11305240    4.4251705     4.153     8.214
svyjan11_gto105    geo-0006:sv1-20110102-S-28-1B      55564.158405 11-JAN-03 03:48:06.19      1.067040     2  10.90  11.10  42146.76349  0.0000000   19.0424   351.8725     0.0000   141.0382     0.23      0.00000  0.0000000    0.0000     0.0000     0.0000     0.0000   8.52418142    8.5811832   -24.975    11.839
svyjan11_gto105    geo-0017:sv1-20110102-S-28-1B      55564.165072 11-JAN-03 03:57:42.22      2.132640     3  11.40  11.50  44091.73105  0.0000000   17.2749   357.2736     0.0000   136.0337   -24.67      0.00168  0.0000000    0.0024     0.0077     0.0000     0.0073   8.52140578    9.1026397   -27.232    11.897
svyjan11_gto105    geo-0011:sv1-20110104-S-37-1B      55566.087622 11-JAN-05 02:06:10.54      1.067040     2  12.50  12.70  41606.81086  0.0000000   14.0688   356.4397     0.0000   137.4544     7.14      0.00000  0.0000000    0.0000     0.0000     0.0000     0.0000   9.08447726    6.0743913    -1.110     9.461
svyjan11_gto105    geo-0011:sv1-20110104-S-42-1A      55566.128799 11-JAN-05 03:05:28.23      4.266720     5  14.20  14.40  57156.18521  0.0000000    8.1556   350.9933     0.0000   143.3753  -191.89      0.02869  0.0000000    0.0335     0.1736     0.0000     0.1719   8.58504358    2.0214125   -16.089     4.855
svyjan11_gto105    geo-0005:sv1-20110104-S-42-1B      55566.126947 11-JAN-05 03:02:48.22      3.199680     4  18.80  19.00  53547.53348  0.0000000    8.0384    90.9275     0.0000    43.9635  -145.70      0.02918  0.0000000    0.0326     0.2273     0.0000     0.2251   8.59004329    2.3734839   -15.459     5.571
svyjan11_gto105    geo-0007:sv1-20110104-S-51-1B      55566.221799 11-JAN-05 05:19:23.43      2.132640     3  16.00  16.10  42709.70059  0.0000000   13.1039    22.4600     0.0000   111.4380    -6.98      0.00299  0.0000000    0.0022     0.0249     0.0000     0.0243   8.38397043    9.1006889   -49.890    12.183
svyjan11_gto105    geo-0008:sv1-20110106-S-25-1A      55567.988729 11-JAN-06 23:43:46.18      3.199680     4  16.10  16.30  48521.06720  0.0000000    8.3912    42.7191     0.0000    92.6216   -81.36      0.01380  0.0000000    0.0015     0.1659     0.0000     0.1641   9.23370453    5.1239762    33.225     8.382
svyjan11_gto105    geo-0001:sv1-20110106-S-32-1B      55568.031727 11-JAN-07 00:45:41.21      2.132640     3  12.60  12.70  42063.58585  0.0000000   10.6952    45.9132     0.0000    88.4739     1.29      0.01394  0.0000000    0.0012     0.1545     0.0000     0.1518   9.16443631    7.2549234    16.694    10.691
svyjan11_gto105    geo-0015:sv1-20110106-S-46-1A      55568.182144 11-JAN-07 04:22:17.24      2.132640     3  13.40  13.50  50858.13679  0.0000000    7.2982    83.3294     0.0000    51.0600  -111.28      0.00616  0.0000000    0.0064     0.0626     0.0000     0.0621   8.46248852    2.3215042   -37.803     5.671
svyjan11_gto105    geo-0009:sv1-20110106-S-46-1B      55568.183255 11-JAN-07 04:23:53.23      1.067040     2  13.30  13.50  50846.94359  0.0000000    7.3098    83.4325     0.0000    51.2614  -111.14      0.00000  0.0000000    0.0000     0.0000     0.0000     0.0000   8.47350227    2.3352372   -37.900     5.696
svyjan11_gto105    geo-0008:sv1-20110106-S-50-1B      55568.212074 11-JAN-07 05:05:23.19      2.132640     3  12.70  12.80  42516.36987  0.0000000   15.4574   352.2888     0.0000   141.2725    -4.50      0.02215  0.0000000    0.0355     0.1062     0.0000     0.1022   8.40151595    6.1443684   -48.181     9.598
svyjan11_gto105    geo-0013:sv1-20110106-S-50-1B      55568.215037 11-JAN-07 05:09:39.19      2.132640     3  17.30  17.40  63930.99758  0.0000000    8.4414    39.2625     0.0000    94.0855  -278.61      0.06900  0.0000000    0.0070     0.6049     0.0000     0.5983   8.41212975    6.1037200   -50.446     8.420
svyjan11_gto105    geo-0001:sv1-20110106-S-57-1B      55568.252509 11-JAN-07 06:03:36.77      2.132640     3  17.70  17.80  43424.53377  0.0000000   15.1629   358.5954     0.0000   134.5766   -16.13      0.00072  0.0000000    0.0010     0.0039     0.0000     0.0037   8.32448896    7.2456570   -63.178    10.738
svyjan11_gto105    geo-0002:sv1-20110108-S-17-1A      55569.991857 11-JAN-08 23:48:16.44      3.199680     4  16.20  16.30  48898.30976  0.0000000    8.3991    43.1419     0.0000    92.1646   -86.19      0.01149  0.0000000    0.0011     0.1367     0.0000     0.1353   9.22207472    5.1640607    30.086     8.393
svyjan11_gto105    geo-0014:sv1-20110108-S-17-1B      55570.000375 11-JAN-09 00:00:32.40      1.067040     2  14.10  14.30  41964.03883  0.0000000    9.5294    54.7527     0.0000    80.2525     2.57      0.00000  0.0000000    0.0000     0.0000     0.0000     0.0000   9.23035974    5.5044520    26.552     9.391
svyjan11_gto105    geo-0008:sv1-20110108-S-23-1B      55570.034030 11-JAN-09 00:49:00.19      2.132640     3  11.50  11.70  41621.46339  0.0000000   14.0819   356.3357     0.0000   137.2052     6.95      0.00321  0.0000000    0.0049     0.0185     0.0000     0.0180   9.15438187    6.0501003    13.943     9.515
svyjan11_gto105    geo-0003:sv1-20110108-S-24-1B      55570.044703 11-JAN-09 01:04:22.33      1.067040     2  17.30  17.50  43697.81491  0.0000000   13.7299   355.3690     0.0000   138.7441   -19.63      0.00000  0.0000000    0.0000     0.0000     0.0000     0.0000   9.15116969    5.4305997    10.614     9.004
svyjan11_gto105    geo-0018:sv1-20110108-S-34-1B      55570.132572 11-JAN-09 03:10:54.22      2.132640     3  12.30  12.40  42547.43712  0.0000000    9.2836    57.0599     0.0000    77.8100    -4.90      0.00836  0.0000000    0.0036     0.1032     0.0000     0.1018   8.55588337    5.4750196   -21.328     9.072
svyjan11_gto105    geo-0007:sv1-20110108-S-38-1B      55570.175361 11-JAN-09 04:12:31.19      2.132640     3  16.50  16.60  43130.52992  0.0000000    9.6056    53.6376     0.0000    81.0754   -12.37      0.00471  0.0000000    0.0015     0.0559     0.0000     0.0551   8.46246547    6.1555982   -36.899     9.488
svyfeb11_gto75     geo-0004:sv1-20110206-S-51-1B      55599.194258 11-FEB-07 04:39:43.89      2.200320     3  15.60  15.70  42040.13689  0.0000000   13.6730    19.0507     0.0000   137.0030     1.59      0.02747  0.0000000    0.0417     0.1636     0.0000     0.1587  10.08174053    5.4912440   -50.018     9.277
svyfeb11_gto75     geo-0015:sv1-20110206-S-51-1B      55599.202661 11-FEB-07 04:51:49.91      1.100160     2  19.60  19.60  54584.90389  0.0000000   12.6770    19.4994     0.0000   135.8794  -158.98      0.00000  0.0000000    0.0000     0.0000     0.0000     0.0000  10.08375828    6.0752633   -53.840     8.788
svymar11_gto105    geo-0010:sv1-20110308-S-18-1A      55629.213600 11-MAR-09 05:07:35.04      1.067040     2  17.90  17.90  41687.31526  0.0000000   14.1523   345.7506     0.0000   196.9401     6.11      0.00000  0.0000000    0.0000     0.0000     0.0000     0.0000  11.44501729   -8.5939190   -61.239    -4.085
svyapr11_gto75     geo-0021:sv1-20110403-S-17-1B      55654.951504 11-APR-03 22:50:09.94      3.300480     4  14.30  14.40  56323.81567  0.0000000   10.2194   315.8859     0.0000   251.8878  -181.24      0.02291  0.0000000    0.0105     0.1819     0.0000     0.1790  14.08536600  -13.3044317    33.044    -9.708
svymay11_gto105    geo-0016:sv1-20110504-S-34-1B      55686.108729 11-MAY-05 02:36:34.18      2.132640     3  18.50  18.50  43138.70097  0.0000000   10.8931   300.2441     0.0000   298.9158   -12.47      0.00466  0.0000000    0.0045     0.0425     0.0000     0.0418  15.55026631  -15.2107538   -22.166    -9.521
svymay11_gto105    geo-0011:sv1-20110504-S-38-1B      55686.145903 11-MAY-05 03:30:06.01      3.199680     4  19.50  19.50  51182.34170  0.0000000   10.2464   327.5562     0.0000   271.4635  -115.43      0.00849  0.0000000    0.0009     0.0775     0.0000     0.0763  15.46374847  -15.0139499   -36.145   -10.243
svymay11_gto105    geo-0001:sv1-20110504-S-46-1A      55686.195961 11-MAY-05 04:42:11.03      1.067040     2  18.50  18.50  51361.44734  0.0000000   13.1941   295.7978     0.0000   302.2471  -117.72      0.00000  0.0000000    0.0000     0.0000     0.0000     0.0000  15.37462879  -15.3941685   -54.518   -11.130
svymay11_gto105    geo-0001:sv1-20110504-S-46-1B      55686.196331 11-MAY-05 04:42:42.99      3.199680     3  18.40  18.40  48106.08349  0.0000000   10.9284   302.7604     0.0000   295.5078   -76.05      0.00000  0.0000000    0.0000     0.0000     0.0000     0.0000  15.36150979  -14.3634603   -54.714    -9.852
svymay11_gto105    geo-0011:sv1-20110504-S-46-1B      55686.203739 11-MAY-05 04:53:23.04      2.132640     3  16.40  16.40  42227.17930  0.0000000   13.5022    16.7434     0.0000   223.6205    -0.80      0.00169  0.0000000    0.0025     0.0101     0.0000     0.0098  15.36120588  -14.3838009   -56.503    -9.269
svyjun11_gto75     geo-0016:sv1-20110601-S-29-1B      55714.063388 11-JUN-02 01:31:16.72      1.100160     2  19.50  19.50  60678.50905  0.0000000   10.5741   310.9414     0.0000   284.1679  -236.98      0.00000  0.0000000    0.0000     0.0000     0.0000     0.0000  15.32533208  -14.1249596   -37.656   -10.249
svyjun11_gto75     geo-0052:sv1-20110601-S-33-1B      55714.154325 11-JUN-02 03:42:13.68      3.300480     4  18.30  18.40  63469.09936  0.0000000   10.3941   268.7113     0.0000   324.5005  -272.70      0.01957  0.0000000    0.0210     0.0823     0.0000     0.0809  15.16563343   -9.0725331   -72.168    -6.014
svyjun11_gto75     geo-0004:sv1-20110602-S-17-1B      55714.967271 11-JUN-02 23:12:52.21      4.400640     5  18.40  18.50  59097.33702  0.0000000   15.4180   294.8764     0.0000   300.3658  -216.74      0.01064  0.0000000    0.0075     0.0475     0.0000     0.0458  15.50265357  -17.3857014    -3.122   -13.261
svyjun11_gto75     geo-0010:sv1-20110603-S-14-1B      55715.958478 11-JUN-03 23:00:12.49      1.100160     2  21.50  21.60  37401.76864  0.0000000    8.0574   356.8526     0.0000   238.8082    60.96      0.00000  0.0000000    0.0000     0.0000     0.0000     0.0000  15.52060305  -13.1725571    -1.691    -6.886
svyjun11_gto75     geo-0012:sv1-20110603-S-14-1B      55715.958478 11-JUN-03 23:00:12.49      2.200320     2  20.10  20.10  56965.08604  0.0000000   93.4775    57.2387     0.0000   188.5382  -189.45      0.00000  0.0000000    0.0000     0.0000     0.0000     0.0000  15.53565108  -12.3955706    -0.383    -8.522
svyjun11_gto75     geo-0037:sv1-20110603-S-19-1B      55716.008270 11-JUN-04 00:11:54.52      1.100160     2  13.60  13.60  53052.53457  0.0000000   19.9579   269.4348     0.0000   324.8313  -139.37      0.00000  0.0000000    0.0000     0.0000     0.0000     0.0000  15.42269737  -16.0913509   -19.155   -11.338
svyjun11_gto75     geo-0039:sv1-20110603-S-19-1B      55716.009034 11-JUN-04 00:13:00.53      1.100160     2  14.20  14.20  57977.87169  0.0000000   15.9619   282.8129     0.0000   312.1149  -202.41      0.00000  0.0000000    0.0000     0.0000     0.0000     0.0000  15.43015617  -16.1040132   -19.299   -11.771
svyjun11_gto75     geo-0005:sv1-20110603-S-1-1A       55715.880935 11-JUN-03 21:08:32.78      1.100160     2  17.60  17.60  51132.37861  0.0000000    9.4271   278.7592     0.0000   317.5260  -114.79      0.00000  0.0000000    0.0000     0.0000     0.0000     0.0000  16.05502600  -10.2735298    27.565    -6.350
svyoct11_gto105    geo-0006:sv1-20111023-S-24-1A      55857.996577 11-OCT-23 23:55:04.25      3.199680     3  17.00  17.10  53773.11954  0.0000000   10.2991   288.2065     0.0000   118.2229  -148.59      0.07387  0.0000000    0.0550     0.5668     0.0000     0.5577   3.21386249    6.2624622    16.004     9.064
svyoct11_gto105    geo-0008:sv1-20111023-S-40-1B      55858.209655 11-OCT-24 05:01:54.19      2.132640     3  16.10  16.10  40991.21800  0.0000000   13.0622   350.4323     0.0000    56.2846    15.02      0.00973  0.0000000    0.0113     0.0756     0.0000     0.0737   2.39037281    7.2005861   -61.713    10.836
svyoct11_gto105    geo-0010:sv1-20111025-S-17-1A      55859.981445 11-OCT-25 23:33:16.84      2.132640     3  10.90  11.00  43746.89589  0.0000000    9.2182     5.4756     0.0000    41.0842   -20.25      0.00735  0.0000000    0.0109     0.0599     0.0000     0.0590   3.23581389    2.2108279    18.868     6.043
svyoct11_gto105    geo-0012:sv2-20111026-S-40-1A      55861.241947 11-OCT-27 05:48:24.22      2.132640     3  15.90  15.90  61196.05789  0.0000000   11.8388     2.9628     0.0000    41.3186  -243.60      0.02501  0.0000000    0.0258     0.1112     0.0000     0.1089   2.35072327    5.1102197   -78.675     7.785
svynov11_gto75     geo-0005:sv1-20111124-S-9-1B       55890.063997 11-NOV-25 01:32:09.34      4.400640     5  11.80  11.90  65778.72958  0.0000000    7.2209   272.1532     0.0000   134.7407  -302.26      0.00562  0.0000000    0.0049     0.0393     0.0000     0.0389   3.00112253    2.4311010   -39.571     5.122
svynov11_gto75     geo-0019:sv1-20111127-S-33-1B      55893.089282 11-NOV-28 02:08:33.96      1.100160     2  16.70  16.80  67715.54577  0.0000000    9.7282    16.2854     0.0000    30.8195  -327.05      0.00000  0.0000000    0.0000     0.0000     0.0000     0.0000   2.55071119    2.3550276   -52.037     4.966
svynov11_gto75     geo-0016:sv1-20111127-S-42-1A      55893.158292 11-NOV-28 03:47:56.42      4.400640     4  17.60  17.70  57613.47612  0.0000000   11.4240    12.9759     0.0000    33.9130  -197.75      0.00848  0.0000000    0.0103     0.0353     0.0000     0.0347   2.44537042    3.3039896   -77.329     6.345
svydec11_gto105    geo-0013:sv2-20111221-S-35-1A      55917.225616 11-DEC-22 05:24:53.22      1.067040     2  14.10  14.30  52334.31877  0.0000000   18.2644   353.6354     0.0000   131.2919  -130.17      0.00000  0.0000000    0.0000     0.0000     0.0000     0.0000   8.12123187   11.2626964   -45.248    13.620
svydec11_gto105    geo-0012:sv1-20111222-S-35-1A      55918.074478 11-DEC-23 01:47:14.89      2.132640     3  14.10  14.40  41816.22209  0.0000000   13.1125    29.6269     0.0000    97.3817     4.46      0.00812  0.0000000    0.0023     0.0736     0.0000     0.0717   8.44311422   10.0837826     9.129    13.002
svydec11_gto105    geo-0005:sv1-20111222-S-35-1B      55918.070404 11-DEC-23 01:41:22.90      2.132640     3  12.70  13.00  45428.54163  0.0000000   17.1970   357.4821     0.0000   128.4643   -41.78      0.01082  0.0000000    0.0127     0.0539     0.0000     0.0515   8.43587030   10.4913773    10.625    13.385
svydec11_gto105    geo-0009:sv1-20111222-S-44-1B      55918.146912 11-DEC-23 03:31:33.19      2.132640     3  13.20  13.50  42588.27060  0.0000000   13.1583    28.3582     0.0000    98.6022    -5.42      0.03451  0.0000000    0.0110     0.3051     0.0000     0.2971   8.28324257   10.2306628   -17.034    13.008
svydec11_gto105    geo-0011:sv1-20111222-S-49-1A      55918.180142 11-DEC-23 04:19:24.26      1.067040     2  10.90  11.10  42285.48698  0.0000000   18.8869   348.2034     0.0000   137.3356    -1.55      0.00000  0.0000000    0.0000     0.0000     0.0000     0.0000   8.20431612    9.5542813   -29.103    12.672
svydec11_gto105    geo-0007:sv1-20111223-S-43-1A      55919.088663 11-DEC-24 02:07:40.48      1.067040     2  19.00  19.30  43123.68231  0.0000000   14.6222   355.7474     0.0000   130.6340   -12.28      0.00000  0.0000000    0.0000     0.0000     0.0000     0.0000   8.41031423    8.0339987     3.135    11.045
svydec11_gto105    geo-0015:sv1-20111223-S-58-1B      55919.207627 11-DEC-24 04:58:58.97      1.067040     2  17.80  18.00  57917.45626  0.0000000   11.1840    48.6716     0.0000    78.1405  -201.64      0.00000  0.0000000    0.0000     0.0000     0.0000     0.0000   8.16175942    8.4547374   -40.536    10.942
svydec11_gto105    geo-0001:sv1-20111223-S-60-1B      55919.219486 11-DEC-24 05:16:03.59      2.132640     3  17.00  17.20  44116.71168  0.0000000   15.5145   355.5884     0.0000   130.0789   -24.99      0.00993  0.0000000    0.0126     0.0556     0.0000     0.0536   8.11044241    8.5527722   -44.688    11.810
svydec11_gto105    geo-0009:sv1-20111223-S-66-1B      55919.260361 11-DEC-24 06:14:55.19      1.067040     2  18.30  18.40  42664.08324  0.0000000   12.4438    54.3510     0.0000    73.1666    -6.39      0.00000  0.0000000    0.0000     0.0000     0.0000     0.0000   8.05326606    8.4221580   -59.025    11.903
