           X            Y            Z           Vx           Vy           Vz       a (km)            e      i (deg)         RAAN        omega           nu
================================================================================================================================================
34659.559837 22267.252768  -363.154176    -1.797393     2.295585     0.016840 36737304.075604     0.152600     0.580000    93.269942     0.000000  -135.000000
34619.967123 22317.728395  -362.783147    -1.801739     2.292788     0.016886 36737304.075604     0.152600     0.580000    93.269942     0.000000  -135.000000
-35639.974875 -22986.008461  2125.931116     1.645082    -2.570891    -0.276498 36737304.092775     0.152600     0.580000    93.269936     0.000000  -135.000000
-40107.979007 15817.927564 -3497.608504    -1.150085    -2.643815    -0.474354 36737304.092775     0.152600     0.580000    93.269936     0.000000  -135.000000
-36983.922464 14522.372703 -2573.249623    -1.138701    -2.950377    -0.257753 42486106.070562     0.001100     5.920000    61.729967  -180.000000    45.000000
-14581.475128  4878.716288  1386.666204    -5.011439    -2.953702     0.069857 42486106.070562     0.001100     5.920000    61.729967  -180.000000    45.000000
-41348.293892 16520.613829 -3327.536307    -0.967160    -2.690067    -0.698743 40293905.009209     0.087300    10.260000   -48.150032     0.000000  -135.000000
-38711.104849 16977.160584 -2837.151902    -1.212961    -2.808094    -0.337064 40293905.009209     0.087300    10.260000   -48.150032     0.000000  -135.000000
-39038.906202 17000.500093 -3041.847804    -1.138253    -2.755278    -0.616889 40043405.912596     0.005700     5.960000   -59.780000  -180.000000    45.000000
-25020.264850  2639.578973  -651.154434     0.265866    -2.618277    -0.127801 40043405.912596     0.005700     5.960000   -59.780000  -180.000000    45.000000
-41753.048155  4345.241279 -3603.663304    -0.279552    -2.977118    -0.729214 22401106.171481     0.695200     6.260000    36.799884     0.000000  -135.000000
-39451.599292  4144.350095 -3376.475770    -0.304899    -3.144099    -0.170901 22401106.171481     0.695200     6.260000    36.799884     0.000000  -135.000000
-40553.857558  4513.743017 -3586.706444    -0.335269    -3.065239    -0.613466 43354105.906511     0.034000    14.480000   -38.600030    -0.000000  -135.000000
-26011.693378 -16497.477206  2470.650152     2.010627    -3.278372     0.311967 43354105.906511     0.034000    14.480000   -38.600030    -0.000000  -135.000000
-41648.339613  4804.183230 -4420.355725    -0.279313    -2.999570    -0.620305 42644706.255768     0.006800     7.370000   -54.940033  -180.000000    45.000000
-42098.360581  4827.252150 -4062.264189    -0.366708    -3.028968    -0.261909 42644706.255768     0.006800     7.370000   -54.940033  -180.000000    45.000000
-35985.704513  4052.816335 -2916.993625    -0.757234    -1.983107    -0.173466 42372205.964312     0.008500    12.420000   -42.460033    -0.000000  -135.000000
-40493.935125  3257.260533 -4731.497133    -0.215271    -3.104488    -0.480968 42372205.964312     0.008500    12.420000   -42.460033    -0.000000  -135.000000
-42138.132283   421.364656 -3889.519354     0.037421    -2.988612    -0.704946 16115900.534008     0.586300     3.480000   -31.210688     0.000000  -135.000000
-38553.998651   507.314857 -3089.648123     0.078817    -3.304957    -0.185828 16115900.534008     0.586300     3.480000   -31.210688     0.000000  -135.000000
-10138.661079   139.417375  2040.879699    -0.947332    -7.741653    -0.650928 42189106.165350     0.010600    14.540000   -25.270016   180.000000    45.000000
-42379.819321  1227.817595 -4357.305258    -0.108601    -3.047475    -0.236185 42189106.165350     0.010600    14.540000   -25.270016   180.000000    45.000000
-40264.834203  1289.296453 -4137.082952    -0.047804    -3.114762    -0.597610 39794205.629109     0.003400     5.780000   -63.230008    -0.000000  -135.000000
-41217.202742  1103.846268 -4328.725303    -0.030016    -3.039455    -0.688117 39794205.629109     0.003400     5.780000   -63.230008    -0.000000  -135.000000
-6166.893307 -4339.061500  2966.798145     3.219060    -0.211448     5.983483 41617503.736385     0.021914    12.279269   -30.170035   180.000000    45.000000
-41812.953996  -421.198248 -5676.753117     0.084613    -3.044404    -0.335313 41617503.736385     0.021914    12.279269   -30.170035   180.000000    45.000000
-38737.898407  -428.322930 -4778.404490     0.021040    -3.234887    -0.407803 36532707.251171     0.155600     6.460000   167.279941     0.000000    45.000000
-40581.850526  -495.261152 -5290.708983     0.069476    -3.114194    -0.445769 36532707.251171     0.155600     6.460000   167.279941     0.000000    45.000000
-44125.738877  -407.412868 -6332.530406     0.103154    -2.882888    -0.613318 42179406.052933     0.000600    13.140000   -33.430030  -180.000000    45.000000
-41780.550057  -868.490474 -5542.522874     0.139041    -3.019305    -0.570346 42179406.052933     0.000600    13.140000   -33.430030  -180.000000    45.000000
-45902.549949  -655.124694 -6268.413249     0.174445    -2.773873    -0.701219 42632106.105727     0.014500     7.310000   -54.900026   180.000000    45.000000
-39357.305761  -795.050974 -4914.640080     0.072744    -3.222952    -0.244553 42632106.105727     0.014500     7.310000   -54.900026   180.000000    45.000000
-26323.693161  -669.064587   891.433674    -1.549080    -2.554649     0.193164 22899100.822234     0.621800     5.860000   -58.130688     0.000000  -135.000000
-35499.726642 13637.521218 -2466.326554    -1.124278    -3.047897    -0.678354 22899100.822234     0.621800     5.860000   -58.130688     0.000000  -135.000000
-39254.871432 15458.563631 -3261.088188    -1.045451    -2.839161    -0.539618 41623806.155200     0.018700    11.010000   -41.370007  -180.000000    45.000000
-5228.729105 -3881.096870  2993.356699    -3.257090    -0.818033    -6.745128 41623806.155200     0.018700    11.010000   -41.370007  -180.000000    45.000000
-6762.963965  -955.992808  2726.832669     2.562152     1.550829     6.659349 42370106.121917     0.001400    14.320000   -21.770033  -180.000000    45.000000
-38619.616568 -14385.138925 -4534.857757     1.138168    -2.902230    -0.151070 42370106.121917     0.001400    14.320000   -21.770033  -180.000000    45.000000
-41716.764689 -15424.525823 -5162.305097     1.037988    -2.756072    -0.098789 41322106.817778     0.071600     5.690000   -54.290037  -180.000000    45.000000
-39682.295897 -15002.190787 -4813.635441     1.187050    -2.812265    -0.197132 41322106.817778     0.071600     5.690000   -54.290037  -180.000000    45.000000
-5861.051608 -2686.378296  2818.132993    -1.655407    -3.246373    -6.570023 25192414.213595     0.593800    12.810000    61.489807   180.000000    45.000000
-4451.571294 -3424.229301  4564.669467    -4.472587    -1.642126    -5.635821 25192414.213595     0.593800    12.810000    61.489807   180.000000    45.000000
-35688.147263 15329.610559 -2307.233702    -1.243530    -2.932977    -0.731646 42632106.102021     0.014500     7.310000   -54.900033   180.000000    45.000000
-38602.675320 16654.853912 -2832.035064    -1.105672    -2.779580    -0.701664 42632106.102021     0.014500     7.310000   -54.900033   180.000000    45.000000
-36524.648386 16042.797729 -2408.847572    -1.250367    -2.883166    -0.221158 41416906.206670     0.022400    12.360000   -29.780036  -180.000000    45.000000
-40198.531378 16987.418948 -2902.000076    -1.191187    -2.737438    -0.328961 41416906.206670     0.022400    12.360000   -29.780036  -180.000000    45.000000
20136.948465 35677.585427 10059.513129    -2.695528     1.461162     0.211253 41886706.225649     0.012200    14.100000   -26.240034   180.000000    45.000000
-4594.784872  5123.630746  2748.778182     0.216300    -3.509528     6.353829 41886706.225649     0.012200    14.100000   -26.240034   180.000000    45.000000
-39414.964332 16620.392267 -1963.709374    -1.101364    -2.735626    -0.719284 41941906.049201     0.006700    10.000000   -49.770000     0.000000  -135.000000
-38000.766077 16061.433385 -1912.328182    -1.149079    -2.868998    -0.229125 41941906.049201     0.006700    10.000000   -49.770000     0.000000  -135.000000
-34626.157887 14817.148452 -1577.778333    -1.559563    -2.898585     0.110816 40706406.371149     0.045600     9.980000   -43.870019  -180.000000    45.000000
-35000.152949 14891.619503 -1574.090410    -1.331718    -3.016608    -0.075487 40706406.371149     0.045600     9.980000   -43.870019  -180.000000    45.000000
-41575.417856 17692.637689 -1835.936781    -1.108768    -2.591185    -0.762177 41623806.148112     0.018700    11.010000   -41.370018  -180.000000    45.000000
-36467.264868 15603.801376 -1232.857190    -1.337083    -2.901576    -0.103865 41623806.148112     0.018700    11.010000   -41.370018  -180.000000    45.000000
-7810.289539  -591.941825  2587.992312    -1.705534    -3.262877    -5.946654 43398005.917680     0.027500    14.560000   -33.010030     0.000000  -135.000000
-33110.039394 15380.000000 -1393.553134    -1.303197    -3.119038    -0.532229 43398005.917680     0.027500    14.560000   -33.010030     0.000000  -135.000000
-41280.882245 -7241.668266 -4033.800995     0.593325    -3.011254    -0.207066 42179406.111300     0.000600    13.140000   -33.430033  -180.000000    45.000000
20251.655296 35719.305081 10153.086290    -2.677068     1.500422     0.055872 42179406.111300     0.000600    13.140000   -33.430033  -180.000000    45.000000
-42938.750707 -7344.887122 -4625.578358     0.600455    -2.854594    -0.681602 44341605.817552     0.046900    16.330000   -26.960028     0.000000  -135.000000
-41287.151365 -7195.344073 -4088.212078     0.741328    -2.985133    -0.218048 44341605.817552     0.046900    16.330000   -26.960028     0.000000  -135.000000
-5521.308744 -3531.450663  2765.891442     2.728721     1.122461     6.885432 41336506.417081     0.040900     8.320000   -57.460036  -180.000000    45.000000
-36297.693773 -22660.926209  3479.405337     1.582668    -2.585343    -0.350580 41336506.417081     0.040900     8.320000   -57.460036  -180.000000    45.000000
-36666.873470 -22691.867904  3447.795131     1.528774    -2.604732    -0.295170 18718701.108639     0.640300     3.700000   149.888489  -180.000000  -135.000000
-35541.865911 -22221.702581  3301.967246     1.616675    -2.626441    -0.304981 18718701.108639     0.640300     3.700000   149.888489  -180.000000  -135.000000
-16025.219264 -10423.749323  3095.671165     0.930437    -1.816465    -2.595035 40241806.310631     0.053000    12.380000   -38.200012  -180.000000    45.000000
-37785.992515 -15714.857553 -5317.757703     1.451023    -2.789727    -0.167896 40241806.310631     0.053000    12.380000   -38.200012  -180.000000    45.000000
-37342.111703 -15543.702178 -5121.585495     1.234937    -2.905123    -0.129808 42428006.217028     0.008800    11.090000   -44.720016    -0.000000    45.000000
-13050.609386 -7422.933565   776.555365    -1.137362    -5.831516     0.703764 42428006.217028     0.008800    11.090000   -44.720016    -0.000000    45.000000
20654.869539 35837.365909 10042.192441    -2.613879     1.551183    -0.111077 42016406.232325     0.017700     6.900000   -44.980024    -0.000000    45.000000
-29644.275972 -28734.386969  1376.489204     0.751669    -0.191965    -1.862563 42016406.232325     0.017700     6.900000   -44.980024    -0.000000    45.000000
-8649.134446 -11368.545884   129.271554     3.464716    -2.412855     0.525554 43700206.055667     0.024700     6.900000   -53.270021     0.000000  -135.000000
-27215.381870 -31388.872140 -9057.588014     2.302505    -2.005519    -0.008905 43700206.055667     0.024700     6.900000   -53.270021     0.000000  -135.000000
-36160.556505 22464.873577   941.688473    -1.698454    -2.562483    -0.047730 42791640.855022     0.030448     7.562690   -38.010016    -0.000000    45.000000
-42538.433242   591.120132 -4461.463760    -0.050661    -3.042088    -0.232153 42791640.855022     0.030448     7.562690   -38.010016    -0.000000    45.000000
-40478.132177   961.293805 -4237.786854    -0.056884    -3.097570    -0.583714 40655006.433427     0.043800    13.360000   -37.730034  -180.000000    45.000000
-40955.269769   743.371662 -4129.985907     0.057822    -3.068119    -0.642344 40655006.433427     0.043800    13.360000   -37.730034  -180.000000    45.000000
-32984.854515  1246.057306 -2663.246100     0.147266    -3.651072    -0.195400 42054806.027825     0.012700    13.820000   -39.230033    -0.000000  -135.000000
-42359.436640   636.164931 -4305.131231     0.027195    -2.980016    -0.696378 42054806.027825     0.012700    13.820000   -39.230033    -0.000000  -135.000000
-35078.022560 20069.049776  1147.248480    -1.484552    -1.155327     0.034283 39771106.891437     0.004900     5.310000   -64.230042     0.000000  -135.000000
20447.135615 36066.538082 10219.698113    -2.673258     1.441319     0.050752 39771106.891437     0.004900     5.310000   -64.230042     0.000000  -135.000000
-35851.236448 20660.528963   968.164317    -1.524749    -2.706458     0.057757 43295606.081303     0.020500     7.300000   -54.180031   180.000000  -135.000000
-33324.480791 -24182.906467 -8681.047803     1.838827    -2.509084    -0.155860 43295606.081303     0.020500     7.300000   -54.180031   180.000000  -135.000000
-33225.061293 -23799.658651 -8938.169935     1.852735    -2.477393    -0.233712 42170106.117085     0.000400    14.370000   -12.860030  -180.000000  -135.000000
-7007.405918  -980.135588  2392.464031     2.804804    -2.460693     6.568388 42170106.117085     0.000400    14.370000   -12.860030  -180.000000  -135.000000
-39108.293387 -4218.883490 -3255.175071     0.390224    -3.148932    -0.055314 42390506.036779     0.011300    13.980000   -33.490010    -0.000000  -135.000000
-24762.351084 -2376.807959  -672.483564    -2.085173    -2.889612     0.250751 42390506.036779     0.011300    13.980000   -33.490010    -0.000000  -135.000000
-33823.884856 -27619.193822 -9859.034217     1.938771    -2.164678    -0.411748 41098405.941188     0.016200     5.040000   -54.620000    -0.000000  -135.000000
-28378.473467 -30154.619330 -7254.331166     2.245217    -2.101153     0.062964 41098405.941188     0.016200     5.040000   -54.620000    -0.000000  -135.000000
-12827.770225 -13180.149518  -547.856225     4.823316    -2.070620    -1.096870 38692705.890073     0.091300     3.220000  -155.040037  -180.000000    45.000000
-33793.781799 -25203.246497     5.727339     1.838552    -2.465100    -0.000337 38692705.890073     0.091300     3.220000  -155.040037  -180.000000    45.000000
20013.475197 35462.339984  9958.192119    -2.710407     1.477389     0.076056 39615026.472860     0.041591     2.692484   -84.690026  -180.000000    45.000000
-14097.974457 -12485.099248  1864.405444     2.895700    -0.392146     2.377798 39615026.472860     0.041591     2.692484   -84.690026  -180.000000    45.000000
-22615.694926 -18094.609929   867.053072    -0.085001    -3.057331    -0.087951 43780205.922485     0.035200    15.290000   -31.600029     0.000000  -135.000000
-32470.155006 -22759.762202  2306.205717     0.862363    -2.401364    -0.434712 43780205.922485     0.035200    15.290000   -31.600029     0.000000  -135.000000
-4192.651186 -6047.232184  2947.294130    -0.664635    -2.700330    -6.558732 40381991.636309     0.033301     2.540682   -67.630016   180.000000    45.000000
-37308.970111 19113.984753  4609.546275    -1.432659    -2.625615    -0.710996 40381991.636309     0.033301     2.540682   -67.630016   180.000000    45.000000
-4881.500164 -2849.452636  4838.296479     4.570186     1.323384     5.564775 39424106.567890     0.080200     9.290000   -38.410043  -180.000000    45.000000
-3855.954835 -5271.021769  8663.931234     3.489889    -3.642485    -2.785939 39424106.567890     0.080200     9.290000   -38.410043  -180.000000    45.000000
-4380.615400 -3516.514836  4550.654088     2.897990     3.741869     5.668581 42085905.980283     0.014300     6.770000   -44.220010    -0.000000  -135.000000
-41046.841614 10141.820759  1949.309815    -0.740756    -2.977052    -0.064169 42085905.980283     0.014300     6.770000   -44.220010    -0.000000  -135.000000
-40900.472086 10045.752359  2170.033196    -0.748173    -2.880819    -0.770331 42285706.171349     0.000500    13.930000   -25.060000  -180.000000  -135.000000
-22256.510453 21345.114485  7454.163558    -0.067834    -1.247777    -2.934470 42285706.171349     0.000500    13.930000   -25.060000  -180.000000  -135.000000
-6002.220794 -2399.678619  2954.637513    -1.964595    -3.278502    -6.471214 43213106.040317     0.018700    14.600000   -14.350012    -0.000000  -135.000000
-3249.721262 -4872.321550  6857.604377    -0.074034     4.499100     4.376398 43213106.040317     0.018700    14.600000   -14.350012    -0.000000  -135.000000
-4109.944473 -3792.871558  4573.616145    -4.403164    -2.018586    -5.631522 42296346.891987     0.063592     7.119136   -41.470003    -0.000000    45.000000
-30258.749286 -28324.102473 -4093.075127     2.132965    -2.249344     0.000528 42296346.891987     0.063592     7.119136   -41.470003    -0.000000    45.000000
-28710.089674 -26548.671941 -3661.504627     2.166638    -2.362475     0.086137 43058306.221834     0.003000     8.080000    66.919969   180.000000    45.000000
-27546.219295 -6912.355885  -871.358092    -1.096025    -2.687782    -0.004953 43058306.221834     0.003000     8.080000    66.919969   180.000000    45.000000
-5041.625242 -4836.030631  2704.811567     1.039425     2.843442     6.725793 43232106.228100     0.015500     7.280000    70.499969     0.000000  -135.000000
-4759.742219 -4805.545722  2729.422704     1.219258     2.811706     6.709847 43232106.228100     0.015500     7.280000    70.499969     0.000000  -135.000000
-25345.302020 -33676.917905  1438.572029     2.421811    -1.875823    -0.408835 42608206.308672     0.013200     7.230000    70.399964   180.000000    45.000000
-24807.932656 -33165.947416  1432.751474     2.471418    -1.882693    -0.399407 42608206.308672     0.013200     7.230000    70.399964   180.000000    45.000000
34753.425445 22688.718517  -378.077300    -1.740414     2.539717     0.021443 42397106.520372     0.082100     8.260000   -40.940020    -0.000000    45.000000
-27431.973073 25280.369619  8825.212400    -1.272352    -2.338293    -0.152119 42397106.520372     0.082100     8.260000   -40.940020    -0.000000    45.000000
-25323.160734 -33534.958064  1413.690023     2.439790    -1.865288    -0.417886 41644506.339848     0.021100     7.600000   -49.020035  -180.000000    45.000000
-24573.521422 -32892.262171  1101.902057     2.466064    -1.906953    -0.464783 41644506.339848     0.021100     7.600000   -49.020035  -180.000000    45.000000
 -455.919948 42201.941668   400.988509    -3.070199    -0.032608     0.056118 23132690.113335     0.704246     7.018785  -175.210872    -0.000000  -135.000000
 -776.464527 40084.598749   737.808269    -3.149877    -0.195826     0.025446 23132690.113335     0.704246     7.018785  -175.210872    -0.000000  -135.000000
 -776.084684 39372.668535   621.579496    -3.239403    -0.108529     0.061242 42054805.956521     0.012700    13.820000   -39.230037    -0.000000  -135.000000
 -370.697747 40164.457873   810.870532    -3.098319     0.017435    -0.243168 42054805.956521     0.012700    13.820000   -39.230037    -0.000000  -135.000000
 1773.735560 65724.413225 -1077.723655    -2.178597     0.171039    -0.050728 10571951.615174     0.353292     7.141667  -131.405604   180.000000  -135.000000
-1014.355602 35930.711943   858.793791    -3.440113    -0.336128    -0.071374 10571951.615174     0.353292     7.141667  -131.405604   180.000000  -135.000000
-22504.589664 36015.280541  2043.195451    -2.588806    -1.627476     0.115079 42291905.954210     0.006100    12.300000   -40.290010   180.000000  -135.000000
-41128.030019 -8617.981123 -6992.388842     0.735546    -2.926039    -0.374331 42291905.954210     0.006100    12.300000   -40.290010   180.000000  -135.000000
-20651.446245 35537.867984  5337.378496    -2.672799    -1.494612    -0.604306 43005306.325692     0.030700     1.570000    21.959968     0.000000    45.000000
-40632.829382 -8539.375156 -6949.327738     0.667461    -2.978476    -0.400284 43005306.325692     0.030700     1.570000    21.959968     0.000000    45.000000
-40161.069019 -8557.508189 -6680.868118     0.744885    -2.981578    -0.385939 42741006.205154     0.010700     7.380000   -54.860036   180.000000  -135.000000
-40671.036807 -8659.358180 -6631.317067     0.690029    -2.988459    -0.274656 42741006.205154     0.010700     7.380000   -54.860036   180.000000  -135.000000
-29023.698068 -24696.925324 -1410.645902     0.539376    -1.858574     0.184136 41334906.156489     0.020600    12.190000   -30.340039   180.000000    45.000000
-3331.421670 -5408.843537  2717.921212     3.089644     2.039897     7.161076 41334906.156489     0.020600    12.190000   -30.340039   180.000000    45.000000
-24583.319269 -27024.469064  2034.723521     2.348029    -0.282384    -0.119941 41806206.168747     0.021700    13.270000   -26.350034  -180.000000    45.000000
-29377.299179 -24088.431807 -1719.903506     1.991445    -2.646521     0.070248 41806206.168747     0.021700    13.270000   -26.350034  -180.000000    45.000000
-2244.120310 -6548.029177  2750.612165    -2.102380    -2.077464    -6.633350 37311506.791083     0.134000     5.740000   -55.550032    -0.000000    45.000000
-3548.325969 -7347.824588  2502.600272     2.598742     1.056740     5.907710 37311506.791083     0.134000     5.740000   -55.550032    -0.000000    45.000000
-21595.815523 -32654.897832 -7159.556742     2.385670    -2.037926     0.070967 42607406.079564     0.000700    14.420000   -24.140010  -180.000000    45.000000
-8085.689433  3780.649609  3231.906284     2.108613    -6.060883     3.716110 42607406.079564     0.000700    14.420000   -24.140010  -180.000000    45.000000
-22743.654155 -2406.883884  3919.920601     3.159392    -2.573325    -0.988045 24637800.781584     0.704300     1.690000    76.039119  -180.000000  -135.000000
-4464.342580 -4659.796676  3061.214896     3.813600     0.643315     6.564012 24637800.781584     0.704300     1.690000    76.039119  -180.000000  -135.000000
-38990.473377   -64.017001  4551.071221     0.598696    -1.751922    -0.192217 42209605.964549     0.020300    13.900000   -24.460003  -180.000000  -135.000000
-27250.483982 -1840.602519  4026.350275     1.781197    -3.323254    -0.822917 42209605.964549     0.020300    13.900000   -24.460003  -180.000000  -135.000000
-17508.994373 -12076.789096   663.905378     3.981046    -2.547928    -1.011188 41487406.068446     0.009600     1.720000    98.859960   180.000000    45.000000
-40994.870422 -9024.680856 -4693.450202     0.740739    -2.974106    -0.229274 41487406.068446     0.009600     1.720000    98.859960   180.000000    45.000000
-41438.090654 -9282.511162 -4538.222261     0.816910    -2.948745    -0.281535 43120006.488976     0.024800    12.240000   -40.410012  -180.000000    45.000000
-17545.448982 -36947.865504 -6515.654589     2.722389    -1.463329     0.203595 43120006.488976     0.024800    12.240000   -40.410012  -180.000000    45.000000
-9195.637685 -17801.785788     9.418150     1.447502    -4.563504    -0.252578 42265706.168334     0.010900    13.110000   -34.280036    -0.000000    45.000000
-16276.612424 -37779.567974 -4306.554974     2.860204    -1.246580     0.137218 42265706.168334     0.010900    13.110000   -34.280036    -0.000000    45.000000
-41571.227612  7713.608028  5791.335941    -0.568463    -3.011491    -0.090133 39361305.715864     0.014600     4.850000   -71.080000    -0.000000  -135.000000
-4559.895325 -4593.954134  2805.326711    -1.718038    -2.450135    -6.909494 39361305.715864     0.014600     4.850000   -71.080000    -0.000000  -135.000000
-8188.804401 -18366.987302 -1124.169393     4.965730    -0.886883    -0.852157 20680301.923289     0.673900     6.870000  -161.551101  -180.000000  -135.000000
-6984.260585 -13972.617840    59.392938     5.906212     0.394505     0.674245 20680301.923289     0.673900     6.870000  -161.551101  -180.000000  -135.000000
-4211.325650 -4525.627005  2820.310583    -3.074154    -1.413166    -6.870580 43356205.914872     0.035100    15.230000   -16.790030     0.000000  -135.000000
-12752.987087 -38906.498911 -7252.863626     3.015163    -0.958535     0.152478 43356205.914872     0.035100    15.230000   -16.790030     0.000000  -135.000000
-29475.502883 -11565.894145 -2333.064431     2.223467    -1.401060     0.128378 41941905.993605     0.006700    10.000000   -49.770034     0.000000  -135.000000
-38930.280693 -13972.621967 -4153.356259     1.085322    -2.908067    -0.133116 41941905.993605     0.006700    10.000000   -49.770034     0.000000  -135.000000
-13452.829377 -7570.313839   793.032753    -1.118702    -5.790919     0.773210 27356407.755485     0.461600    13.340000    38.559756  -180.000000    45.000000
-3682.415928 -18676.957082   892.327900     4.073503    -3.111957    -1.118357 27356407.755485     0.461600    13.340000    38.559756  -180.000000    45.000000
  -62.570077 -11476.914168  2608.152903     3.373741     1.516694    -4.515097 42165506.158442     0.000200     0.010000    87.830002   180.000000    45.000000
-42080.636185  7750.228389  5819.050377    -0.568518    -2.984872    -0.083924 42165506.158442     0.000200     0.010000    87.830002   180.000000    45.000000
-6409.941070 -5158.038649  2842.985605     0.492905    -3.221167    -5.630403 42035606.058417     0.008900    13.830000   -22.850013   180.000000    45.000000
-41841.867865  3684.395332 -5278.559430    -0.216618    -3.015798    -0.482466 42035606.058417     0.008900    13.830000   -22.850013   180.000000    45.000000
-47315.613174  4751.884029 -6367.359647    -0.209075    -2.669858    -0.763214 21961740.046452     0.689456     3.991369    64.069272     0.000000  -135.000000
-37250.444967 -21638.260572  2201.140129     1.522995    -2.598830    -0.264415 21961740.046452     0.689456     3.991369    64.069272     0.000000  -135.000000
-41900.275266 -1294.011385 -6033.306922     0.145657    -3.026144    -0.433531 29809502.113169     0.407300    11.370000    51.839887     0.000000  -135.000000
-33167.017464 -1835.576318 -4252.555385    -1.760435    -2.050086     0.427631 29809502.113169     0.407300    11.370000    51.839887     0.000000  -135.000000
-20817.538807 -2503.148912 -1057.402617    -2.235968    -1.838543    -3.824191 42174206.149630     0.000100    14.820000    -2.570033  -180.000000    45.000000
-41594.075466 -1358.756114 -5953.492283     0.173246    -3.063104    -0.441825 42174206.149630     0.000100    14.820000    -2.570033  -180.000000    45.000000
-42829.120957 -1154.442508 -6658.469562     0.201804    -2.961383    -0.509320 42318506.134438     0.000700     2.900000    51.639970     0.000000  -135.000000
-30934.488644 -1997.135841 -3500.072259     1.686181    -2.084165     0.337601 42318506.134438     0.000700     2.900000    51.639970     0.000000  -135.000000
-41055.269947  7733.432213  5482.241153    -0.517555    -3.047929    -0.084910 42174206.074574     0.000100    14.820000    -2.570030  -180.000000    45.000000
-16752.796327 -37750.874762 -4461.189290     2.905639    -1.239194     0.059423 42174206.074574     0.000100    14.820000    -2.570030  -180.000000    45.000000
-3604.788309 -6337.073378  2655.638908    -0.109393     2.791384     6.608411 41816806.064050     0.007600     5.640000   -46.620035    -0.000000    45.000000
-5564.878511 -13089.104883  1332.891134     2.908620    -2.092738     2.469267 41816806.064050     0.007600     5.640000   -46.620035    -0.000000    45.000000
-17227.762585 -37289.858736 -4196.444040     2.819028    -1.330324     0.139009 39800305.871325     0.013300     5.570000   -63.470042    -0.000000    45.000000
-11072.322059 -24793.861949 -1077.467170     1.589301    -2.410432    -0.223081 39800305.871325     0.013300     5.570000   -63.470042    -0.000000    45.000000
-33205.604667 -22442.589490 -1508.115586     1.806195    -2.511581    -0.629768 20304101.204720     0.673400     2.110000  -109.530295   180.000000  -135.000000
-7985.489510 -3015.433829  2929.363457     0.711365    -4.713824     6.027361 20304101.204720     0.673400     2.110000  -109.530295   180.000000  -135.000000
-7051.524775 -2438.561435  2967.738188     2.743091    -0.031936     6.489649 42622206.255372     0.014000     7.870000    67.329980   180.000000    45.000000
-6224.966911 -1667.986549  3047.364471     3.547367    -1.332546     6.447901 42622206.255372     0.014000     7.870000    67.329980   180.000000    45.000000
-15447.641457 -36483.033486 -4140.797782     1.942468     0.142597     0.086815 42294406.378322     0.020600     7.600000    68.229970   180.000000    45.000000
-41148.667446  1977.873445 -3993.146231    -0.102555    -3.053529    -0.659926 42294406.378322     0.020600     7.600000    68.229970   180.000000    45.000000
-16534.828236 -40139.611656 -5030.441285     2.791186    -1.124845     0.220494 40977205.819494     0.025900     0.650000    86.549981     0.000000  -135.000000
-9310.712560 -3489.820445  2494.950329    -0.314404    -4.408565     5.435586 40977205.819494     0.025900     0.650000    86.549981     0.000000  -135.000000
-38603.015059  1213.037387   435.303605    -0.077169    -3.275549     0.003956 29123502.176807     0.395300    13.310000    47.469881  -180.000000  -135.000000
-7061.565668 -17655.267914   920.238071     2.061184    -4.474938    -0.219400 29123502.176807     0.395300    13.310000    47.469881  -180.000000  -135.000000
-17647.242389 -34950.599172 -3309.203081     2.864668    -1.439592     0.184185 42613906.259678     0.013400     7.990000    66.809964   180.000000    45.000000
-2512.838527 -6307.516520  2755.886514     1.407048     2.167233     6.967691 42613906.259678     0.013400     7.990000    66.809964   180.000000    45.000000
-6575.444106 -17215.220085  1148.419965     1.480174    -2.240763     2.921847 42066406.316747     0.026700     8.640000    63.409973   180.000000    45.000000
-4694.281202 -11866.529155  1592.891980     0.926046     0.049893    -6.871860 42066406.316747     0.026700     8.640000    63.409973   180.000000    45.000000
-17787.275386 -38127.113069 -4529.762043     2.783810    -1.328199     0.182562 42144906.012047     0.001500     1.180000    63.149997  -180.000000  -135.000000
-17054.993667 -36779.826098 -3843.906148     2.799567    -1.397019     0.186671 42144906.012047     0.001500     1.180000    63.149997  -180.000000  -135.000000
-39616.794159  6872.723417  3947.495133     0.440038    -1.776364     0.004835 40180905.869127     0.042600     1.170000    26.809992   180.000000    45.000000
-17071.931648 -36997.757519 -3982.080516     2.872492    -1.309738     0.113444 40180905.869127     0.042600     1.170000    26.809992   180.000000    45.000000
-20067.695019 -42010.940729 -4822.954891     2.597076    -1.137633     0.156797 40958306.303108     0.040700     1.420000    51.579992     0.000000    45.000000
-17820.946266 -37555.744107 -4007.174558     2.747800    -1.288240     0.244967 40958306.303108     0.040700     1.420000    51.579992     0.000000    45.000000
-16494.820102 -37808.056451 -4513.320349     2.859351    -1.243808     0.129078 39137905.332574     0.029600     4.650000   -75.100044     0.000000  -135.000000
-14613.146880 -37700.424893 -6139.705199     2.946538    -1.087911     0.269769 39137905.332574     0.029600     4.650000   -75.100044     0.000000  -135.000000
-15702.014177 -38473.598521 -4303.315075     2.865270    -1.150996     0.147141 54266105.123070     0.217700     1.590000  -127.740003     0.000000  -135.000000
-6020.131168 -16883.373541   594.605485     1.863552    -1.237169     2.774129 54266105.123070     0.217700     1.590000  -127.740003     0.000000  -135.000000
16860.305062 -36082.444451  -298.364209     2.900467     1.374717     0.499885 39003706.526908     0.104500     1.750000   -36.940046   180.000000    45.000000
 8378.625175 -10231.413554  2359.622449     3.702441     0.190852    -3.247883 39003706.526908     0.104500     1.750000   -36.940046   180.000000    45.000000
32039.857335 -27228.296310   274.232711     1.953847     2.300505     0.662755 42466906.114962     0.001500     3.500000    70.129973  -180.000000  -135.000000
 2015.066014  6851.772374  3307.569781     0.723227    -3.317351     6.317719 42466906.114962     0.001500     3.500000    70.129973  -180.000000  -135.000000
24115.042318 -21603.427999   749.246168     2.837258     0.391561    -0.397165 42085505.933199     0.022300    11.950000   -40.000003    -0.000000  -135.000000
-1233.247267 -17233.209926  2098.292817     1.440688    -2.868664    -3.088909 42085505.933199     0.022300    11.950000   -40.000003    -0.000000  -135.000000
-26501.058228 32789.333675   586.834305    -2.391333    -1.932618     0.032385 41997706.204261     0.015800    13.390000   -26.780037  -180.000000    45.000000
-25544.573425 30925.250224   741.325222    -2.432175    -2.009343    -0.023275 41997706.204261     0.015800    13.390000   -26.780037  -180.000000    45.000000
-18220.057233 19919.381670  1500.888019    -1.680847    -4.085640    -0.367268 42136506.006239     0.008500    12.080000   -39.580007   180.000000    45.000000
-27140.263371 33787.761092   898.954467    -2.308336    -1.890295    -0.324485 42136506.006239     0.008500    12.080000   -39.580007   180.000000    45.000000
-8060.095272 -3390.178684  2893.862458     1.829444    -0.127963     5.795890 41656806.013702     0.014200    11.810000   -39.060028    -0.000000    45.000000
-33761.672767 21965.673925 -1694.285430    -1.739747    -2.603498    -0.337319 41656806.013702     0.014200    11.810000   -39.060028    -0.000000    45.000000
-33867.019414 22026.486796 -1401.371270    -1.719673    -2.640848    -0.249551 42180906.047045     0.003300    10.440000   -47.920037    -0.000000    45.000000
-34012.587615 22165.265576 -1697.331243    -1.679192    -2.623584    -0.574052 42180906.047045     0.003300    10.440000   -47.920037    -0.000000    45.000000
-22584.885224 35471.242300  5162.568246    -2.638661    -1.567708     0.005684 23275400.748926     0.710300     7.210000  -122.591104   180.000000  -135.000000
-17888.340927 -13883.906488  2759.589736     0.991285    -2.811370     0.122404 23275400.748926     0.710300     7.210000  -122.591104   180.000000  -135.000000
-17883.133601 -38107.463223 -2076.161572     2.782516    -1.295493    -0.202780 24635001.222087     0.702500     3.440000   115.609129    -0.000000  -135.000000
-28932.935756 16847.840795  5207.747227    -2.554484    -1.008994     0.084397 24635001.222087     0.702500     3.440000   115.609129    -0.000000  -135.000000
-6275.707870 -1605.225569  3102.114046     3.599916    -1.852318     6.294960 39908406.286879     0.062200     2.910000   -77.700013  -180.000000    45.000000
-12419.509136 -22069.364119   228.861753     3.448255     0.656305    -0.309983 39908406.286879     0.062200     2.910000   -77.700013  -180.000000    45.000000
-12654.589356 -26658.700930  -360.363413     3.951298    -1.339039     0.060597 39151605.529143     0.117400    10.670000   -47.400000   180.000000  -135.000000
-16514.477863 -37266.128657 -1644.431625     1.786182    -0.338506    -0.172578 39151605.529143     0.117400    10.670000   -47.400000   180.000000  -135.000000
-13344.357347 -28695.320691  -383.404030     1.079050    -2.800004     0.237796 23760203.583387     0.714900    13.630000    51.019587  -180.000000  -135.000000
-7993.102828 -15380.886580  1129.897125     4.833446     0.988428    -0.234511 23760203.583387     0.714900    13.630000    51.019587  -180.000000  -135.000000
-4999.236763 -8964.086630  2197.454327     2.405465    -3.728826     5.270031 23664900.691214     0.704000     7.750000    59.148996    -0.000000  -135.000000
 8192.334375 16688.186836  2708.356664    -3.284637    -1.528624     3.835018 23664900.691214     0.704000     7.750000    59.148996    -0.000000  -135.000000
-22731.788672 36000.036643  5017.935354    -2.551484    -1.660334     0.240822 28507904.413759     0.430200    12.800000    44.319842  -180.000000  -135.000000
-16127.358553 -33534.835622 -2166.930703     3.006186    -1.409494     0.266707 28507904.413759     0.430200    12.800000    44.319842  -180.000000  -135.000000
-36599.236683 -18906.284110 -7958.045667     1.413981    -2.762981    -0.219337 28272306.761843     0.447600    12.470000    42.709894  -180.000000    45.000000
-34846.875387 -18049.962278 -7134.802488     1.543508    -2.799775    -0.288276 28272306.761843     0.447600    12.470000    42.709894  -180.000000    45.000000
-36956.131675 -18914.358888 -8203.857770     1.462542    -2.677128    -0.422318 42280906.142662     0.018900     7.760000   -42.720037    -0.000000    45.000000
-34000.425501 -23320.791743 -8261.093057     1.728086    -2.575138    -0.147181 42280906.142662     0.018900     7.760000   -42.720037    -0.000000    45.000000
-28382.107895 -20247.445894 -6170.817643     2.845986    -0.412269    -0.413445 43208206.392213     0.041300     8.230000   -35.010003    -0.000000    45.000000
-2449.067200 -6436.672500  2429.230225     1.759681     1.917749     6.923814 43208206.392213     0.041300     8.230000   -35.010003    -0.000000    45.000000
-2471.612563 -36243.575541  2057.054401     1.805196    -1.252476     0.252593 41290505.883555     0.038900     9.960000   -50.290022  -180.000000  -135.000000
34200.779511 -24168.533764 -4986.920362     1.582229     2.306822    -0.253673 41290505.883555     0.038900     9.960000   -50.290022  -180.000000  -135.000000
30300.458356 -20999.165072 -3911.148386     0.044906     2.352125    -0.001170 23722404.713062     0.715600     4.300000    63.039251     0.000000  -135.000000
-25318.578007 39732.422683  5425.184956    -2.496763    -1.399218     0.261074 23722404.713062     0.715600     4.300000    63.039251     0.000000  -135.000000
15681.503687 -9468.614988    93.975304    -0.111183     2.596354    -2.750751 41867843.385912     0.012101     6.487995   -46.300010    -0.000000    45.000000
 6398.210460  2516.285651  2877.688507    -1.055206     8.054463    -0.123382 41867843.385912     0.012101     6.487995   -46.300010    -0.000000    45.000000
 6187.900392  2019.781502  2903.565369    -3.054062    -0.455798     6.814207 42952006.352500     0.006500     7.980000    67.200000   180.000000    45.000000
10567.542856 38766.728212   963.985374    -3.091014     0.739917     0.047265 42952006.352500     0.006500     7.980000    67.200000   180.000000    45.000000
11054.701456 42079.039985   550.759412    -2.894436     0.784932     0.391677 29725308.471337     0.387600    11.090000    49.400000  -180.000000    45.000000
 5710.666387  4312.661674  2838.690358     2.665195     0.627837    -6.477527 29725308.471337     0.387600    11.090000    49.400000  -180.000000    45.000000
10898.703978 41300.126462   811.647426    -2.918735     0.689376     0.401454 25649713.477341     0.605300     7.650000  -118.180432     0.000000    45.000000
41113.452682 -6994.949693  4606.584413     0.491595     2.994415     0.490069 25649713.477341     0.605300     7.650000  -118.180432     0.000000    45.000000
13948.491826 -6417.197443   659.731417     5.222644     2.758251     0.883027 43614806.991227     0.049700    10.380000   -32.890000    -0.000000    45.000000
39083.656365 -14495.121128 -5304.684252     1.298176     2.788201     1.316688 43614806.991227     0.049700    10.380000   -32.890000    -0.000000    45.000000
-30916.349772 10833.155418  8453.786199     0.104399    -3.071847    -0.625369 21918001.191098     0.695100     4.230000   -73.550881     0.000000  -135.000000
29085.983600 -14404.657039 -3643.433812     1.140964     1.745267    -0.063702 21918001.191098     0.695100     4.230000   -73.550881     0.000000  -135.000000
38875.854388 -18723.550872 -6230.221037     1.371641     2.661739    -0.025374 41848306.192402     0.010600     6.260000   -46.520000    -0.000000    45.000000
38444.265094 -18582.975424 -6249.376203     1.326437     2.727107    -0.014162 41848306.192402     0.010600     6.260000   -46.520000    -0.000000    45.000000
42376.343269 -9035.539685 -3505.316178     0.588355     2.954101     0.078587 24617907.842789     0.706600     7.870000  -172.450177    -0.000000  -135.000000
36767.758483 -19845.458549 -7522.636057     1.490294     2.669449     0.217584 24617907.842789     0.706600     7.870000  -172.450177    -0.000000  -135.000000
34295.604275 -18564.388102 -6554.705607     1.648642     2.714698     0.410434 27868107.582621     0.509600    15.130000    88.829872     0.000000    45.000000
28657.545584 -15646.347871 -4955.027251    -0.477450     2.692411     0.322694 27868107.582621     0.509600    15.130000    88.829872     0.000000    45.000000
15657.817435 -8884.137112  -529.585204    -0.364825     2.726459    -2.745109 43224706.284936     0.002500     7.910000    67.749969     0.000000    45.000000
 6686.015195 -3367.371221  2462.460162    -1.517148     1.856065     6.690531 43224706.284936     0.002500     7.910000    67.749969     0.000000    45.000000
26634.300400 -12773.638705 -3599.127796     3.090713     2.701764    -0.168778 42151305.957508     0.005800    11.570000   -42.900023     0.000000  -135.000000
-3711.725513  4953.393813  2995.073542    -4.743310    -5.270676     2.826104 42151305.957508     0.005800    11.570000   -42.900023     0.000000  -135.000000
20981.547756 -10272.391690 -1728.938687     2.142381     2.065045     0.203139 44980605.720432     0.068400    17.620000   -30.670026     0.000000  -135.000000
38064.585634 -17099.324561 -5517.530907     1.316431     2.696060     0.690679 44980605.720432     0.068400    17.620000   -30.670026     0.000000  -135.000000
38935.042543 -17335.446129 -5803.449264     1.248232     2.778928    -0.017591 42685606.036502     0.013400     5.790000    60.409967    -0.000000  -135.000000
30510.054517 -13112.300063 -4166.462525    -0.744872     2.558246     0.358346 42685606.036502     0.013400     5.790000    60.409967    -0.000000  -135.000000
21271.360531 -37230.019317  -227.371972     2.574965     1.412506     0.424693 42151306.095178     0.005800    11.570000   -42.900000     0.000000  -135.000000
20776.239513 -35972.099883  -415.986308     2.671203     1.511027     0.300141 42151306.095178     0.005800    11.570000   -42.900000     0.000000  -135.000000
12960.602306 -11590.648109  2208.285823     1.804143     3.172780    -0.048738 24423901.596306     0.715300    20.070000  -156.320455  -180.000000  -135.000000
27156.843874 -31902.773840   787.490524     2.306205     1.904417     0.451764 24423901.596306     0.715300    20.070000  -156.320455  -180.000000  -135.000000
43929.171537 -9357.575558  5078.881077     0.566545     2.813772     0.517871 42607806.306326     0.013700    11.610000   -42.260019  -180.000000    45.000000
 9131.240142  -996.935535  3183.908750    -0.700411     3.142150    -6.845527 42607806.306326     0.013700    11.610000   -42.260019  -180.000000    45.000000
-43399.360225  8416.024167  3016.563433    -0.612546    -2.901942    -0.061770 42786006.001709     0.019400    13.300000   -39.560032    -0.000000  -135.000000
41729.105009 -4800.254690  5050.796959     0.318822     2.994729     1.182277 42786006.001709     0.019400    13.300000   -39.560032    -0.000000  -135.000000
40790.585556 -4942.567687  4942.594345     0.334311     3.081242     0.355069 21836601.219999     0.679400     7.700000  -119.680117   180.000000  -135.000000
41436.853320 -6163.277396  4807.315020     0.384774     3.005190     0.566215 21836601.219999     0.679400     7.700000  -119.680117   180.000000  -135.000000
16399.185953 -1490.700563  3242.754300    -2.013480     2.613201     2.521977 42608206.233511     0.024100     7.610000    68.499993   180.000000    45.000000
42299.654083 -4443.412587  3660.558989     0.249686     2.957201     0.689093 42608206.233511     0.024100     7.610000    68.499993   180.000000    45.000000
41159.933889 -4274.729160  3652.242806     0.082739     3.003713     0.499299 43285452.697738     0.043524     6.242407   -33.000009    -0.000000    45.000000
41950.377541 -1355.697845  6386.746286     0.067562     3.013231     1.147941 43285452.697738     0.043524     6.242407   -33.000009    -0.000000    45.000000
15966.765372 -1679.028036  4301.887440    -3.478247     2.324196     3.942739 41647010.112443     0.009262     6.379461   -48.770021    -0.000000    45.000000
41786.936219 -1033.569271  5776.817387     0.006581     3.032766     0.458166 41647010.112443     0.009262     6.379461   -48.770021    -0.000000    45.000000
41758.169666   604.501254  6019.695335    -0.113114     3.033380     0.441265 19026501.100355     0.648500     4.420000    35.048686     0.000000  -135.000000
-40864.406726  8061.926636  2874.932809    -0.544936    -3.040200    -0.072807 19026501.100355     0.648500     4.420000    35.048686     0.000000  -135.000000
41724.535970   554.574472  6148.490553    -0.095251     3.043016     0.536579 40222205.907023     0.021200    11.760000    23.640000    -0.000000    45.000000
14732.883089 -6432.763799   450.355294     2.431973     2.617899    -1.790153 40222205.907023     0.021200    11.760000    23.640000    -0.000000    45.000000
15376.685713 -6753.935654   369.620080    -0.526978     4.489823     0.279779 24587100.841537     0.716700     5.970000   -21.030000     0.000000  -135.000000
41673.549253  1950.685541  6222.697590    -0.208474     3.035269     0.487483 24587100.841537     0.716700     5.970000   -21.030000     0.000000  -135.000000
43455.246511  1817.977080  6488.854287    -0.022415     2.931054     0.565256 41997706.145006     0.015800    13.390000   -26.780007  -180.000000    45.000000
42191.145832  7616.468415  7072.897151    -0.569476     2.925383     0.388373 41997706.145006     0.015800    13.390000   -26.780007  -180.000000    45.000000
 7556.496665  1497.165298  3224.099521     1.609222     3.568440    -5.712447 43624906.232366     0.016100     7.780000   -54.380015     0.000000  -135.000000
44308.969277  7704.173671  7641.850464    -0.547500     2.793258     0.523232 43624906.232366     0.016100     7.780000   -54.380015     0.000000  -135.000000
39191.954341 -14148.886738 -3981.331308     1.051735     2.912394     0.051607 40244106.231754     0.041000     0.650000    94.759996   180.000000    45.000000
23487.429663 -6918.336342  -713.882573     0.334923     1.066500     2.418071 40244106.231754     0.041000     0.650000    94.759996   180.000000    45.000000
33232.008934 25963.756313   -39.977529    -1.892304     2.422716     0.003151 22707204.591172     0.694400     6.710000    92.489669     0.000000  -135.000000
 6387.851899  1097.193577  2777.275031    -2.767941    -1.630338     6.838405 22707204.591172     0.694400     6.710000    92.489669     0.000000  -135.000000
42701.593993 14321.363569  9038.324075    -0.903201     2.666878     0.607437 39955605.936054     0.017900     5.830000   -60.920041    -0.000000    45.000000
 6357.429663  1512.944655  2723.103257     2.176205     2.828735    -6.608219 39955605.936054     0.017900     5.830000   -60.920041    -0.000000    45.000000
 6934.363255  1228.060962  2584.823011     2.764982    -0.648502    -6.657525 42894806.265890     0.013700     7.030000   -54.190019    -0.000000    45.000000
-13235.110227 -23809.910556 -2751.904838     2.769599    -0.017845     0.200035 42894806.265890     0.013700     7.030000   -54.190019    -0.000000    45.000000
-21963.549136 -34865.424474 -5886.605219     2.614800    -1.707862     0.192974 40874317.614113     0.023156     6.475820   -58.230008  -180.000000    45.000000
  735.086197 -7534.832888  2703.925457     6.168702     1.995879     2.208063 40874317.614113     0.023156     6.475820   -58.230008  -180.000000    45.000000
38850.752236 -16772.719106 -4897.366014     1.247218     2.696413     0.732279 24330600.697096     0.725800     6.190000   105.308962  -180.000000  -135.000000
19844.414122 -36462.498689  -592.028640     2.695016     1.468122     0.328341 24330600.697096     0.725800     6.190000   105.308962  -180.000000  -135.000000
 6114.509848 -3204.232223  2664.509957    -1.921063     2.066124     6.753133 41990703.336206     0.026250     5.935911   -44.730007    -0.000000    45.000000
-21738.238212 34645.161715  5083.266719    -2.593273    -1.622827    -0.629236 41990703.336206     0.026250     5.935911   -44.730007    -0.000000    45.000000
14652.626194 -4799.975666   979.680505    -0.711535     4.082973     1.646277 44446605.829414     0.065400     6.610000   -52.160031     0.000000  -135.000000
23550.164599 -34976.098340     4.131566     2.550561     1.716984     0.000444 44446605.829414     0.065400     6.610000   -52.160031     0.000000  -135.000000
23513.993273 -34998.644317    -4.744502     2.552535     1.714208    -0.002119 40594405.444836     0.031300     7.150000   -65.170012   180.000000  -135.000000
23510.807662 -35006.408873   -16.492064     2.552310     1.713918    -0.002398 40594405.444836     0.031300     7.150000   -65.170012   180.000000  -135.000000
23334.605641 -35074.977065     0.000000     2.561895     1.704118     0.000000 42081906.182508     0.015000     6.670000   -44.240014    -0.000000    45.000000
17461.673883 -24031.733816  1161.211342     3.159798     0.151099    -0.179145 42081906.182508     0.015000     6.670000   -44.240014    -0.000000    45.000000
23898.403416 -35859.191084  -142.060425     2.488670     1.681866     0.388975 41718606.256710     0.034800     9.830000   -49.980035    -0.000000    45.000000
22898.540829 -34761.418221   129.191887     2.570090     1.638769     0.337876 41718606.256710     0.034800     9.830000   -49.980035    -0.000000    45.000000
41957.889674 -4595.576333  5580.796547     0.241286     3.017784     0.663488 41842406.048663     0.010500     6.490000   -46.650035     0.000000    45.000000
42189.154510 -3479.863517  3148.230180     0.198051     2.968108     0.715341 41842406.048663     0.010500     6.490000   -46.650035     0.000000    45.000000
-21526.564575 34640.967089  5134.993999    -2.656302    -1.562678    -0.606998 42120006.649431     0.054800     8.860000   -62.200014     0.000000    45.000000
42366.372720 -3466.157415  3142.208756     0.195077     2.962338     0.765648 42120006.649431     0.054800     8.860000   -62.200014     0.000000    45.000000
41039.090911 -3284.453401  2765.172305     0.201844     3.084089     0.152523 42357606.184100     0.007400    12.390000   -42.060036    -0.000000    45.000000
40776.226859 -3284.150325  2842.817777     0.280861     3.110883     0.199634 42357606.184100     0.007400    12.390000   -42.060036    -0.000000    45.000000
40342.169957 -3473.368286  3089.440753     0.269289     3.093584     0.158240 24521601.795071     0.683400    11.460000   144.699215     0.000000  -135.000000
42443.315545 -1460.604852  2007.518063     0.062274     2.959426     0.768092 24521601.795071     0.683400    11.460000   144.699215     0.000000  -135.000000
42356.090902 -2548.488407  5335.201534     0.116408     3.026097     0.277090 42168006.017565     0.000200     1.000000    76.059966    -0.000000    45.000000
41230.172730  6035.535706  5442.575522    -0.573331     2.956448     0.545118 42168006.017565     0.000200     1.000000    76.059966    -0.000000    45.000000
59842.003929  8714.942005  6777.796789     0.284221     1.893396     0.186816 40189705.815743     0.001800     1.140000    17.799960   180.000000    45.000000
41889.779150  6057.166932  5405.889233    -0.485824     2.933344     0.634514 40189705.815743     0.001800     1.140000    17.799960   180.000000    45.000000
 6546.761591  1059.084168  3105.388382     2.905594     1.484637    -6.631015 40537611.237498     0.523300     4.920000    -7.320059  -180.000000    45.000000
-23283.991907 37026.573205  5210.853224    -2.382093    -1.602327    -0.625062 40537611.237498     0.523300     4.920000    -7.320059  -180.000000    45.000000
43485.408420  4473.731718  7248.863848    -0.385727     2.864486     0.641344 42476743.500139     0.023565     6.307340   -40.410033    -0.000000  -135.000000
 9716.317962  1374.821131  3416.822635    -1.855290     3.774790    -5.248115 42476743.500139     0.023565     6.307340   -40.410033    -0.000000  -135.000000
39738.765319  5336.542045  6651.707428     0.840393     0.451564     1.962072 40441905.941230     0.017000     6.570000   -54.470000   180.000000    45.000000
41252.823699  5626.184784  6559.985779    -0.454024     3.009851     0.407341 40441905.941230     0.017000     6.570000   -54.470000   180.000000    45.000000
 6443.435457  1410.058795  2960.195727    -2.654396    -1.863580     6.667058 40977406.036462     0.013900     4.940000   -56.700030  -180.000000    45.000000
 6450.995637  1421.340185  2959.933096    -3.357832     1.986608     6.309334 40977406.036462     0.013900     4.940000   -56.700030  -180.000000    45.000000
41138.487597  9122.363378  1811.362243    -0.674630     2.893527     0.787749 41576506.313446     0.022700    10.720000   -45.850035  -180.000000    45.000000
40635.425589  9782.100066  6283.121768    -0.797429     2.895909     0.463994 41576506.313446     0.022700    10.720000   -45.850035  -180.000000    45.000000
42318.681237 10085.734967  6073.652213    -0.636316     2.911475     0.168212 42420506.174567     0.030900     7.000000    31.579967     0.000000    45.000000
40395.912505 11250.757719  7185.142602    -0.882452     2.888401     0.449304 42420506.174567     0.030900     7.000000    31.579967     0.000000    45.000000
-40884.285932  9234.145844  4575.947941    -0.692072    -2.992086    -0.150869 15303900.740755     0.563400     6.950000   129.107475    -0.000000  -135.000000
-22676.575874 36125.650823  5002.272531    -2.551857    -1.650415     0.241144 15303900.740755     0.563400     6.950000   129.107475    -0.000000  -135.000000
40561.673217 11273.233501  7265.256985    -0.810251     2.920988     0.319551 42165006.109745     0.000500     4.720000    28.179966  -180.000000    45.000000
11519.966684 -16741.820201 -2936.871105     1.280894     1.595310    -2.365370 42165006.109745     0.000500     4.720000    28.179966  -180.000000    45.000000
18400.529391 -10519.258270  -671.538896    -1.178665     4.483715     0.159245 24948101.694943     0.677500    10.010000    31.579279    -0.000000  -135.000000
 3974.915686 -5565.537648  2629.787177    -0.733335     2.698331     6.838362 24948101.694943     0.677500    10.010000    31.579279    -0.000000  -135.000000
38308.773252 -17387.743164 -5228.743788     1.379947     2.752330     0.794408 20911201.959105     0.663000     6.180000    65.418994    -0.000000  -135.000000
38804.947838 -18621.236811 -4263.485924     1.288508     2.731388     0.022351 20911201.959105     0.663000     6.180000    65.418994    -0.000000  -135.000000
16422.347228 -8581.883892   178.030753    -0.369767     4.127000    -0.456956 41506310.813907     0.309700     1.030000   -72.610035    -0.000000    45.000000
36332.745885 -16810.528176 -4805.639960     0.322542     1.774996     0.023084 41506310.813907     0.309700     1.030000   -72.610035    -0.000000    45.000000
 5372.065696 -3993.623266  2726.236106    -3.018222     0.647778     6.773342 24594300.733595     0.679700     6.520000    45.429227     0.000000  -135.000000
 5440.248666 -4073.087389  2715.866168    -1.609408     2.422939     6.790364 24594300.733595     0.679700     6.520000    45.429227     0.000000  -135.000000
-4453.695548  4824.886790  3012.823029     3.030299    -1.389482     6.647863 24714601.986242     0.720400     6.980000  -109.261045  -180.000000  -135.000000
20244.557568 -38471.763712  -786.435210     2.627158     1.453920     0.338837 24714601.986242     0.720400     6.980000  -109.261045  -180.000000  -135.000000
19345.764557 -36670.909481  -726.826225     2.749956     1.407316     0.262981 18540003.001197     0.632500     3.760000   145.229664  -180.000000  -135.000000
19095.753588 -36871.695029  -488.566612     2.737165     1.379648     0.300680 18540003.001197     0.632500     3.760000   145.229664  -180.000000  -135.000000
19448.898186 -36644.577545  -527.580184     2.697703     1.492750     0.234623 42996206.196435     0.005200     8.130000    66.679968   180.000000    45.000000
19834.965993 -37733.795440  -563.024527     2.676676     1.330724     0.374569 42996206.196435     0.005200     8.130000    66.679968   180.000000    45.000000
15662.748323 -27818.654152   414.726224     1.504249     1.647508    -0.238283 38727406.094675     0.040200     5.640000   -79.550000    -0.000000    45.000000
29040.100589 -13588.528654 -3143.587749    -0.505371     2.535430    -0.092940 38727406.094675     0.040200     5.640000   -79.550000    -0.000000    45.000000
30308.843197  -515.699624  4816.794990    -1.719160     3.044357    -0.655566 42770606.379420     0.025600    11.610000   -42.780025  -180.000000    45.000000
 6718.219011   385.113125  3089.083510     3.067611     0.178667    -6.654551 42770606.379420     0.025600    11.610000   -42.780025  -180.000000    45.000000
41813.737471  -667.817542  5829.749725    -0.036646     3.042286     0.621559 41169306.396622     0.032500    11.590000   -35.050000  -180.000000    45.000000
-2739.270665  9421.029580  3313.227714    -3.375833    -1.719050     4.153423 41169306.396622     0.032500    11.590000   -35.050000  -180.000000    45.000000
42190.944080  3933.664262  3386.987511    -0.338672     2.947708     0.742535 42613060.377888     0.006936    13.734112   -26.850010  -180.000000    45.000000
40588.533036  3781.975809  3473.241239    -0.368865     3.082147     0.096880 42613060.377888     0.006936    13.734112   -26.850010  -180.000000    45.000000
41200.950824  3803.878364  3569.986829    -0.287663     3.086552     0.203486 42770606.326744     0.025600    11.610000   -42.780013  -180.000000    45.000000
42126.501350  3751.896620  3410.452754    -0.230223     3.040807     0.227632 42770606.326744     0.025600    11.610000   -42.780013  -180.000000    45.000000
21382.281470  2236.647018  3234.036922     2.509598     3.356869     0.325175 23421800.983165     0.700300     6.560000  -123.400000  -180.000000  -135.000000
41286.536702  3933.747465  3375.522322    -0.304298     3.071551     0.171695 23421800.983165     0.700300     6.560000  -123.400000  -180.000000  -135.000000
40205.630103  3745.344297  3338.352630    -0.410748     3.082532     0.036132 36192803.774543     0.165300     8.570000    92.549939     0.000000  -135.000000
41213.933867  8681.971749  1318.381853    -0.631342     2.903222     0.793943 36192803.774543     0.165300     8.570000    92.549939     0.000000  -135.000000
36207.830821  7583.009000  1589.555047     0.860643     2.072782    -0.167348 24960501.225377     0.683600     7.280000    89.129252     0.000000  -135.000000
42510.177028  6108.845313  6992.919839    -0.442028     2.912188     0.557396 24960501.225377     0.683600     7.280000    89.129252     0.000000  -135.000000
-5619.019452  3586.144625  2989.237159    -3.765603    -0.207182    -6.345252 46620306.540121     0.068500     8.140000    68.889976    -0.000000  -135.000000
41665.474030  6141.743374  7009.324375    -0.569594     3.008892     0.368371 46620306.540121     0.068500     8.140000    68.889976    -0.000000  -135.000000
46797.437212  6741.136915  7439.014410    -0.304882     2.670113     0.954764 40964706.104415     0.036100     1.640000    17.829962   180.000000    45.000000
41287.111610  5435.046036  6761.512289    -0.462258     3.012676     0.447764 40964706.104415     0.036100     1.640000    17.829962   180.000000    45.000000
41253.885941  5475.383763  6683.903915    -0.362120     3.009931     0.454591 43445206.276812     0.009600     7.470000    69.739973  -180.000000  -135.000000
41308.530423  5382.278145  6719.400413    -0.480145     3.008331     0.432627 43445206.276812     0.009600     7.470000    69.739973  -180.000000  -135.000000
 7679.995630  -275.979787  2950.767855    -0.317676     5.115807    -6.294148 41936205.811918     0.029900     7.730000    67.169976   180.000000  -135.000000
30379.913516 -21920.502714  2248.488863     1.908702     2.767401     0.267459 41936205.811918     0.029900     7.730000    67.169976   180.000000  -135.000000
 5986.694368  2379.073728  3069.386674    -3.155726    -0.692986     6.741698 41731006.026814     0.013000    11.100000   -43.920000    -0.000000  -135.000000
-10871.137025 -18588.277233 -1687.944537     0.201603    -2.201323     2.593621 41731006.026814     0.013000    11.100000   -43.920000    -0.000000  -135.000000
-21263.406708 -30250.128097 -6172.037848     2.530610    -2.144596     0.071048 24589307.898856     0.676400     9.160000   -40.160000    -0.000000  -135.000000
-41592.938443  7988.257609  3262.493747    -0.578395    -3.008383    -0.037491 24589307.898856     0.676400     9.160000   -40.160000    -0.000000  -135.000000
 1919.802411 -6400.297365  2620.967176     1.336104     3.247490     6.644763 29042203.016404     0.422000    15.840000    46.129839  -180.000000  -135.000000
-2512.511035 -16536.540356    10.101935     2.622675     1.551810    -2.993906 29042203.016404     0.422000    15.840000    46.129839  -180.000000  -135.000000
39265.261880 -15811.846996 -3771.621839     1.169555     2.725697     0.747498 19874100.580207     0.650100     6.480000    72.428585     0.000000  -135.000000
31097.306928 -13556.201610 -2228.463433     1.947426     1.299140    -0.005605 19874100.580207     0.650100     6.480000    72.428585     0.000000  -135.000000
16121.870897 -9117.229307   578.151748    -0.387950     2.719861     2.686553 42774306.009325     0.033900     8.220000    66.100000   180.000000  -135.000000
38514.295601 -17168.255589 -4005.315645     1.274769     2.688827     0.726245 42774306.009325     0.033900     8.220000    66.100000   180.000000  -135.000000
35306.847753 -14222.759626 -3692.098559     2.116812     2.236197     1.153453 42969906.089471     0.005300     8.330000    65.889968   180.000000  -135.000000
11189.605099 -3667.164578  1726.289003     3.312813     2.587893     4.750044 42969906.089471     0.005300     8.330000    65.889968   180.000000  -135.000000
41942.639843 -7541.154305  3780.885232     0.487001     3.006242     0.272191 43046106.058282     0.018400     4.840000    60.789968     0.000000  -135.000000
41702.972382 -7345.027600  3648.674003     0.438060     3.053496     0.268849 43046106.058282     0.018400     4.840000    60.789968     0.000000  -135.000000
-6460.184893   446.947629  2989.959221    -2.994553     1.434376    -6.698459 42476906.082768     0.001500    11.010000    39.369977  -180.000000    45.000000
41361.423171 11008.018636 -3710.137451    -0.728726     2.907676     0.526176 42476906.082768     0.001500    11.010000    39.369977  -180.000000    45.000000
42089.989954  2347.887040  2820.193548    -0.178268     3.062150     0.099974 40248906.032090     0.032400    12.260000    22.239976  -180.000000    45.000000
94677.043110  3246.930561  2045.533109    -1.082109     1.060285    -0.365030 40248906.032090     0.032400    12.260000    22.239976  -180.000000    45.000000
36095.203693  1856.894742  2325.442514     1.189950     2.059152     0.383001 24072201.606280     0.694100     8.790000    50.309464     0.000000  -135.000000
24852.747713  2577.840024  4667.533789     0.463056     1.815080    -3.495061 24072201.606280     0.694100     8.790000    50.309464     0.000000  -135.000000
 6221.698825  1935.065045  3064.285510    -2.617529    -2.168126     6.616313 40224309.977866     0.462500     6.960000    60.839942  -180.000000    45.000000
41719.834162  3341.939938  6109.918392    -0.338212     3.005984     0.387015 40224309.977866     0.462500     6.960000    60.839942  -180.000000    45.000000
15515.962144  3338.262396  2592.546462     1.733413     2.149365     4.129779 15857500.694041     0.560600     7.070000    10.549779   180.000000  -135.000000
41291.216242   643.035615  2425.815897    -0.013294     1.675749     0.087191 15857500.694041     0.560600     7.070000    10.549779   180.000000  -135.000000
39470.136236   741.285621  2463.330353     0.261634     1.949273    -0.646641 42132306.163801     0.001800    15.070000     5.220000    -0.000000    45.000000
-6614.283400   -97.237998  2989.101174    -3.026728     1.217599    -6.654610 42132306.163801     0.001800    15.070000     5.220000    -0.000000    45.000000
42064.210544   809.490858  4204.819257    -0.144397     2.985155     0.663408 43077806.197145     0.004300     7.760000    68.239978  -180.000000    45.000000
34235.015993 -23833.391838  2409.209015     1.832905     2.483380     0.559429 43077806.197145     0.004300     7.760000    68.239978  -180.000000    45.000000
14908.858661 -13078.905305  2704.080392     1.080650     1.753522    -2.551496 24024501.482727     0.709200     8.200000    37.279020   180.000000  -135.000000
38309.283990 15882.239726  7703.313886    -1.213491     2.803852     0.278393 24024501.482727     0.709200     8.200000    37.279020   180.000000  -135.000000
38206.560693 15568.323035  7582.120496    -1.164548     2.829485     0.330318 40731905.252568     0.055200     8.240000   -58.160038  -180.000000  -135.000000
39120.898934 15920.812152  7837.295869    -1.209890     2.734347     0.539156 40731905.252568     0.055200     8.240000   -58.160038  -180.000000  -135.000000
32189.095677 25929.393497  8460.647612    -1.939883     2.373056     0.111848 41172705.744429     0.012000     5.620000   -54.150004  -180.000000  -135.000000
12316.308516  6968.996511  4331.741129    -2.718669     1.686087    -4.057323 41172705.744429     0.012000     5.620000   -54.150004  -180.000000  -135.000000
35992.175898 29584.680036  9223.382931    -1.631771     2.276134     0.300336 12394200.719846     0.456500     7.280000  -125.623925  -180.000000  -135.000000
32270.017967 25521.546013  8308.998186    -1.960973     2.336862     0.220632 12394200.719846     0.456500     7.280000  -125.623925  -180.000000  -135.000000
-31025.509154  1829.929331  1652.579191     0.269460    -3.838347     0.122208 40363705.338138     0.042000     8.640000   -56.700036  -180.000000  -135.000000
18249.893148 38579.488706  4960.410861    -2.709219     1.336235    -0.099806 40363705.338138     0.042000     8.640000   -56.700036  -180.000000  -135.000000
37124.107775 17771.281576  7187.248779    -1.447876     2.666220     0.372270 43656805.868343     0.036500    12.080000   -43.920012  -180.000000  -135.000000
38233.833231 18306.144205  7675.542641    -1.329110     2.681303     0.595731 43656805.868343     0.036500    12.080000   -43.920012  -180.000000  -135.000000
39379.981931 13590.605368  7174.662146    -1.095747     2.820026     0.499262 43369106.020755     0.026400     4.100000    61.189969    -0.000000  -135.000000
 4949.542846  4125.304202  3083.038125    -4.028898     0.141589     6.263085 43369106.020755     0.026400     4.100000    61.189969    -0.000000  -135.000000
39767.691733 13838.409378  7037.767531    -1.055307     2.797455     0.586532 41821106.124527     0.010500     9.490000   -52.930035     0.000000    45.000000
38969.143350 15295.816494  7270.484806    -1.184089     2.765092     0.534255 41821106.124527     0.010500     9.490000   -52.930035     0.000000    45.000000
38537.528094 15601.504515  7524.151276    -1.243906     2.764517     0.471312 42378606.161311     0.005100    12.480000   -39.690033     0.000000    45.000000
38894.296882 16091.070897  7402.606567    -1.210263     2.743748     0.586152 42378606.161311     0.005100    12.480000   -39.690033     0.000000    45.000000
39134.880171 13788.062476  7719.287972    -1.083987     2.844595     0.414781 42439906.067079     0.005900    14.000000   -26.190016  -180.000000  -135.000000
-36438.064443 -19418.005540 -8346.616831     1.487897    -2.681464    -0.254589 42439906.067079     0.005900    14.000000   -26.190016  -180.000000  -135.000000
39178.970887 13807.936364  7763.788974    -1.072507     2.845574     0.391172 40215052.952399     0.068577    11.008476   -32.910028   180.000000  -135.000000
41063.256364 14122.669051  8036.431521    -0.972752     2.753865     0.716716 40215052.952399     0.068577    11.008476   -32.910028   180.000000  -135.000000
38770.299341 -16410.601715  3208.746126     1.156607     2.799469     0.516310 42025505.947016     0.004400    11.700000   -43.280030  -180.000000  -135.000000
39947.527661 -16115.567346 -6644.847193     1.102257     2.817672     0.028161 42025505.947016     0.004400    11.700000   -43.280030  -180.000000  -135.000000
28843.533530 -12247.789272 -3611.426774     1.738831     3.354809    -0.233119 42025506.019392     0.004400    11.700000   -43.280030  -180.000000  -135.000000
18193.688734 -8603.652449  -968.239270     0.073933     2.175061    -2.459085 42025506.019392     0.004400    11.700000   -43.280030  -180.000000  -135.000000
 6120.069299 -3166.762718  2553.939006     2.706931    -0.314004    -6.851234 41742505.967789     0.019000     4.150000    60.879968  -180.000000  -135.000000
 5892.263324 -2686.841659  2698.626977     3.444702     0.901225    -6.637388 41742505.967789     0.019000     4.150000    60.879968  -180.000000  -135.000000
14286.633153 -26164.625752 -2752.242496     1.094411     3.053775     0.153969 42660306.291947     0.013700    13.050000   -38.710029     0.000000    45.000000
18490.478957 -37263.206672 -5573.875575     2.793398     1.144137     0.518576 42660306.291947     0.013700    13.050000   -38.710029     0.000000    45.000000
-36132.374000 -19046.052035 -7923.053368     1.472635    -2.706813    -0.417293 14794901.622505     0.517100     5.000000   -38.282229   180.000000  -135.000000
 6661.586169   457.958433  2805.342728    -2.767995    -1.435094     6.739043 14794901.622505     0.517100     5.000000   -38.282229   180.000000  -135.000000
36618.566040 21261.962507  2497.853831    -0.729722     1.529628    -0.174165 42378606.154429     0.005100    12.480000   -39.690029     0.000000    45.000000
35897.886991 -22123.911031     0.000000     1.612547     2.617568     0.000000 42378606.154429     0.005100    12.480000   -39.690029     0.000000    45.000000
35891.478420 -22117.356056    13.112133     1.614214     2.617330     0.003075 43243605.986654     0.063400    13.490000   -36.060018    -0.000000  -135.000000
35525.159260 -21758.008626     5.754943     1.119466     1.283655    -0.155749 43243605.986654     0.063400    13.490000   -36.060018    -0.000000  -135.000000
36093.520643 -22262.882155   -88.428986     1.729220     2.540591     0.504411 42798405.974823     0.017100    11.950000   -40.980019  -180.000000  -135.000000
35577.689727 -21821.657712   -85.532323     1.633452     2.559709    -0.064999 42798405.974823     0.017100    11.950000   -40.980019  -180.000000  -135.000000
46584.483562 -11741.471710  3161.363978     1.131169     2.264407     0.855607 43804105.860444     0.042500    14.200000   -32.320032  -180.000000  -135.000000
 5938.416023  4930.412882  3357.798306    -3.205564     2.259511     6.934052 43804105.860444     0.042500    14.200000   -32.320032  -180.000000  -135.000000
 4767.334517  4377.129648  3141.374044    -1.461789    -3.144878     6.609306 42158806.081615     0.007300     5.540000    60.249993    -0.000000    45.000000
-50334.711473  7932.641954  6440.670773    -0.685348    -2.614374    -0.032646 42158806.081615     0.007300     5.540000    60.249993    -0.000000    45.000000
-36179.945612 -19282.398612 -8157.027071     1.505802    -2.680864    -0.440782 42165906.048955     0.000200     0.080000    80.759966  -180.000000  -135.000000
34502.118045 22558.581881  8716.032455    -1.726375     2.549045     0.207356 42165906.048955     0.000200     0.080000    80.759966  -180.000000  -135.000000
35306.215675 23018.400033  8837.610633    -1.683871     2.481061     0.471194 44009305.778057     0.058400    16.440000   -24.310006  -180.000000  -135.000000
37534.048559 18915.081254  7864.586751    -1.416593     2.645200     0.502793 44009305.778057     0.058400    16.440000   -24.310006  -180.000000  -135.000000
15129.598191 -5990.137575  3418.535328    -1.618398     3.263180     2.555479 18621500.979441     0.635200     5.970000   -44.050000     0.000000  -135.000000
20097.997798 -4752.841915  4151.610168     0.245600     1.958040     2.380485 18621500.979441     0.635200     5.970000   -44.050000     0.000000  -135.000000
42426.157090  -833.150185 -3117.572226     0.064801     3.058845     0.051072 42582206.458105     0.023700     8.900000   -56.390033    -0.000000    45.000000
42626.810063  -730.303573 -2939.476976     0.179934     3.046389     0.103531 42582206.458105     0.023700     8.900000   -56.390033    -0.000000    45.000000
28871.018746  -818.752248  -925.825200     1.144079     2.248630     0.231039 42623906.153649     0.002800    15.380000     1.529968     0.000000    45.000000
42278.018203  3732.772098 -3023.432515    -0.262917     3.047627     0.074831 42623906.153649     0.002800    15.380000     1.529968     0.000000    45.000000
40432.282584  3453.486487 -2585.583233    -0.083118     3.043274     0.637631 41197005.833701     0.008000     6.160000   -53.850022   180.000000  -135.000000
-33766.623423 -21206.225696  2459.785135    -0.002508    -2.055343     0.215944 41197005.833701     0.008000     6.160000   -53.850022   180.000000  -135.000000
30890.516052  2257.066050 -1051.542054    -2.173482     2.097219     0.370721 41573206.024771     0.025200    13.520000   -26.770024  -180.000000    45.000000
15622.341833  3345.908473  1483.485010    -2.405034     2.048887    -3.318554 41573206.024771     0.025200    13.520000   -26.770024  -180.000000    45.000000
35859.002203 -22194.497618   -17.724519     1.618263     2.613753    -0.001714 42166406.022457     0.000100     0.010000   -90.200025    -0.000000    45.000000
36059.229156 -22358.605475  -203.139255     1.616242     2.604403    -0.007730 42166406.022457     0.000100     0.010000   -90.200025    -0.000000    45.000000
36012.158453 -22225.659627  -307.296306     1.591306     2.523311    -0.032074 42165906.148348     0.000200     0.040000   114.619980   180.000000    45.000000
29726.502263 -17380.374581   411.299064     1.882221     2.993384    -0.108014 42165906.148348     0.000200     0.040000   114.619980   180.000000    45.000000
36153.540929 -22849.884971  -430.440521     1.591568     2.544769    -0.017732 42165706.111289     0.000100     0.050000    97.259966     0.000000  -135.000000
35784.436931 -22324.681270  -437.667901     1.621603     2.508543    -0.012850 42165706.111289     0.000100     0.050000    97.259966     0.000000  -135.000000
35838.470102 -22073.127119  -304.542248     1.543316     2.538796     0.628560 42153006.027391     0.000600     0.000000    -0.000000     0.000000    45.000000
 7295.712490  2607.018262  2966.911373    -4.265402     1.764932     5.343229 42153006.027391     0.000600     0.000000    -0.000000     0.000000    45.000000
-11361.979119 -6519.555018  2880.537715     5.520180    -2.658104    -1.890146 23759002.824265     0.584300     5.780000   148.719417     0.000000  -135.000000
38488.644522 17258.727571  7782.545268    -1.321519     2.677671     0.470152 23759002.824265     0.584300     5.780000   148.719417     0.000000  -135.000000
38649.698405 17078.535957  7576.101196    -1.262017     2.712985     0.568674 42741006.118899     0.010700     7.380000   -54.860032   180.000000  -135.000000
15418.679013  8361.047328  4469.888845    -3.206980     0.849013     2.244353 42741006.118899     0.010700     7.380000   -54.860032   180.000000  -135.000000
40152.605734 17981.044751  7820.743426    -1.213804     2.596090     0.536522 40896901.988516     0.023367     6.325843   -58.230038  -180.000000  -135.000000
38189.479899 17087.338034  7487.248738    -1.309863     2.715824     0.530810 40896901.988516     0.023367     6.325843   -58.230038  -180.000000  -135.000000
38571.165608 16690.079413  7485.482133    -1.252640     2.766952     0.187409 43712606.558256     0.026000    14.540000   -36.900006     0.000000    45.000000
38786.266763 16836.853211  7600.908588    -1.242590     2.718375     0.569085 43712606.558256     0.026000    14.540000   -36.900006     0.000000    45.000000
38031.191503 16604.850292  7402.609186    -1.316707     2.729900     0.493433 42316706.134646     0.003800    14.190000   -21.820010  -180.000000  -135.000000
39715.083500 12820.486013  7696.542132    -1.021145     2.832688     0.574761 42316706.134646     0.003800    14.190000   -21.820010  -180.000000  -135.000000
40487.535019 12918.647302  8087.905007    -0.874099     2.853445     0.298751 41838506.186798     0.017500    13.300000   -25.960034   180.000000    45.000000
 6279.965205 40712.657192  9490.733025    -3.019521     0.452214    -0.151591 41838506.186798     0.017500    13.300000   -25.960034   180.000000    45.000000
40832.923569   844.394324  5539.302915     0.336804     1.938781     0.415454 42844506.196815     0.006000    15.080000   -20.600003    -0.000000    45.000000
41958.193705   806.515681  5124.161980    -0.164839     2.972409     0.609463 42844506.196815     0.006000    15.080000   -20.600003    -0.000000    45.000000
 3968.768709 -7839.607310  1834.721090     4.224811    -0.591469    -5.232335 40905782.595232     0.014167     4.797520   -57.730023  -180.000000  -135.000000
40293.380912 -11848.401890  3276.811817     0.804437     2.901690     0.634658 40905782.595232     0.014167     4.797520   -57.730023  -180.000000  -135.000000
38240.673664 -11445.244582  2902.748217     0.889441     3.015288     0.230693 41330108.301919     0.016079     5.367903   -52.300000    -0.000000    45.000000
40820.530048 -9726.111484  3732.757970     0.647425     2.943452     0.621090 41330108.301919     0.016079     5.367903   -52.300000    -0.000000    45.000000
 7613.596132 -1297.748035  2730.955250     0.091445     6.263254     2.314807 40007005.565754     0.015800     5.240000   -61.220041  -180.000000  -135.000000
41992.509882  6656.297928 -1362.372406    -0.458764     3.024435     0.018501 40007005.565754     0.015800     5.240000   -61.220041  -180.000000  -135.000000
40744.500093 10860.764170   -29.423466    -0.791617     2.970814     0.000068 42410506.072465     0.002700    14.810000   -12.270032   180.000000  -135.000000
40800.133513 10646.009836    -1.150525    -0.776263     2.974978    -0.000530 42410506.072465     0.002700    14.810000   -12.270032   180.000000  -135.000000
 6056.668326 40344.639637  9054.189869    -0.666373    -0.102928    -1.881262 42435606.079533     0.012700     8.930000   -56.590013  -180.000000  -135.000000
21563.174716  5234.034734  1425.055410     2.283285     3.762317     0.344139 42435606.079533     0.012700     8.930000   -56.590013  -180.000000  -135.000000
42057.117269  6147.557773 -2208.907063    -0.436284     3.027033     0.083219 41504005.803505     0.025300    12.860000   -26.570014   180.000000  -135.000000
28427.889239  4505.547557  -506.287889    -2.596209     1.992309     0.380033 41504005.803505     0.025300    12.860000   -26.570014   180.000000  -135.000000
12045.448387  2879.123251  1973.986571    -3.403481     4.017851     1.157810 42404102.433151     0.510700     7.470000   -50.450061  -180.000000  -135.000000
 4879.703493  5897.489461  2614.975929    -2.182561    -1.087038     6.630144 42404102.433151     0.510700     7.470000   -50.450061  -180.000000  -135.000000
19011.105851 14194.785184   -22.704031    -3.698846     0.779917     0.389105 42224105.888477     0.012400    14.090000   -22.360007  -180.000000  -135.000000
 7515.521249  5365.563578  2249.387870    -1.237240     4.174006     5.490493 42224105.888477     0.012400    14.090000   -22.360007  -180.000000  -135.000000
-9981.480358 -40967.340856   -41.505357     2.987214    -0.727818    -0.001099 42109705.608769     0.071700    13.770000   -28.750000    -0.000000  -135.000000
-9993.235721 -40954.357786   -16.897038     2.987518    -0.729587     0.001036 42109705.608769     0.071700    13.770000   -28.750000    -0.000000  -135.000000
-9937.468812 -40970.341371    67.105739     2.988371    -0.725150    -0.018136 43207305.904907     0.026100    15.710000   -30.250003  -180.000000  -135.000000
-33747.095941 -24476.590160 -5170.457858     1.858526    -2.501979     0.005234 43207305.904907     0.026100    15.710000   -30.250003  -180.000000  -135.000000
-9942.919701 -40963.350564     8.975985     2.988597    -0.726192    -0.002603 42033606.016299     0.007300    11.760000   -41.420034    -0.000000  -135.000000
 3091.882497 -5917.830589  2612.841459     0.137890    -3.014440    -6.821506 42033606.016299     0.007300    11.760000   -41.420034    -0.000000  -135.000000
-1186.019864 -39657.401523  -483.934769     3.180716    -0.226516    -0.034018 42165306.043524     0.000600    15.060000     3.309987  -180.000000  -135.000000
10568.145336 -10621.351379  1487.036441    -0.702220     3.667881     4.909589 42165306.043524     0.000600    15.060000     3.309987  -180.000000  -135.000000
38002.475303 18082.495736  7689.579025    -1.385932     2.695501     0.179006 41416905.655553     0.022400    12.360000   -29.780007  -180.000000  -135.000000
37433.996515 17863.670789  7711.533877    -1.406524     2.685137     0.456251 41416905.655553     0.022400    12.360000   -29.780007  -180.000000  -135.000000
38875.762388 16448.309393  7603.800308    -1.209016     2.774805     0.204857 43143706.015113     0.032000     8.510000   -55.510012    -0.000000  -135.000000
38725.587247 16356.042751  7557.539464    -1.271054     2.710613     0.415907 43143706.015113     0.032000     8.510000   -55.510012    -0.000000  -135.000000
39561.285447 14904.436758  7360.147023    -1.150574     2.748116     0.503318 42338606.035551     0.004900    12.940000   -32.660007  -180.000000  -135.000000
39035.224271 14787.036290  7207.438228    -1.164900     2.770595     0.488755 42338606.035551     0.004900    12.940000   -32.660007  -180.000000  -135.000000
29242.772147 30828.164777  8727.913541    -2.158845     2.087446     0.019236 42165606.029196     0.000200     6.840000    52.799986  -180.000000    45.000000
-24051.880413 34632.757746    -9.727617    -2.525350    -1.753814    -0.000805 42165606.029196     0.000200     6.840000    52.799986  -180.000000    45.000000
-23050.447351 33037.815194   293.227586    -2.523432    -1.853477    -0.514861 43003106.295265     0.004400     8.110000    66.730000   180.000000    45.000000
-22787.766067 32235.843622   227.290283    -2.550104    -1.945558     0.030663 43003106.295265     0.004400     8.110000    66.730000   180.000000    45.000000
-25586.948331  -510.020439  -538.252962    -2.480288    -2.720653    -0.452311 42541606.006492     0.018800    11.430000   -43.070010    -0.000000  -135.000000
-23907.580242 34310.534214   -28.441972    -2.496582    -1.799168    -0.401224 42541606.006492     0.018800    11.430000   -43.070010    -0.000000  -135.000000
12673.594371 39743.706649  7402.199189    -2.908112     0.831968     0.508631 24795904.823943     0.708600     2.060000    31.989470     0.000000  -135.000000
14829.092885 45177.923042  8518.162669    -2.319925    -0.305181    -0.759109 24795904.823943     0.708600     2.060000    31.989470     0.000000  -135.000000
-36875.847644 14909.230181 -2961.251980    -1.128351    -2.909605    -0.166611 45847807.653737     0.075600    16.220000     0.879975    -0.000000    45.000000
-40778.387884 11672.136420 -3582.436655    -0.821572    -2.937241    -0.314882 45847807.653737     0.075600    16.220000     0.879975    -0.000000    45.000000
-39104.364890 11348.682853 -3371.387898    -0.831910    -2.991305    -0.543735 42813206.006995     0.012600     5.670000    60.469997     0.000000  -135.000000
-6736.973523  2061.128338  2750.207863    -2.275823     1.948304    -6.550428 42813206.006995     0.012600     5.670000    60.469997     0.000000  -135.000000
-42275.532925  3621.094186 -5588.453218    -0.148190    -2.991338    -0.543947 15543801.510332     0.562000     7.140000   156.808572    -0.000000  -135.000000
-12167.152003  1086.944001  1455.785471     0.014156    -4.424350    -1.920349 15543801.510332     0.562000     7.140000   156.808572    -0.000000  -135.000000
-19963.962508  5407.047607   734.392730    -0.870620    -2.936784     0.206759 24133700.676693     0.696000     6.920000    73.649101     0.000000  -135.000000
-44511.998757 -3178.168055 -4035.619559     0.272858    -2.833285    -0.723795 24133700.676693     0.696000     6.920000    73.649101     0.000000  -135.000000
-7630.956858   -83.033203  2678.698439    -2.147974    -2.053218    -6.309013 43306806.206108     0.023300     6.500000   -53.110025   180.000000  -135.000000
-36335.671662 12784.469050 -1802.590002    -1.113397    -3.036338    -0.602426 43306806.206108     0.023300     6.500000   -53.110025   180.000000  -135.000000
-38281.599489 13366.797684 -2181.978385    -1.160055    -1.442185    -0.239160 41465505.926314     0.010900     4.980000   -50.580007  -180.000000  -135.000000
-6085.250906 -3896.003363  2566.066949    -2.079670    -1.287206    -6.804795 41465505.926314     0.010900     4.980000   -50.580007  -180.000000  -135.000000
-34918.263563 -23148.491872  1401.603244     1.649078    -2.563389    -0.159092 41043205.719023     0.015300     5.650000   -55.790037  -180.000000  -135.000000
-4481.606951 -4738.834498  2950.717572     1.102533     2.978825     6.876510 41043205.719023     0.015300     5.650000   -55.790037  -180.000000  -135.000000
-28870.504925 -28450.950209  2069.074246     2.166120    -2.337165    -0.498415 41290105.937601     0.019000     4.400000   -52.530026   180.000000  -135.000000
-4086.854368 -6019.473196  2928.659969    -2.140992    -0.978654    -6.825708 41290105.937601     0.019000     4.400000   -52.530026   180.000000  -135.000000
-32670.854607 -19156.992703  2929.251002     1.647843    -2.885065    -0.378400 41420005.591326     0.035900     7.200000   -56.270007  -180.000000  -135.000000
-33549.914435 12533.713993 -2624.236030    -0.003454    -2.081740    -0.120696 41420005.591326     0.035900     7.200000   -56.270007  -180.000000  -135.000000
-28509.006312  4130.685756  2364.443125     1.190829    -3.366615    -0.387755 19994806.287397     0.647263     6.217760   126.228905    -0.000000  -135.000000
-17992.059573  8561.442743   151.609141    -1.366253    -1.814652     2.296076 19994806.287397     0.647263     6.217760   126.228905    -0.000000  -135.000000
-37755.205382 13497.391276 -3709.188344    -0.966141    -1.454022    -0.223325 22079201.163550     0.694100     8.670000   114.908790     0.000000  -135.000000
-38784.227337 11918.903198 -2608.175747    -0.754644    -3.006438    -0.215163 22079201.163550     0.694100     8.670000   114.908790     0.000000  -135.000000
-22062.875427  8552.500707    73.511881    -1.165122    -2.509800     0.200724 29926004.115935     0.521000    11.400000  -128.970209  -180.000000  -135.000000
-12305.546411  6623.050191   759.243963     1.565070    -5.610924     2.253446 29926004.115935     0.521000    11.400000  -128.970209  -180.000000  -135.000000
-41431.955828 10912.128725 -4841.050460    -0.647116    -2.914766    -0.294699 43151006.489656     0.021500    14.070000   -34.710031     0.000000    45.000000
-36013.348007 16137.852529 -2542.212838    -1.252701    -2.918288    -0.253353 43151006.489656     0.021500    14.070000   -34.710031     0.000000    45.000000
-39099.565327 17250.840246 -3000.081016    -1.168470    -2.799368    -0.348064 42410506.009386     0.002700    14.810000   -12.270006   180.000000  -135.000000
-36061.309720 15997.536940 -2449.616255    -1.241849    -2.925066    -0.235771 42410506.009386     0.002700    14.810000   -12.270006   180.000000  -135.000000
-38635.347172 11943.327473 -3928.980140    -0.727076    -1.533662    -0.199424 40505505.700202     0.025500     5.230000   -63.240008  -180.000000  -135.000000
-19001.091344 -12409.913000  1148.121985     3.656779    -2.646187    -0.978818 40505505.700202     0.025500     5.230000   -63.240008  -180.000000  -135.000000
-38896.354838 11352.319483 -4003.463922    -0.639354    -1.560021    -0.190449 41760706.152519     0.007300     6.190000   -47.430018     0.000000    45.000000
-6594.964782  3461.450700  2625.393484     2.345534     0.286042     6.569156 41760706.152519     0.007300     6.190000   -47.430018     0.000000    45.000000
-37808.007361 12975.386943 -3806.846009    -0.962127    -2.946277    -0.544453 42237806.049092     0.019700     6.230000   -42.530034    -0.000000  -135.000000
-39546.799702 14323.057812 -3692.584322    -0.991873    -2.860522    -0.459286 42237806.049092     0.019700     6.230000   -42.530034    -0.000000  -135.000000
-40861.547381 14734.593178 -3527.388201    -1.005087    -2.749388    -0.682498 20983402.824374     0.681300     8.760000   -96.550811    -0.000000  -135.000000
-40552.470597  9128.978219 -3469.850554    -0.615631    -2.968194    -0.621204 20983402.824374     0.681300     8.760000   -96.550811    -0.000000  -135.000000
-35273.009429  7963.359793 -2513.919598    -0.826069    -3.323294    -0.024549 41511905.960886     0.002500     5.640000   -50.060029  -180.000000  -135.000000
-40819.669885  9344.848970 -4193.448525    -0.610115    -2.993932    -0.324888 41511905.960886     0.002500     5.640000   -50.060029  -180.000000  -135.000000
-13443.287816  4019.650534  1358.107020    -5.100252    -3.664327     0.827979 39846241.265495     0.041999     4.801936   -74.460008  -180.000000  -135.000000
-6607.279136  1394.113027  2780.335725    -2.417806     1.784567    -6.721618 39846241.265495     0.041999     4.801936   -74.460008  -180.000000  -135.000000
