           X            Y            Z           Vx           Vy           Vz       a (km)            e      i (deg)         RAAN        omega           nu
================================================================================================================================================
21805.248419 35050.908075  5019.015576    -2.617855     1.657348    -0.072878 41670206.745586     0.005400     7.070000   -43.270004     0.000000    45.000000
21527.069227 35225.499910  5011.133665    -2.630585     1.636702    -0.075825 41670206.745586     0.005400     7.070000   -43.270004     0.000000    45.000000
-2540.822117  7268.931919  3247.846937    -3.528296     1.170784    -5.535111 41670206.058206     0.005400     7.070000   -43.270021     0.000000    45.000000
-31268.216137 -28395.302387  -133.379925     2.029292    -2.222498    -0.609468 41670206.058206     0.005400     7.070000   -43.270021     0.000000    45.000000
-25882.449468 -22670.055262   655.590806     2.858985    -0.209343     0.294376 42201205.844360     0.002200    11.450000    41.349890    -0.000000  -135.000000
-30962.303139 -28621.244780     0.000000     2.087572    -2.257503     0.000000 42201205.844360     0.002200    11.450000    41.349890    -0.000000  -135.000000
-8884.443575 -3542.269974  2603.290898     5.547828    -2.350361     3.907112 26821302.152623     0.725400     9.320000  -145.452559   180.000000  -135.000000
-6779.804621 -1103.950054  2849.054174    -2.772610    -0.414994    -6.769161 26821302.152623     0.725400     9.320000  -145.452559   180.000000  -135.000000
-17061.096919 -12321.168527  1714.897850     2.543534    -4.452193    -0.112583 42168006.073229     0.000200     0.000000     0.000000     0.000000    45.000000
-30289.344808 -29340.548299     1.446293     2.139037    -2.208124     0.001068 42168006.073229     0.000200     0.000000     0.000000     0.000000    45.000000
-30403.254818 -29243.956671    43.844167     2.130160    -2.215107    -0.000393 34808129.973215     0.404859     4.978382   105.139876     0.000000    45.000000
-30117.375941 -29511.995667    -0.394320     2.151628    -2.196182     0.000536 34808129.973215     0.404859     4.978382   105.139876     0.000000    45.000000
-22748.038331 -20224.864579   928.018329     3.045246    -0.313932    -0.354278 42165906.026237     0.000100     0.020000  -141.550147   180.000000  -135.000000
-15877.138312 15595.130803  4304.566123    -0.314649    -4.061712    -1.282770 42165906.026237     0.000100     0.020000  -141.550147   180.000000  -135.000000
-6490.108478 -1278.753870  2906.198745    -2.216986    -3.252780    -6.286402 42164406.041022     0.000500     0.060000   126.859928    -0.000000  -135.000000
-28849.457763 -27558.640218   403.070003     2.200888    -2.288561    -0.048662 42164406.041022     0.000500     0.060000   126.859928    -0.000000  -135.000000
-14266.393107 -10932.978972  1929.288053    -0.135224    -4.736530     0.431215 42165206.027064     0.000100     0.010000  -132.510280  -180.000000  -135.000000
-6511.680493 -1169.229118  2893.909002     2.489576     1.698296     7.033536 42165206.027064     0.000100     0.010000  -132.510280  -180.000000  -135.000000
-29574.251200 -30050.451555     0.000000     2.191680    -2.156659     0.000000 23896101.977793     0.703800     7.550000    54.938448    -0.000000  -135.000000
-29426.603547 -30198.687575    38.668141     2.202054    -2.145760    -0.004566 23896101.977793     0.703800     7.550000    54.938448    -0.000000  -135.000000
-29353.134676 -30289.932710     0.000000     2.207220    -2.139045     0.000000 23548003.676777     0.660300    17.490000    -6.620393  -180.000000  -135.000000
-29638.480434 -30024.508551   -41.396610     2.187360    -2.158276    -0.002236 23548003.676777     0.660300    17.490000    -6.620393  -180.000000  -135.000000
-29591.772454 -30055.184569    -6.655067     2.190337    -2.156395     0.000229 40276205.869901     0.010000     1.050000    77.139856   180.000000    45.000000
-29624.679053 -30005.970759    -9.839636     2.187920    -2.160117    -0.001441 40276205.869901     0.010000     1.050000    77.139856   180.000000    45.000000
-37060.740077 27618.851814  4439.199052    -1.837631    -2.059595    -0.797976 18573202.811246     0.634500     6.360000   143.096425    -0.000000  -135.000000
-29461.292974 -30177.048108    32.097686     2.199557    -2.147428    -0.002938 18573202.811246     0.634500     6.360000   143.096425    -0.000000  -135.000000
-29736.365915 -29895.937794    -0.300056     2.179621    -2.168398     0.000536 42165506.054274     0.000100     0.000000     0.000000     0.000000    45.000000
-29568.711219 -30060.372293     0.000000     2.191579    -2.156560     0.000000 42165506.054274     0.000100     0.000000     0.000000     0.000000    45.000000
-26677.583627 -26949.296775   650.137244     2.140495    -0.434573    -0.259322 42165006.051458     0.000000     0.100000    77.439782   180.000000    45.000000
-28306.206175 -28587.374014    52.676369     2.226312    -2.226514    -0.078471 42165006.051458     0.000000     0.100000    77.439782   180.000000    45.000000
-27499.496830 -27890.473556   182.089392     2.512344    -1.935169     0.027743 42166606.089473     0.000300     0.000000     0.000000     0.000000  -135.000000
-28616.471405 -30986.861444     0.000000     2.258020    -2.085347     0.000000 42166606.089473     0.000300     0.000000     0.000000     0.000000  -135.000000
-28339.401747 -31232.449590     3.363359     2.276697    -2.065518    -0.002132 42165506.002263     0.000600     0.070000    -8.060086     0.000000  -135.000000
-28613.103184 -30988.262758    -6.550787     2.258358    -2.085057     0.000245 42165506.002263     0.000600     0.070000    -8.060086     0.000000  -135.000000
-28319.218047 -31236.947922     0.000000     2.278156    -2.064971     0.000000 42165506.109824     0.000300     0.010000   -69.860284   180.000000  -135.000000
-39650.935198 14464.496725  5891.206083    -1.116064    -2.763726    -0.684124 42165506.109824     0.000300     0.010000   -69.860284   180.000000  -135.000000
-28522.838916 -31054.529238     4.517334     2.264632    -2.079593     0.001021 42166106.054907     0.000000     0.030000    18.899912  -180.000000    45.000000
-28303.015596 -31264.460195   -45.329627     2.278735    -2.063361    -0.001786 42166106.054907     0.000000     0.030000    18.899912  -180.000000    45.000000
-29158.061641 -31773.980498   162.304573     2.215088    -2.026288    -0.475365 44719606.019887     0.069100    17.420000   -18.870027     0.000000  -135.000000
-28460.644240 -31110.820186    56.036954     2.269443    -2.074474    -0.003480 44719606.019887     0.069100    17.420000   -18.870027     0.000000  -135.000000
-28589.493918 -30993.506594     0.000000     2.259605    -2.085147     0.000000 42165306.054201     0.000200     0.070000    84.219812    -0.000000  -135.000000
-28372.802689 -31151.879177     0.000000     2.273424    -2.072473     0.000000 42165306.054201     0.000200     0.070000    84.219812    -0.000000  -135.000000
-25522.838286 -27148.213517   513.578349     2.243802    -0.327666    -0.261652 42165206.156545     0.000100     0.010000  -132.510000  -180.000000  -135.000000
-17014.356659 -16471.097514  1544.815768     3.472882    -0.547586    -0.093542 42165206.156545     0.000100     0.010000  -132.510000  -180.000000  -135.000000
-13241.248719 -12018.798237  1901.947454     0.855907    -4.171274     0.124750 42168006.036972     0.000200     0.000000     0.000000     0.000000    45.000000
-10395.664404 -40871.665423     7.310156     2.979186    -0.757708     0.000063 42168006.036972     0.000200     0.000000     0.000000     0.000000    45.000000
-38340.781358 14043.335816  6002.366951    -0.531370    -1.594142    -0.047217 24632200.564774     0.709000     7.510000    52.762905    -0.000000  -135.000000
-8603.690661 -26251.800431   868.961458     2.006442    -0.703441    -3.123487 24632200.564774     0.709000     7.510000    52.762905    -0.000000  -135.000000
-10583.579971 -40823.836039     2.577805     2.975637    -0.771462    -0.001599 40279305.537043     0.005100     1.430000    48.289788   180.000000    45.000000
-10407.772263 -40867.797506    -1.886107     2.979135    -0.758295     0.000519 40279305.537043     0.005100     1.430000    48.289788   180.000000    45.000000
-10484.861540 -40853.698104    -2.647001     2.977536    -0.762883    -0.004287 38714705.395576     0.122200     0.600000  -160.950394   180.000000  -135.000000
-10193.006404 -40921.334046   -21.421997     2.983089    -0.742659     0.001472 38714705.395576     0.122200     0.600000  -160.950394   180.000000  -135.000000
-10290.645462 -40897.799020    23.919350     2.981281    -0.749752    -0.001252 42166606.096432     0.000300     0.000000     0.000000     0.000000  -135.000000
-10467.681299 -40847.074994     0.000000     2.978316    -0.763239     0.000000 42166606.096432     0.000300     0.000000     0.000000     0.000000  -135.000000
-10554.369498 -40823.656136  -195.391747     2.976607    -0.769064    -0.037063 42165406.144410     0.000200     0.040000    54.339815    -0.000000  -135.000000
-10419.326536 -41156.988048  -435.536944     2.964205    -0.749041    -0.196823 42165406.144410     0.000200     0.040000    54.339815    -0.000000  -135.000000
-10307.342041 -40901.877212  -263.377889     2.982041    -0.753103     0.018742 42165506.092905     0.000300     0.010000   -69.860040   180.000000  -135.000000
-31757.877080 27025.442260  5754.206350    -2.022254    -2.229627    -0.652884 42165506.092905     0.000300     0.010000   -69.860040   180.000000  -135.000000
-10546.931539 -41754.581468   -91.993567     2.918606    -0.764244    -0.357071 42164506.134905     0.000100     0.000000     0.000000     0.000000    45.000000
-5316.647101 -5637.667318  2776.817884    -0.938901    -2.387177    -6.440121 42164506.134905     0.000100     0.000000     0.000000     0.000000    45.000000
-6552.295024 -13520.166591  2071.411459     2.340705    -5.513068     0.545262 42609206.174190     0.001900    15.260000    10.729994     0.000000  -135.000000
-9047.414690 -32158.596747   664.443010     2.427629     1.100908     0.259390 42609206.174190     0.001900    15.260000    10.729994     0.000000  -135.000000
-10677.000607 -41992.596231  -183.152151     2.919104    -0.726848    -0.370678 42165806.070149     0.000100     0.020000  -150.440082   180.000000    45.000000
-10312.097187 -41436.128346   -65.408221     2.940955    -0.761854    -0.353122 42165806.070149     0.000100     0.020000  -150.440082   180.000000    45.000000
-10633.246751 -40797.961762     0.000000     2.975718    -0.775226     0.000000 42165706.093842     0.000200     0.070000   -13.770208   180.000000  -135.000000
-10713.999714 -41434.626144   -20.227885     2.943316    -0.760258    -0.354416 42165706.093842     0.000200     0.070000   -13.770208   180.000000  -135.000000
-10268.919785 -40469.372519  -264.424068     2.983193    -0.795722    -0.385923 43105005.798744     0.002200     9.000000    48.819903    -0.000000  -135.000000
-10471.845624 -41004.590546  -127.224563     2.958790    -0.779601    -0.367509 43105005.798744     0.002200     9.000000    48.819903    -0.000000  -135.000000
-7062.428529    42.988058  3232.687701    -2.945621    -0.999978    -6.456584 42167306.055292     0.000400     0.100000    97.139870  -180.000000    45.000000
-10375.436382 -41643.362145  -300.528899     2.932340    -0.743701    -0.383816 42167306.055292     0.000400     0.100000    97.139870  -180.000000    45.000000
-7582.389444 -22361.492740  1291.196653     3.465163     1.405014     0.380994 42168006.126672     0.000200     0.000000     0.000000     0.000000    45.000000
-10319.161856 -41657.326769  -267.039666     2.933803    -0.740527    -0.378643 42168006.126672     0.000200     0.000000     0.000000     0.000000    45.000000
-5373.094837 -5737.394034  2747.741949     0.909593    -3.278578    -5.795148 42153006.128987     0.000600     0.000000     0.000000     0.000000    45.000000
-10472.894822 -41514.386019  -161.923612     2.906195    -0.791836    -0.362347 42153006.128987     0.000600     0.000000     0.000000     0.000000    45.000000
-9447.236113 -41097.063863     9.184167     2.996278    -0.688554     0.000839 24632201.139341     0.709000     7.510000    52.768832    -0.000000  -135.000000
-9679.130022 -41058.776090    33.901852     2.991333    -0.704639    -0.002064 24632201.139341     0.709000     7.510000    52.768832    -0.000000  -135.000000
-9142.238994 -41165.523197     3.678666     3.001219    -0.666723     0.000465 18781201.567743     0.637400     3.840000   147.686887  -180.000000  -135.000000
-5658.408916 -14335.900480  2136.916149     3.262821     2.523173    -4.383587 18781201.567743     0.637400     3.840000   147.686887  -180.000000  -135.000000
-9174.995287 -41148.717048  -344.882901     2.997410    -0.667568    -0.158413 15224001.494274     0.532900     6.290000   117.009469    -0.000000  -135.000000
-8872.494941  1809.984973  3459.118264     0.156005    -4.549500    -5.791915 15224001.494274     0.532900     6.290000   117.009469    -0.000000  -135.000000
-8461.293106 -31880.937688   725.728440     2.450839     1.184960     0.257637 42164606.010890     0.000200     0.010000   172.439822  -180.000000  -135.000000
-9206.342605 -40353.742321    83.468864     1.934738     0.182384    -0.162986 42164606.010890     0.000200     0.010000   172.439822  -180.000000  -135.000000
-9537.136586 -39629.215574  -353.569836     3.033869    -0.715610     0.090871 24171400.575937     0.707800     8.470000    60.689049    -0.000000  -135.000000
-9565.408112 -42391.780126  -498.763529     2.909240    -0.661513    -0.383372 24171400.575937     0.707800     8.470000    60.689049    -0.000000  -135.000000
-9274.501489 -40372.475054  -140.072505     3.016735    -0.746254    -0.357892 42165005.888713     0.000200     0.030000    82.169925    -0.000000  -135.000000
-9466.104219 -40610.534138  -145.413589     3.007049    -0.734155    -0.359721 42165005.888713     0.000200     0.030000    82.169925    -0.000000  -135.000000
-9734.609214 -42272.450463  -430.253016     2.938376    -0.647760    -0.388283 42165705.988321     0.000200     0.010000   -89.440154   180.000000  -135.000000
-9439.225447 -41869.490647  -422.635024     2.948243    -0.676671    -0.383236 42165705.988321     0.000200     0.010000   -89.440154   180.000000  -135.000000
-4680.734714 -4799.087406  2849.794239     2.751486     1.330539     6.735617 42165306.132335     0.000500     0.080000    73.029874    -0.000000  -135.000000
-9539.913361 -42149.114473  -293.766847     2.935439    -0.672227    -0.366569 42165306.132335     0.000500     0.080000    73.029874    -0.000000  -135.000000
 1061.957728  7081.794522  3084.586561    -2.603776    -2.338416     6.254824 42165106.147357     0.000200     0.040000   -57.300267   180.000000  -135.000000
-8282.094516 -41343.610474    -1.582626     3.014731    -0.603921    -0.005365 42165106.147357     0.000200     0.040000   -57.300267   180.000000  -135.000000
-8119.231712 -41388.805635     0.000000     3.016362    -0.591263     0.000000 42166006.030715     0.000200     0.040000   130.209754  -180.000000  -135.000000
-8179.905269 -41374.207830    -3.826712     3.015662    -0.595597     0.000458 42166006.030715     0.000200     0.040000   130.209754  -180.000000  -135.000000
-8148.429110 -41375.673774     0.000000     3.016293    -0.594622     0.000000 42167006.077432     0.000000     0.000000     0.000000     0.000000    45.000000
-8630.703551 -46434.705314  -776.346786     2.794002    -0.410710    -0.375449 42167006.077432     0.000000     0.000000     0.000000     0.000000    45.000000
-8353.769167 -42281.184287  -534.096669     2.946032    -0.598723    -0.373859 42166306.055869     0.000100     0.740000    54.479969    -0.000000  -135.000000
-7531.505949 -36724.741826   113.465309     3.287215    -0.338560     0.068321 42166306.055869     0.000100     0.740000    54.479969    -0.000000  -135.000000
-6669.193276 -41639.710502   -13.164201     3.035639    -0.485700    -0.001920 42449105.896919     0.000300     3.730000    66.739807     0.000000  -135.000000
-7037.076310 -41583.600040    -3.652039     3.030943    -0.512287     0.000466 42449105.896919     0.000300     3.730000    66.739807     0.000000  -135.000000
-6638.808781 -41635.175306     0.000000     3.036563    -0.483998     0.000000 42228006.068030     0.001200     0.500000   -58.460173    -0.000000    45.000000
-4090.977453 13801.535542  3298.914527    -3.814604     2.056728    -2.397052 42228006.068030     0.001200     0.500000   -58.460173    -0.000000    45.000000
-6556.782474 -41661.290701   -51.342725     3.036609    -0.477930     0.000316 42176306.091812     0.002500    14.620000    -8.460033   180.000000    45.000000
-6379.249164 -41663.873196     0.000000     3.039626    -0.467252     0.000000 42176306.091812     0.002500    14.620000    -8.460033   180.000000    45.000000
-4192.333130 -14743.482957  2041.798538     3.165127    -5.003570     0.295872 42946806.015562     0.009300     6.750000    74.789870     0.000000  -135.000000
-4780.702200 -21228.444352  1552.959905     2.476632    -3.044235    -0.138462 42946806.015562     0.009300     6.750000    74.789870     0.000000  -135.000000
-6777.684694 -44626.122570  -648.911388     2.866863    -0.418027    -0.343211 24314307.830432     0.719100     7.850000   154.328107    -0.000000  -135.000000
-4651.214565 -17642.535825  1828.924160     3.027029    -2.007115     0.317118 24314307.830432     0.719100     7.850000   154.328107    -0.000000  -135.000000
-4085.777254 -15112.361456  1115.445357     5.224828     2.468342    -0.540231 23888501.461003     0.708900     8.270000  -113.578179   180.000000  -135.000000
-10184.474052 -36263.838018 -1154.268023     2.077461     0.631253    -0.123321 23888501.461003     0.708900     8.270000  -113.578179   180.000000  -135.000000
-15751.359546 -37069.236433 -10202.562195     2.828585    -1.262760    -0.036257 43270306.159355     0.004600     7.030000    73.769938    -0.000000  -135.000000
-3890.526367 -22614.708830  -126.680257     2.833675    -0.141170     0.382384 43270306.159355     0.004600     7.030000    73.769938    -0.000000  -135.000000
 4176.143738  4979.931941  3043.874419    -0.144079     3.963771    -6.354230 42789206.107324     0.009900     6.630000    75.269755   180.000000    45.000000
-16284.230372 29889.068399  3754.482707    -1.875304    -2.417091     0.345871 42789206.107324     0.009900     6.630000    75.269755   180.000000    45.000000
-9774.606113 -39494.595279 -3197.123524     3.003287    -0.865132     0.186475 42168006.097656     0.000200     0.000000     0.000000     0.000000    45.000000
-9807.459764 -40138.566018 -4013.851863     3.035624    -0.739381     0.145894 42168006.097656     0.000200     0.000000     0.000000     0.000000    45.000000
-9456.586346 -39184.230098 -3625.683676     3.044703    -0.725969     0.207747 43042605.478756     0.005700     6.650000    75.269959  -180.000000    45.000000
-1231.978037 -15173.841099    67.917109     4.219223     1.215911    -0.279100 43042605.478756     0.005700     6.650000    75.269959  -180.000000    45.000000
-7926.133291 -33402.328427 -5300.486627     3.355445    -1.155795     0.105755 42351006.260571     0.019100     7.130000    72.859833   180.000000    45.000000
-14557.698230 -38378.009631 -3763.434617     2.898871    -1.142564     0.138790 42351006.260571     0.019100     7.130000    72.859833   180.000000    45.000000
-9793.205024 -25584.194577 -1020.186875     2.445436     0.308509     1.136327 42677606.225768     0.011500     6.850000    74.239906   180.000000    45.000000
-9044.446396 -22132.915953  -463.820338     1.548145    -3.568459    -0.880072 42677606.225768     0.011500     6.850000    74.239906   180.000000    45.000000
-13056.901518 -39238.740790 -3535.879199     2.908320    -0.999271     0.171040 42970306.224224     0.005200     7.240000    72.849740   180.000000    45.000000
-13279.658505 -39589.917928 -3299.228922     2.907907    -0.948865     0.147579 42970306.224224     0.005200     7.240000    72.849740   180.000000    45.000000
 8500.621395 40288.479983 10829.578899    -2.986872     0.642316    -0.044141 20351802.112706     0.655400    10.750000  -125.470819   180.000000  -135.000000
-12142.454819 -39244.782584 -3641.878729     2.961455    -0.960624     0.156148 20351802.112706     0.655400    10.750000  -125.470819   180.000000  -135.000000
-9813.900986 -9129.146497 28521.785179     2.831466    -0.629967    -1.372334 42969506.271768     0.005300     7.140000    73.239794   180.000000    45.000000
-1172.527014 -6549.488808  2854.093431     0.521137    -3.040892    -6.752847 42969506.271768     0.005300     7.140000    73.239794   180.000000    45.000000
-10790.277714 -36376.982335 -4226.357249     1.025098     0.548905    -2.098188 42335606.024722     0.022300     6.860000    74.039873     0.000000  -135.000000
-8345.629048 -38270.071552 -3252.146540     3.111583    -0.665253     0.277319 42335606.024722     0.022300     6.860000    74.039873     0.000000  -135.000000
 -726.799278 -6729.622253  2770.990388     1.269232     2.638543     6.784301 42165905.831106     0.000100     0.020000  -141.550134   180.000000  -135.000000
-9692.643919 -40080.233969 -3494.673795     2.994201    -0.772812     0.185778 42165905.831106     0.000100     0.020000  -141.550134   180.000000  -135.000000
-10607.108591 -37496.176019 -2688.633072     3.077416    -0.905358     0.220360 42164405.938394     0.000500     0.060000   126.859945    -0.000000  -135.000000
10058.815646 -6326.814664  1185.634892     4.676104     1.016990    -3.851933 42164405.938394     0.000500     0.060000   126.859945    -0.000000  -135.000000
-34876.608620 23452.989651  -723.829188    -1.713549    -2.560456    -0.008637 42165206.085949     0.000100     0.010000  -132.510270  -180.000000  -135.000000
32125.196416 26577.110770  9930.989168    -1.982126     2.306146     0.244372 42165206.085949     0.000100     0.010000  -132.510270  -180.000000  -135.000000
-34088.941200 22935.739304  -378.004050    -1.809306    -2.447405    -0.582242 42164506.052719     0.000200     2.990000    68.419748   180.000000    45.000000
-7589.660620  1395.418095  2700.863344    -2.462426    -1.524823    -6.296508 42164506.052719     0.000200     2.990000    68.419748   180.000000    45.000000
-36121.046896 21477.010505  -729.256761    -1.569080    -2.651881    -0.005680 23888499.605408     0.708900     8.270000  -113.570299   180.000000  -135.000000
-25178.736990 13806.323878   512.656392     0.424429    -2.943111     0.118404 23888499.605408     0.708900     8.270000  -113.570299   180.000000  -135.000000
-24559.966728 13429.048614   508.687833     0.742907    -3.138216    -0.433208 25787100.505812     0.654100     5.010000    78.466573    -0.000000  -135.000000
-22065.064945 -2014.966482  3700.109653    -3.132940    -1.727408    -2.770520 25787100.505812     0.654100     5.010000    78.466573    -0.000000  -135.000000
-41827.385215   379.007666 -3422.124949     0.091970    -3.080468    -0.336694 40538495.978291     0.007300     1.740000   -86.940043   180.000000  -135.000000
-40639.039275   213.163353 -3454.495695     0.006222    -3.104671    -0.222767 40538495.978291     0.007300     1.740000   -86.940043   180.000000  -135.000000
-42090.692966    93.230244 -3561.290620     0.081487    -3.056831    -0.320438 42883805.923618     0.013800     7.350000    72.179853     0.000000  -135.000000
-13598.883584 -38888.735519 -1275.372945     2.853131    -1.087934     0.133653 42883805.923618     0.013800     7.350000    72.179853     0.000000  -135.000000
 5992.797076  9979.829059  4570.360908    -1.417262     2.221583     5.459981 42139406.261684     0.024000     6.570000    75.379874   180.000000    45.000000
-3486.990508 -6649.639071  2706.808644    -0.373840     2.679419     6.565377 42139406.261684     0.024000     6.570000    75.379874   180.000000    45.000000
-6773.846952 -26258.421351 -1619.795144     1.952968    -2.219703    -0.231068 42372506.287759     0.019200     6.630000    75.159726   180.000000    45.000000
-31073.650719 27755.830161  9328.937347    -2.027607    -2.228629    -0.280010 42372506.287759     0.019200     6.630000    75.159726   180.000000    45.000000
-6912.522121 -2474.082108  7931.448751     3.570297    -3.943030     0.961508 43456806.301299     0.008200     7.380000    72.639991  -180.000000    45.000000
-36003.000395 21145.157421  8385.824900    -1.553007    -2.574536    -0.405331 43456806.301299     0.008200     7.380000    72.639991  -180.000000    45.000000
-5941.940759 -2061.120550  4830.279385    -4.164980    -1.508827    -5.493876 42970306.160566     0.005200     7.240000    72.849861   180.000000    45.000000
-12791.176169 -4006.212823 14934.730855    -0.242285    -2.222484    -2.781598 42970306.160566     0.005200     7.240000    72.849861   180.000000    45.000000
-13953.758023  1011.007262  2469.841182    -3.154210    -1.999913    -5.219811 43121206.168364     0.004000     6.950000    74.049922     0.000000  -135.000000
-5885.542840 -2716.768906  2901.870596     2.260244     2.395003     6.747618 43121206.168364     0.004000     6.950000    74.049922     0.000000  -135.000000
-7268.182854 -2054.492191  2827.911653    -2.460694    -1.759188    -6.484731 42165005.879088     0.000000     0.100000    77.439983  -180.000000    45.000000
34139.395845 27837.984358 10441.212358    -1.860788     2.219336     0.272210 42165005.879088     0.000000     0.100000    77.439983  -180.000000    45.000000
-12141.878306 -40379.708593   -13.370298     2.944375    -0.885352    -0.000449 42166606.039390     0.000300     0.000000     0.000000     0.000000  -135.000000
-11842.339530 -40472.188734   -10.697912     2.950643    -0.863263    -0.002567 42166606.039390     0.000300     0.000000     0.000000     0.000000  -135.000000
-11821.489105 -40472.452423   -36.391686     2.951243    -0.862651     0.000396 42165505.882086     0.000300     0.010000   -69.860095   180.000000  -135.000000
-11802.591806 -40488.307659     2.071272     2.951214    -0.860184     0.001062 42165505.882086     0.000300     0.010000   -69.860095   180.000000  -135.000000
-11795.362174 -40505.180443   -33.803827     2.950609    -0.858466    -0.002834 42168005.916647     0.000200     0.000000     0.000000     0.000000  -135.000000
-12015.828086 -40420.500043    -4.233579     2.946867    -0.876210     0.000439 42168005.916647     0.000200     0.000000     0.000000     0.000000  -135.000000
-14624.134390 -38963.690270 -1383.702543     2.880440    -1.079024     0.082902 45498406.128656     0.052000     7.670000    72.459937    -0.000000  -135.000000
-15493.308092 -39212.236284 -1320.362600     2.842710    -1.111014    -0.360882 45498406.128656     0.052000     7.670000    72.459937    -0.000000  -135.000000
-13951.731153 -35974.626775  -726.953221     2.905733    -1.408969     0.158471 42775605.843974     0.010300     7.120000    73.129952     0.000000  -135.000000
-9092.545844 -24536.363978   485.647279     2.756777     0.188586    -0.224214 42775605.843974     0.010300     7.120000    73.129952     0.000000  -135.000000
  800.525893  6800.532921  3453.773660     0.418111     3.202772    -6.434569 38550405.873801     0.103100     1.220000  -109.760067     0.000000    45.000000
-6988.113598 -19552.952692  1279.799771     2.000029    -4.097269     0.699450 38550405.873801     0.103100     1.220000  -109.760067     0.000000    45.000000
-14793.922022 -39817.458340 -1628.758009     2.851707    -1.044745    -0.379711 42165406.014554     0.000200     0.040000    54.339833    -0.000000  -135.000000
-12278.589619 -40013.318569 -4001.938186     1.530549    -0.592525    -0.162326 42165406.014554     0.000200     0.040000    54.339833    -0.000000  -135.000000
-5921.029516 -23436.433216  -530.187140     3.452582     2.123692     0.464332 42165499.268049     0.000300     0.010000   -69.860023   180.000000  -135.000000
-12059.637055 -38968.589591 -3493.910171     3.014113    -0.953474     0.119622 42165499.268049     0.000300     0.010000   -69.860023   180.000000  -135.000000
-12187.581452 -39239.257056 -3693.795708     2.896351    -0.988648     0.238560 42164505.831210     0.000100     0.000000     0.000000     0.000000    45.000000
 1476.679959 -7089.015705  2787.722112     3.206313    -3.851154    -6.283767 42164505.831210     0.000100     0.000000     0.000000     0.000000    45.000000
-12597.489712 -32258.800896   383.438946     1.261980    -2.253985    -0.106484 42165705.926547     0.000200     0.070000   -13.770195   180.000000  -135.000000
-10886.997111 -40329.615316 -6045.728556     2.939165    -0.708604    -0.538177 42165705.926547     0.000200     0.070000   -13.770195   180.000000  -135.000000
-11714.500736 -39853.891869 -6937.893360     2.799770    -1.041875     0.316794 42153005.403579     0.000600     0.000000     0.000000     0.000000    45.000000
-13428.082735 12126.486394  3426.382203    -0.275241    -2.794608     2.388563 42153005.403579     0.000600     0.000000     0.000000     0.000000    45.000000
-7542.655321 -40919.665281 -5278.685415     2.988335    -0.561131     0.324641 24285706.740381     0.719500     8.140000   142.765792     0.000000  -135.000000
 3692.484395 -73882.695952  5508.395973     1.464977     0.112279     0.279484 24285706.740381     0.719500     8.140000   142.765792     0.000000  -135.000000
 5419.411273 -2619.146413  4193.322080     3.317721    -3.154671    -5.869631 18870701.999315     0.625900     7.050000   112.553739     0.000000  -135.000000
 5564.569329 -7110.091448  5281.966526     5.976875    -0.211149    -1.860909 18870701.999315     0.625900     7.050000   112.553739     0.000000  -135.000000
-18579.197855 -35642.183194 -9153.038380     2.933926    -1.370028    -0.052300 43571505.860835     0.036300     6.810000    74.449830     0.000000  -135.000000
-5201.212205 -6835.588948  1924.675694     0.972430    -4.994082    -5.084358 43571505.860835     0.036300     6.810000    74.449830     0.000000  -135.000000
-13700.213509 -39214.178846 -8283.597329     2.888638    -0.903136    -0.503439 13205900.829757     0.492100     6.610000  -164.655495  -180.000000  -135.000000
-4138.669692 -5348.044862  2591.298852     2.550653     1.312199     6.842058 13205900.829757     0.492100     6.610000  -164.655495  -180.000000  -135.000000
-13463.469437 -39035.121421 -7987.815516     2.895029    -1.045863     0.210882 23294806.649734     0.696100     5.400000   123.788979  -180.000000  -135.000000
-4131.025540 -5156.519749  2668.145909     0.061669    -3.464231    -6.629232 23294806.649734     0.696100     5.400000   123.788979  -180.000000  -135.000000
-35548.079567 23406.857854  5329.317715    -1.706903    -2.530113     0.109559 24267800.981972     0.710600     5.270000    54.909041     0.000000  -135.000000
-13044.096172 -38218.286297 -7884.570004     2.932983    -1.073031     0.180844 24267800.981972     0.710600     5.270000    54.909041     0.000000  -135.000000
-13146.255281 -38741.309401 -8223.136190     2.898720    -1.058793     0.186543 41563306.063507     0.020400    14.220000   -21.410003   180.000000  -135.000000
-8023.152232 -18812.397281 -1619.238375     1.696029    -4.062683    -1.641782 41563306.063507     0.020400    14.220000   -21.410003   180.000000  -135.000000
-7107.534921 -20790.623773 -2452.594461     1.856957    -3.643261    -1.598927 15016200.665985     0.537900     7.700000   -97.421243   180.000000  -135.000000
-11602.713728 -39810.838445 -8634.649037     2.936430    -0.753876    -0.471484 15016200.665985     0.537900     7.700000   -97.421243   180.000000  -135.000000
-11221.637032 -39278.289411 -8200.199067     2.955186    -0.910294     0.224685 28880902.896475     0.419900    11.530000    85.850000   180.000000  -135.000000
-8140.218035 -39784.186731 -8752.085998     3.146467    -0.559834     0.162409 28880902.896475     0.419900    11.530000    85.850000   180.000000  -135.000000
-7917.800451 -39344.500028 -8272.069292     3.128860    -0.752184     0.158331 40963105.915534     0.033200     5.740000   -52.480026  -180.000000    45.000000
-5306.592231 -22938.399894 -2160.142775     2.725178    -0.442834    -0.097537 40963105.915534     0.033200     5.740000   -52.480026  -180.000000    45.000000
-8602.681311 -40435.733086 -6879.499946     2.999146    -0.678402     0.301225 42313106.279092     0.019600     6.150000   -39.370013    -0.000000    45.000000
-35615.085760 21974.407402  3865.191438    -1.637526    -2.512366    -0.721515 42313106.279092     0.019600     6.150000   -39.370013    -0.000000    45.000000
10578.476715 -9873.033433  1018.051508     1.152721     6.164717    -0.056257 40437405.888883     0.008700     6.370000   -49.890004     0.000000  -135.000000
 5808.817142 -7790.261659  1965.669379    -0.963389    -0.551523     5.881671 40437405.888883     0.008700     6.370000   -49.890004     0.000000  -135.000000
 5867.594856 -7807.553833  1938.232400    -0.885944    -0.505961     5.891242 12076300.788354     0.429300     3.800000    89.209593    -0.000000  -135.000000
 5648.333548 -3431.182186  3351.764706     1.960721    -2.794180    -6.467907 12076300.788354     0.429300     3.800000    89.209593    -0.000000  -135.000000
41408.802330  9799.013830  5332.341876    -0.701659     2.871648     0.739827 38535206.832290     0.135100     9.140000   -29.680043  -180.000000    45.000000
41114.221912  9760.410634  5496.186448    -0.763439     2.873408     0.664287 38535206.832290     0.135100     9.140000   -29.680043  -180.000000    45.000000
-5093.201776 -5224.780957  2902.606625     2.738664     1.008239     6.481286 41466006.102279     0.010600     5.850000   -47.280029  -180.000000    45.000000
-14571.125391 -35517.175054  -487.507797     2.849225    -1.386543    -0.203636 41466006.102279     0.010600     5.850000   -47.280029  -180.000000    45.000000
-8510.915766 -20209.561004  1339.688938     1.669151    -4.091356    -0.137707 22867502.997300     0.686400    16.590000    64.039602     0.000000  -135.000000
-6025.339709 -13537.646077  2061.337348     2.689840    -4.832599     0.368207 22867502.997300     0.686400    16.590000    64.039602     0.000000  -135.000000
-34509.892203 25972.173473  5086.930377    -1.797172    -2.314820    -0.682344 41003105.829099     0.013200     5.850000   -51.840037   180.000000  -135.000000
-6968.225039 -13950.511422  1900.424779     5.719491     1.299247     0.008298 41003105.829099     0.013200     5.850000   -51.840037   180.000000  -135.000000
-16062.950894 -32236.934146  -273.271713     2.173486     0.137030     0.290199 41289805.720926     0.018800     5.270000   -49.610007     0.000000  -135.000000
22949.964951 -34498.276066 -9232.536010     2.546469     1.703540    -0.035880 41289805.720926     0.018800     5.270000   -49.610007     0.000000  -135.000000
  646.419258 -7707.160531  2091.813441     2.138632    -1.500950    -6.525396 42457006.065920     0.002800    14.760000   -15.280016    -0.000000  -135.000000
 -239.331059 -6551.873319  2554.467575    -1.423395    -2.620072    -6.940105 42457006.065920     0.002800    14.760000   -15.280016    -0.000000  -135.000000
10412.038162 -7462.636547  1060.198321     6.357936     2.186185     0.536604 41466006.084813     0.010600     5.850000   -47.280036  -180.000000    45.000000
29992.808650 -6698.187638 -3125.057884    -1.344903     2.565640     0.403099 41466006.084813     0.010600     5.850000   -47.280036  -180.000000    45.000000
 6264.260278 -3093.587723  2626.649284    -2.949475    -0.363194     6.804860 39538205.824507     0.012700     6.850000   -58.580042     0.000000    45.000000
14691.969082 -5275.000005   551.015161     3.014702     0.803148     3.906192 39538205.824507     0.012700     6.850000   -58.580042     0.000000    45.000000
39352.172771 -10952.665147 -5947.558241     0.884293     2.921723     0.564061 41233981.224825     0.010794     5.973862   -49.510007  -180.000000  -135.000000
 4629.758367 41176.075629  8758.462546    -3.029951     0.253812     0.406577 41233981.224825     0.010794     5.973862   -49.510007  -180.000000  -135.000000
-5999.978349  2679.254933  3069.547062     3.357818    -0.194205     6.524077 39579805.931801     0.014300     5.590000   -60.970000    -0.000000    45.000000
39150.688459 -10704.157194 -6276.867566     0.973854     2.929380     0.608854 39579805.931801     0.014300     5.590000   -60.970000    -0.000000    45.000000
23330.203125 -35080.148253 -1711.673899     2.560636     1.700176     0.079665 42078006.147633     0.002400     1.000000  -114.550003    -0.000000    45.000000
23106.549004 -34522.470473 -1537.896841     2.531383     1.703226     0.553231 42078006.147633     0.002400     1.000000  -114.550003    -0.000000    45.000000
23229.967111 -35109.556143 -1788.557292     2.622732     1.581776     0.652979 42891706.248768     0.000800    14.190000   -30.790009     0.000000    45.000000
23029.996779 -34697.930083 -1474.853673     2.530509     1.691189     0.547890 42891706.248768     0.000800    14.190000   -30.790009     0.000000    45.000000
13976.572956 -3038.082523   737.061378     4.422824     3.519684    -1.187254 40674505.788723     0.046400    10.830000   -36.690023     0.000000  -135.000000
36016.630796 -9288.664594 -5100.857091     1.383647     1.516959    -0.258576 40674505.788723     0.046400    10.830000   -36.690023     0.000000  -135.000000
 6523.993761  -805.667120  2730.152087    -2.761031    -1.064512     7.073154 42078006.157743     0.002400     1.000000  -114.550000    -0.000000    45.000000
17383.269964 -3980.438474   -66.107789     3.872883     3.018073     0.719292 42078006.157743     0.002400     1.000000  -114.550000    -0.000000    45.000000
38952.186783 -16351.549192 -1789.588329     1.177341     2.743969     0.849195 21088301.432634     0.666000     3.760000   135.499751   180.000000  -135.000000
-6471.113524   153.983932  3078.581122    -3.116044    -2.199634    -6.401876 21088301.432634     0.666000     3.760000   135.499751   180.000000  -135.000000
20756.643729 -6762.275029   669.192016     2.232904     2.403674     0.242648 22284001.920811     0.692300     9.390000   -22.360116    -0.000000  -135.000000
21957.144598 -3460.001514 -1784.926520     3.109306     2.972502    -0.672859 22284001.920811     0.692300     9.390000   -22.360116    -0.000000  -135.000000
 6517.808214  1118.598698  2704.735970     2.292290     2.648492    -6.605799 42476806.318007     0.032000     7.920000   -36.540020    -0.000000    45.000000
 5978.498027 11717.114774  5405.860753    -4.309259    -1.828796     2.092925 42476806.318007     0.032000     7.920000   -36.540020    -0.000000    45.000000
-16315.192158 -36340.585195 -4187.243974     2.857520    -1.323335     0.179232 40437405.771468     0.008700     6.370000   -49.890016     0.000000  -135.000000
-16556.620713 -37263.981557 -4637.236596     2.879445    -1.210212     0.157523 40437405.771468     0.008700     6.370000   -49.890016     0.000000  -135.000000
-16431.016756 -36462.163917 -4545.230349     2.843166    -1.326988     0.178283 42318506.160747     0.019900     7.780000   -38.390020    -0.000000    45.000000
-15849.049365 -37694.253470  -967.241534     1.830982    -0.164065     0.239723 42318506.160747     0.019900     7.780000   -38.390020    -0.000000    45.000000
16106.826177 -40077.168432 -8893.592566     2.857475     0.845840     0.554242 39862205.426147     0.043100     3.110000   -74.540021  -180.000000  -135.000000
15533.465313 -38740.455210 -8521.694129     2.834384     1.032539     0.485925 39862205.426147     0.043100     3.110000   -74.540021  -180.000000  -135.000000
-33795.269985 27690.657219  5915.708397    -1.912062    -2.187387    -0.650687 19396101.195828     0.653800     4.600000    27.599528     0.000000  -135.000000
41822.267078 -9656.929365 -5299.479112     0.678847     2.957958     0.022093 19396101.195828     0.653800     4.600000    27.599528     0.000000  -135.000000
 4926.421361 -4350.213201  2740.352465     1.308933    -2.824133    -6.844592 41891905.856640     0.022300    13.670000    25.239986  -180.000000  -135.000000
41218.470953 -10128.423339 -5536.578684     0.772425     2.961982     0.022441 41891905.856640     0.022300    13.670000    25.239986  -180.000000  -135.000000
32487.221917 -26866.951184    10.746498     1.959658     2.369927     0.000733 41891905.868360     0.022300    13.670000    25.239980  -180.000000  -135.000000
32476.591119 -26888.632514     0.000000     1.960447     2.368770     0.000000 41891905.868360     0.022300    13.670000    25.239980  -180.000000  -135.000000
29599.196696 -24407.867141   418.903411     2.442833     1.995370    -0.190289 43575205.853651     0.039800    14.370000   -28.500018  -180.000000  -135.000000
41315.742918 -8268.149716 -2800.613248     0.631357     3.004244     0.051348 43575205.853651     0.039800    14.370000   -28.500018  -180.000000  -135.000000
26177.398157 -5951.539389  -326.776150     1.225287     2.857914    -2.845682 42165706.023138     0.000000     0.020000     7.979966  -180.000000    45.000000
28279.385471 -3173.435791   -27.493633     2.656091     2.126020    -0.375240 42165706.023138     0.000000     0.020000     7.979966  -180.000000    45.000000
18417.807892  -846.953975   188.044790    -0.425763     2.161749     2.667972 42165206.017321     0.000100     0.050000    56.789966    -0.000000  -135.000000
  356.827758  6005.962922  5207.663235    -2.880317    -4.169567     4.919774 42165206.017321     0.000100     0.050000    56.789966    -0.000000  -135.000000
37057.562874 -3215.965705 -3853.294897     1.329912     1.817692    -0.216342 42165106.067729     0.000200     0.050000   -24.770034  -180.000000    45.000000
38968.102534 13935.869126  4532.750576    -1.039917     2.914230     0.171958 42165106.067729     0.000200     0.050000   -24.770034  -180.000000    45.000000
26090.411077 33123.184252    22.357896    -2.415467     1.902253    -0.005113 42165206.149072     0.000200     0.020000  -114.340011   180.000000  -135.000000
26150.889782 33065.805192    36.620802    -2.411891     1.907792    -0.000256 42165206.149072     0.000200     0.020000  -114.340011   180.000000  -135.000000
26247.429803 32980.107574    41.711302    -2.406220     1.915762     0.002204 42164506.056282     0.000600     0.070000    32.779965     0.000000  -135.000000
26137.160255 33077.271310   -10.085008    -2.412650     1.906786     0.003135 42164506.056282     0.000600     0.070000    32.779965     0.000000  -135.000000
-5674.973593 -17681.801583 -1911.658618     3.152201    -1.180978     0.238762 42165306.118349     0.000100     0.010000   -71.440034  -180.000000  -135.000000
-2744.739931 -20181.471666 -2301.897701     2.869599    -3.595715    -0.686217 42165306.118349     0.000100     0.010000   -71.440034  -180.000000  -135.000000
   93.124182 -6851.350078  2513.360528    -1.170712     2.413396     6.859190 41192005.771464     0.011000     2.450000   -59.580037   180.000000  -135.000000
 5162.220687 -4886.414254  2591.095525     2.431404    -0.999967    -6.763072 41192005.771464     0.011000     2.450000   -59.580037   180.000000  -135.000000
-32775.971505 26300.320004  3940.527357    -1.920256    -2.398391     0.040456 42165906.022472     0.000400     6.980000    53.619966     0.000000  -135.000000
 9829.014522 -5574.522789  1573.040516     0.732727     5.703594    -0.348560 42165906.022472     0.000400     6.980000    53.619966     0.000000  -135.000000
40077.611933 -11581.709770 -4629.439887     0.855903     2.966584     0.042471 39065105.745927     0.081300     3.100000   -90.840045  -180.000000    45.000000
38503.082787 -11055.692540 -4286.981358     0.371083     1.651223    -0.174613 39065105.745927     0.081300     3.100000   -90.840045  -180.000000    45.000000
 9237.171223 -5669.072761  1736.218635    -1.628921     5.862878     3.962362 17501600.767845     0.610500     4.730000    82.628686    -0.000000  -135.000000
13038.605731 -5451.652211  1147.407146     3.738582     1.504811    -3.293055 17501600.767845     0.610500     4.730000    82.628686    -0.000000  -135.000000
41334.188665 -8379.649205 -4489.012962     0.667866     2.900522     0.736663 23387404.147010     0.703000     9.430000  -131.450104  -180.000000  -135.000000
41277.649574 -8222.220345 -4621.628060     0.704670     2.942983    -0.001424 23387404.147010     0.703000     9.430000  -131.450104  -180.000000  -135.000000
16589.236416 -2048.995348   807.021218     3.570739     3.475500    -0.348495 42466806.188653     0.001000     7.460000    52.590000     0.000000  -135.000000
20427.862260 -5491.823861    10.798061    -0.391012     1.427193     2.778004 42466806.188653     0.001000     7.460000    52.590000     0.000000  -135.000000
 7235.989583 -1343.097133  2663.608634     5.232215     5.184692    -4.395024 24543900.565617     0.715300     7.570000    26.929811     0.000000  -135.000000
-32789.820101 26573.835962  3866.842462    -1.942618    -2.263377    -0.720485 24543900.565617     0.715300     7.570000    26.929811     0.000000  -135.000000
28909.896423 -8209.627247 -1654.338695    -1.401870     2.960126     0.226422 24416103.634650     0.714300     8.160000   -95.380000   180.000000  -135.000000
40109.289665 -11254.423958 -3913.218092     0.858470     2.936180     0.091824 24416103.634650     0.714300     8.160000   -95.380000   180.000000  -135.000000
41248.283429 -5587.056405  2489.193918     0.241903     2.980919     0.595009 42119831.553990     0.028140     5.361836   -41.330014    -0.000000    45.000000
14093.940050  -870.110722   914.178438     0.923129     1.116987    -4.118333 42119831.553990     0.028140     5.361836   -41.330014    -0.000000    45.000000
 6801.427137  1322.063509  2708.567837     2.592497     0.503930    -6.818169 40258705.475656     0.032200     6.880000   -59.090040   180.000000  -135.000000
 6542.495146  1394.240136  2735.570545    -2.530576     6.406205     2.664768 40258705.475656     0.032200     6.880000   -59.090040   180.000000  -135.000000
 8664.857190  2313.978575  3174.597753    -1.749646     2.746652    -6.973910 24403301.414484     0.712100     3.630000    78.719810     0.000000  -135.000000
40836.613982 10917.362607  6017.336200    -0.860411     2.852893     0.658059 24403301.414484     0.712100     3.630000    78.719810     0.000000  -135.000000
43541.840849 11407.873453  6209.950207    -0.624063     2.737619     0.866710 42149706.003972     0.001900    13.090000    36.399967    -0.000000  -135.000000
40031.207369 14681.685658  7133.069659    -1.131572     2.723098     0.475794 42149706.003972     0.001900    13.090000    36.399967    -0.000000  -135.000000
-31605.976067 25568.675116  4214.619892    -1.150554    -1.305801     0.181627 40244605.293577     0.069400    11.560000   -51.640040   180.000000  -135.000000
40428.541900 14869.647852  7093.297247    -1.078083     2.719176     0.708769 40244605.293577     0.069400    11.560000   -51.640040   180.000000  -135.000000
-35990.430678 -23399.198699 -8544.985368     1.730294    -2.385067    -0.539055 41277605.723823     0.019000     9.430000   -50.640033   180.000000  -135.000000
 5030.643729 -20336.212246 -2971.431556     3.700243    -1.811805    -0.289061 41277605.723823     0.019000     9.430000   -50.640033   180.000000  -135.000000
-33700.633727 -23869.124335 -8706.883547     1.867191    -2.409615    -0.427545 46839001.793501     0.583800    11.650000  -108.310032  -180.000000  -135.000000
-33576.739930 -23974.212145 -8349.894769     1.834285    -2.430262    -0.469180 46839001.793501     0.583800    11.650000  -108.310032  -180.000000  -135.000000
-33608.450028 -23707.985068 -8671.644550     1.810581    -2.484246    -0.226496 45033807.757381     0.093100    12.910000   -20.990016    -0.000000    45.000000
-33052.708236 -23711.202567 -8438.016897     1.826604    -2.492076    -0.395569 45033807.757381     0.093100    12.910000   -20.990016    -0.000000    45.000000
-33826.703594 -23628.893371 -8492.397397     1.797535    -2.455601    -0.368120 42368606.162773     0.000300    14.790000    21.689968  -180.000000    45.000000
 2057.000771 -6637.659619  2540.116037     1.949132    -2.430010    -6.647520 42368606.162773     0.000300    14.790000    21.689968  -180.000000    45.000000
12660.881552 -18843.149522 -2325.647440     3.653622    -0.210050    -0.410502 42244106.032809     0.004600    11.650000   -39.270027    -0.000000    45.000000
-32767.474546 26722.312002  4147.440254    -1.841584    -2.353100    -0.802437 42244106.032809     0.004600    11.650000   -39.270027    -0.000000    45.000000
40719.237094 -10400.221226 -2869.724092     0.656033     1.299807     0.763906 43054206.322659     0.016000     7.400000    72.039969    -0.000000    45.000000
 9789.748244 -3169.003378  2061.065909     4.965682     2.444055    -4.032661 43054206.322659     0.016000     7.400000    72.039969    -0.000000    45.000000
41138.350921 -9191.544005 -4694.729509     0.728302     2.887646     0.729933 41569906.058140     0.014500    11.580000   -36.510014  -180.000000    45.000000
12865.201640 -2921.434164  1435.737618     1.839019     2.877820    -3.364980 41569906.058140     0.014500    11.580000   -36.510014  -180.000000    45.000000
41882.115091 -9329.570406 -4827.234246     0.663260     2.959806     0.006191 41757105.978875     0.010700    11.930000   -36.690017  -180.000000    45.000000
42556.280378 -9457.199651 -5062.584879     0.492511     2.988717     0.034432 41757105.978875     0.010700    11.930000   -36.690017  -180.000000    45.000000
42003.759680 -9190.496829 -4874.240140     0.644215     2.949374     0.009671 42368606.093804     0.000300    14.790000    21.689968  -180.000000    45.000000
12243.990759 -2150.442420  1667.771475    -0.564148     4.585256    -2.022927 42368606.093804     0.000300    14.790000    21.689968  -180.000000    45.000000
21662.753832 -4095.956436  -162.701318     1.517705     2.717258     0.167259 41863406.026755     0.007500    12.130000   -36.880027  -180.000000    45.000000
42361.988533 -6455.314820   553.278276     0.491000     2.901185     0.756844 41863406.026755     0.007500    12.130000   -36.880027  -180.000000    45.000000
-34318.832688 24996.545238  3494.660632    -1.816472    -2.343820    -0.733964 44532807.327298     0.076100    12.420000   -23.430028    -0.000000    45.000000
12807.939066 -1992.759116  2041.456675     4.257873     4.040339     2.548895 44532807.327298     0.076100    12.420000   -23.430028    -0.000000    45.000000
27694.974201 -7293.803605  -527.438476     2.925672     1.768317    -0.024201 43926507.218793     0.072200    12.070000   -26.820023  -180.000000    45.000000
20336.896172 -4970.815712   660.851758     0.266823     1.876218     2.453842 43926507.218793     0.072200    12.070000   -26.820023  -180.000000    45.000000
15892.085969 -3616.246363  1376.686476     2.611405     1.513566     4.964993 15280300.571824     0.549800     5.750000    11.309026     0.000000  -135.000000
23974.064986 -4477.172783  -670.823459    -2.084110     3.226184     0.273750 15280300.571824     0.549800     5.750000    11.309026     0.000000  -135.000000
22919.028586 -2947.991965  -540.124420    -2.411967     3.277813     0.282193 42063106.059709     0.005000    10.990000   -43.040003    -0.000000    45.000000
47551.226144 -8745.558646 -5636.051897     0.248334     2.087284     1.605947 42063106.059709     0.005000    10.990000   -43.040003    -0.000000    45.000000
42070.806372 -1190.462432 -4664.175305     0.149562     2.988314     0.678215 42158406.082591     0.004000    14.570000   -10.860013   180.000000    45.000000
11545.642444  1287.766570  1671.854703     3.158814     3.847680    -3.785169 42158406.082591     0.004000    14.570000   -10.860013   180.000000    45.000000
42823.763694 -1289.170081 -4978.852999     0.163491     2.940132     0.086841 25515609.018257     0.647800     4.470000  -107.180176   180.000000    45.000000
-2749.553920  6586.384569  3022.615236    -1.986017     2.166047    -6.535876 25515609.018257     0.647800     4.470000  -107.180176   180.000000    45.000000
38008.817643  4060.817063   603.021132    -0.406486     3.177098    -0.082874 42845806.223684     0.023200    15.680000   -13.200019    -0.000000  -135.000000
28367.623063 27826.854572 11571.800153    -1.919745     2.533716     0.426630 42845806.223684     0.023200    15.680000   -13.200019    -0.000000  -135.000000
18240.735323 39008.015788   393.279784    -2.745244     1.277419     0.299832 42281006.040523     0.008200    14.660000   -16.460016  -180.000000  -135.000000
13433.430903 33938.072391  -123.313265    -3.219315     1.059479    -0.128794 42281006.040523     0.008200    14.660000   -16.460016  -180.000000  -135.000000
29756.664002 26719.295437  7628.789191    -2.279524     2.295547     0.295329 37314605.093476     0.070400     3.710000    56.399926     0.000000  -135.000000
31413.981326 27564.877582  9600.137478    -2.036086     2.222795     0.409664 37314605.093476     0.070400     3.710000    56.399926     0.000000  -135.000000
38850.597207 32831.985505 11470.385665    -1.171134     2.279330     0.531517 23807604.035429     0.705300     6.930000    97.337321     0.000000  -135.000000
16556.751822 33894.716497   800.935668    -2.836266     1.673495    -0.016383 23807604.035429     0.705300     6.930000    97.337321     0.000000  -135.000000
  899.145915  7832.413940  2876.618357    -3.394289    -1.829996     5.331334 17667203.488657     0.614900     8.010000   147.336328    -0.000000  -135.000000
31691.891384 26551.354299  8854.714392    -2.030019     2.260323     0.407606 17667203.488657     0.614900     8.010000   147.336328    -0.000000  -135.000000
-38814.726819  7405.252247 -4146.568639     0.510182    -1.876849     0.217931 42966806.009048     0.017100    14.710000   -10.310006    -0.000000  -135.000000
-33727.701172 24835.882965  3797.268866    -1.836541    -2.373382    -0.714196 42966806.009048     0.017100    14.710000   -10.310006    -0.000000  -135.000000
31758.459911 26622.344469  9132.820104    -2.020290     2.261692     0.421771 24385007.471397     0.687200     9.020000  -166.691152   180.000000  -135.000000
39632.452859 -14195.303874  1910.230620     0.992422     2.839004     0.714736 24385007.471397     0.687200     9.020000  -166.691152   180.000000  -135.000000
38849.448291 -13998.226494  1910.609566     1.079858     2.911151     0.336599 23032200.863487     0.697900     8.520000  -113.582983   180.000000  -135.000000
39770.419498 -14186.872278  2286.323585     0.914162     2.862857     0.800544 23032200.863487     0.697900     8.520000  -113.582983   180.000000  -135.000000
41527.646302 -8034.871495  3287.352969     0.511120     2.940944     0.689231 42442406.154864     0.000200    12.580000    36.789980   180.000000  -135.000000
15133.090563 -2233.204385  3060.900379     1.251228     2.389834     3.346621 42442406.154864     0.000200    12.580000    36.789980   180.000000  -135.000000
39087.615605 -7530.954760  3208.642067     0.567134     3.098306     0.269851 24115309.467660     0.694900     5.230000  -100.340180    -0.000000  -135.000000
42109.507383  -726.271221  3767.689544    -0.009671     2.987155     0.712104 24115309.467660     0.694900     5.230000  -100.340180    -0.000000  -135.000000
42639.238410  -738.500457  3763.235282    -0.017701     2.952616     0.696310 23102101.632519     0.699200     7.970000    33.988937   180.000000  -135.000000
41515.023493  -815.610099  3928.311194     0.004207     3.050510     0.226607 23102101.632519     0.699200     7.970000    33.988937   180.000000  -135.000000
-34341.468399 25014.197640  3718.879492    -1.794814    -2.359298    -0.746341 41194505.847049     0.004800    13.380000    22.189964     0.000000  -135.000000
22586.414951 11780.470346  2242.882466    -0.522229     1.680432    -3.528538 41194505.847049     0.004800    13.380000    22.189964     0.000000  -135.000000
15304.600559 13402.019599  6257.384203    -1.592968     1.212789     2.332237 42344406.181217     0.000200    14.220000    27.060000  -180.000000  -135.000000
30040.403075 28143.275897 10632.474458    -2.109998     2.245631     0.241219 42344406.181217     0.000200    14.220000    27.060000  -180.000000  -135.000000
30425.385434 25570.008370  1539.086832    -1.936555     2.463837     0.702246 41912206.343497     0.030400    14.440000    21.619983    -0.000000    45.000000
32638.424006 -11998.059089  2304.134263     2.033586     1.346985     0.236363 41912206.343497     0.030400    14.440000    21.619983    -0.000000    45.000000
 8714.769494 40446.122709  9031.014212    -2.417111     0.967273     0.132863 42166006.123596     0.000300     2.760000     1.059980     0.000000    45.000000
 5015.443768 10204.948373  3821.933602    -4.846493    -2.079196     2.892287 42166006.123596     0.000300     2.760000     1.059980     0.000000    45.000000
 9405.005698 45027.972818  8494.773047    -2.745902     0.690463    -0.103541 41684606.109707     0.009400    10.480000   -44.660003     0.000000    45.000000
 4660.749279  4864.977066  3210.467425    -0.311359     4.567060    -5.966578 41684606.109707     0.009400    10.480000   -44.660003     0.000000    45.000000
12544.918603 39625.133139  6791.371795    -2.861620     1.076854    -0.238112 43743506.821027     0.048700    12.370000   -45.340018    -0.000000    45.000000
-34260.871610 24686.663327  3462.483437    -1.693814    -2.466426    -0.819212 43743506.821027     0.048700    12.370000   -45.340018    -0.000000    45.000000
 4491.304868 10021.213420  3527.187894    -4.118719    -2.144039     5.722106 41664606.035326     0.009400    10.390000   -45.290014     0.000000  -135.000000
17193.226290  4785.013412  1237.436219     1.184801     2.651807    -2.683672 41664606.035326     0.009400    10.390000   -45.290014     0.000000  -135.000000
 5998.524848  4425.924697  2685.190872    -0.482666     3.783234    -5.688592 17871403.893917     0.627600    17.610000   177.079821     0.000000  -135.000000
 8776.404035  4553.350741  2332.742710    -0.007699     4.225162    -3.924587 17871403.893917     0.627600    17.610000   177.079821     0.000000  -135.000000
18097.451628 35276.660411  8962.338971    -2.846650     1.365410     0.024016 23513900.836591     0.708900     8.750000   102.539579     0.000000  -135.000000
 9706.621825 17737.611338  5463.140374    -1.383196     1.576521    -2.268244 23513900.836591     0.708900     8.750000   102.539579     0.000000  -135.000000
18781.734916 37949.350653  8995.393290    -2.674669     1.371146    -0.111710 19853003.502251     0.629500    10.870000   -11.791156  -180.000000  -135.000000
18842.039913 38124.931618  9252.456915    -2.664242     1.377684    -0.106922 19853003.502251     0.629500    10.870000   -11.791156  -180.000000  -135.000000
 3557.341486  5318.886833  3140.329011     1.425536     2.990378    -6.702295 43244706.584382     0.022600    16.060000   -14.310006     0.000000    45.000000
 3875.843542  5978.034206  3232.851999    -4.492998     0.453857     5.603911 43244706.584382     0.022600    16.060000   -14.310006     0.000000    45.000000
-34252.751953 24628.041862  3628.801531    -1.781511    -2.386502    -0.731055 15522800.944026     0.560000     4.230000   -42.530239  -180.000000  -135.000000
16163.636036 39677.621083  9497.455983    -0.753120     0.123105     1.445200 15522800.944026     0.560000     4.230000   -42.530239  -180.000000  -135.000000
 3051.804752  5606.414421  3135.449364     1.111619     3.129993    -6.697771 23735803.707136     0.611500     8.950000   140.389357     0.000000  -135.000000
 3287.181059  6375.478516  3300.510733     1.386724     2.835324    -6.359368 23735803.707136     0.611500     8.950000   140.389357     0.000000  -135.000000
12629.724882 40526.567225  8638.947861    -2.846470     0.941966    -0.208153 40043505.799993     0.005700     6.850000   -53.130012  -180.000000  -135.000000
 2709.843081  8836.697011  3522.980182    -2.840685    -0.401721     5.110527 40043505.799993     0.005700     6.850000   -53.130012  -180.000000  -135.000000
 2271.636756  6521.297483  3172.923609    -3.445745    -1.540689     6.129172 41328706.093589     0.026700     7.040000   -46.900011     0.000000    45.000000
 2884.866091 11731.437078  4313.161926    -6.490076     1.198606    -1.947584 41328706.093589     0.026700     7.040000   -46.900011     0.000000    45.000000
 7164.439657 41739.815020 10406.754988    -2.906613     0.590332    -0.141634 40142805.777982     0.007300     7.280000   -51.430024  -180.000000  -135.000000
31084.735150 28436.884248  -983.142332    -2.071704     2.270174     0.135671 40142805.777982     0.007300     7.280000   -51.430024  -180.000000  -135.000000
-9085.265628 13655.284585  4343.659357    -3.702735     2.145926    -3.682906 24829400.737860     0.687600     7.490000  -102.440155   180.000000  -135.000000
-33231.949807 25523.374472  4768.923811    -1.871858    -2.438412     0.016326 24829400.737860     0.687600     7.490000  -102.440155   180.000000  -135.000000
-28461.686066 28412.054821  5249.202093    -1.440347    -2.293227    -0.541998 44837906.741691     0.056300    16.250000   -23.160008  -180.000000    45.000000
-4101.449350  5065.477356  3117.822488     3.018428    -1.639722     6.606654 44837906.741691     0.056300    16.250000   -23.160008  -180.000000    45.000000
-30173.127144 35106.320904  9611.248585    -2.124289    -1.749646    -0.635275 42504706.169450     0.002400    14.800000   -17.550003   180.000000  -135.000000
-20504.667658  1698.453790   805.067022    -3.297069    -2.966807     0.482080 42504706.169450     0.002400    14.800000   -17.550003   180.000000  -135.000000
-41309.625134  1479.984001 -2409.432199    -0.043416    -3.039018    -0.735175 43244505.966788     0.019600    14.870000    -8.670030    -0.000000  -135.000000
-10605.617875  7481.887396  4260.148878    -0.607354    -3.379083    -4.276947 43244505.966788     0.019600    14.870000    -8.670030    -0.000000  -135.000000
-14518.822163  1118.795347  1506.064924    -0.617017    -4.060192    -0.309268 43222106.170733     0.002300     7.050000    73.699969     0.000000  -135.000000
-42033.286098   -71.193978 -2870.132963     0.077881    -2.992540    -0.747299 43222106.170733     0.002300     7.050000    73.699969     0.000000  -135.000000
 7180.593576   -98.040114  3167.541382    -2.715606     2.205790     6.226003 43073906.247528     0.014500     7.450000    72.169984  -180.000000    45.000000
 6512.299868  -367.674988  3077.353796    -2.803597     2.437772     6.452153 43073906.247528     0.014500     7.450000    72.169984  -180.000000    45.000000
-33277.536833 25951.385406  4736.987344    -1.842592    -2.450859     0.132529 42165406.153317     0.000200     0.020000   -86.500022     0.000000    45.000000
41741.894724  1726.205235  5594.210208    -0.157816     3.057156     0.344422 42165406.153317     0.000200     0.020000   -86.500022     0.000000    45.000000
33125.571484 24500.328814  8198.932898    -1.930455     2.348356     0.396517 42166006.131609     0.000200     0.000000    -0.000000     0.000000    45.000000
33242.890127 24820.160136  8102.089387    -1.846414     2.445523     0.123705 42166006.131609     0.000200     0.000000    -0.000000     0.000000    45.000000
33164.232399 24304.319327  7955.250693    -1.839098     2.477348     0.133854 36930989.257915     0.197743     3.696810   150.219965     0.000000  -135.000000
38372.961484 14380.937320  7513.015089    -1.158147     2.847638     0.458059 36930989.257915     0.197743     3.696810   150.219965     0.000000  -135.000000
38958.176782 14326.691405  7648.568705    -1.121435     2.833957     0.388370 42171906.140572     0.008600     3.930000    64.040000  -180.000000  -135.000000
15663.671501 38461.081626  8095.766623    -2.830055     1.169478    -0.188387 42171906.140572     0.008600     3.930000    64.040000  -180.000000  -135.000000
13359.014527 29543.783154  6785.833462    -2.669820    -0.244407    -1.255224 24455902.512715     0.711600     8.800000   173.239627     0.000000  -135.000000
 5783.014152  2690.546558  3175.964752     1.909723     3.428479    -6.388133 24455902.512715     0.711600     8.800000   173.239627     0.000000  -135.000000
15633.151724 38199.335068  8290.852186    -2.831893     1.191346    -0.166197 24607401.089850     0.685500     6.550000   110.589444     0.000000  -135.000000
-9893.282465  9807.295614  3186.517769     0.632790    -3.883820     5.062264 24607401.089850     0.685500     6.550000   110.589444     0.000000  -135.000000
15707.810092 38366.015471  7992.561795    -2.810350     1.154717    -0.150264 41761106.090838     0.007400     7.000000   -43.450021    -0.000000    45.000000
15834.193255 37975.900453  7588.770672    -2.816820     1.247854    -0.181748 41761106.090838     0.007400     7.000000   -43.450021    -0.000000    45.000000
 5926.827347  3546.970334  3255.394856    -3.934487     5.818213     1.129492 42163006.119643     0.000100     0.100000  -110.540027    -0.000000  -135.000000
 5718.595769  2850.420723  3157.816247     1.809966     3.482965    -6.389125 42163006.119643     0.000100     0.100000  -110.540027    -0.000000  -135.000000
11853.231214 39302.862191  9066.682247    -2.936826     0.934136    -0.200790 42164906.054993     0.000200     0.050000   -43.820035     0.000000    45.000000
 7305.204226 13831.721687  4571.835069    -1.761616     2.214674     3.406761 42164906.054993     0.000200     0.050000   -43.820035     0.000000    45.000000
 8819.393652 21800.085548  5739.947609    -1.147308     0.257046     2.444054 42164706.943735     0.000400     0.070000    -2.610034     0.000000    45.000000
10523.692239 40479.572308  7911.016991    -2.945986     0.673093     0.478835 42164706.943735     0.000400     0.070000    -2.610034     0.000000    45.000000
 5525.137066  4414.942836  3265.432878    -2.950775    -1.055575     6.429297 42165106.001038     0.000200     0.060000    64.889993    -0.000000    45.000000
10367.999394 40020.417260  7916.987166    -2.958229     0.811280    -0.244950 42165106.001038     0.000200     0.060000    64.889993    -0.000000    45.000000
-33147.656105 26320.182460  4072.179288    -1.900283    -2.289155    -0.733445 12728600.589284     0.468000     7.290000   -54.212204   180.000000  -135.000000
10040.497679 12866.567112  4907.267949    -1.614335     1.925908     3.075268 12728600.589284     0.468000     7.290000   -54.212204   180.000000  -135.000000
21440.027497 34408.116433  8729.228722    -2.683794     1.532323     0.177931 23095204.173812     0.699800     8.520000    33.279574   180.000000  -135.000000
30985.611779 28601.201073  9151.472364    -2.073420     2.192208     0.128617 23095204.173812     0.699800     8.520000    33.279574   180.000000  -135.000000
 2188.389198 17081.065710 10872.475468    -2.103635     1.784519    -1.595374 42196806.016827     0.000300     5.410000    59.309966    -0.000000  -135.000000
16438.368030 38412.117003  8403.222183    -2.810314     1.087823     0.524692 42196806.016827     0.000300     5.410000    59.309966    -0.000000  -135.000000
16345.088115 38266.418218  8210.023826    -2.791188     1.236786    -0.166794 10864901.434981     0.385300     7.940000  -123.080000  -180.000000  -135.000000
18112.136686 37283.482301 10858.477911    -2.739486     1.307908     0.115153 10864901.434981     0.385300     7.940000  -123.080000  -180.000000  -135.000000
-28014.824657 31182.776644  6029.276121    -2.304098    -1.930186    -0.621917 42144606.087997     0.004500     6.380000    66.839966    -0.000000    45.000000
28614.681622 30952.749570    -3.388856    -2.258381     2.087724     0.001591 42144606.087997     0.004500     6.380000    66.839966    -0.000000    45.000000
10861.923904  6563.173968  2253.741753    -3.189395     1.135964     3.629659 23595600.559181     0.708200     8.710000   119.668964     0.000000  -135.000000
-3770.645984  5244.231640  3037.261650    -2.219118     2.278983    -6.801293 23595600.559181     0.708200     8.710000   119.668964     0.000000  -135.000000
43692.125784  1054.649871  -926.305488     0.198036     2.890232     1.109781 42430106.168494     0.000400    15.220000    11.569968    -0.000000    45.000000
33313.731477 24470.009617  5713.830455    -1.884599     2.486847     0.024320 42430106.168494     0.000400    15.220000    11.569968    -0.000000    45.000000
12986.658474 39126.069163  8873.413169    -2.899080     0.998219    -0.181610 41219705.640053     0.046900     6.270000    76.779963   180.000000  -135.000000
13068.002212 39773.292936  8625.387984    -2.872615     0.978523    -0.197574 41219705.640053     0.046900     6.270000    76.779963   180.000000  -135.000000
12757.329912 39187.039948  8860.250398    -2.905405     0.982950    -0.186076 17569802.754381     0.621200     7.810000  -166.431536     0.000000  -135.000000
13244.609898 40026.964510  8891.097517    -2.870205     0.947348    -0.205380 17569802.754381     0.621200     7.810000  -166.431536     0.000000  -135.000000
 3114.704603  5709.195680  3105.987370    -0.619292    -3.317661     6.589052 42432106.088336     0.006000    14.620000   -18.460006     0.000000    45.000000
 5417.296582 12109.477192  3659.631534    -4.012885    -1.638834     2.767493 42432106.088336     0.006000    14.620000   -18.460006     0.000000    45.000000
12941.062368 38271.910151  9602.514904    -2.869367     1.228608    -0.147878 25376302.501602     0.674500     4.020000    35.709322   180.000000  -135.000000
 6096.126709 18132.197336  5031.339678    -2.112777     0.278818    -2.701973 25376302.501602     0.674500     4.020000    35.709322   180.000000  -135.000000
-32385.490212 22946.191583  4034.262640    -1.858842    -1.977348    -1.808083 41151305.706563     0.018600     5.650000    56.039967   180.000000  -135.000000
 9239.927317 32694.441484  3998.849152    -1.690136     1.262840    -0.099820 41151305.706563     0.018600     5.650000    56.039967   180.000000  -135.000000
 9919.796130 40244.883726  8275.002849    -2.967185     0.634310     0.473525 40593105.603804     0.049100    11.920000   -24.170023   180.000000  -135.000000
 2380.081199  6770.398592  3205.466281    -3.486989     4.321270    -4.335037 40593105.603804     0.049100    11.920000   -24.170023   180.000000  -135.000000
10164.079106 41023.235959  8012.492946    -2.909878     0.776803    -0.256596 42590906.188615     0.002500    14.930000   -17.300000  -180.000000  -135.000000
-18949.169385 36477.788114  1423.950746    -2.746081    -1.436892    -0.376236 42590906.188615     0.002500    14.930000   -17.300000  -180.000000  -135.000000
-25894.386385 33075.046644  1788.350859    -2.391718    -1.855968    -0.605668 44737906.218611     0.072400    18.480000    -9.700027    -0.000000  -135.000000
-33035.211563 32656.442431  3797.541662    -1.870801    -2.103238    -0.551410 44737906.218611     0.072400    18.480000    -9.700027    -0.000000  -135.000000
-28993.768136 29099.662305  3762.072585    -2.208369    -2.117395    -0.679568 41877105.623864     0.035600    13.360000   -24.640017  -180.000000  -135.000000
-29930.482690 30068.979479  4014.295189    -2.127024    -2.193110     0.173853 41877105.623864     0.035600    13.360000   -24.640017  -180.000000  -135.000000
-31484.107967 28119.971801  1523.313740    -2.012879    -2.216648    -0.689102 24240900.628105     0.687100     8.200000    95.019916  -180.000000  -135.000000
 8857.480647 12083.288553  2080.646766    -3.670180    -0.555745     2.926816 24240900.628105     0.687100     8.200000    95.019916  -180.000000  -135.000000
-34672.721957 24236.139601  4204.119668    -1.705866    -2.446324    -0.693747 43315602.127558     0.016298    16.512150   -13.550024    -0.000000  -135.000000
-5867.193250  9106.946245  2705.373485    -3.171149     0.211956     5.952322 43315602.127558     0.016298    16.512150   -13.550024    -0.000000  -135.000000
-38045.086667 17624.900362 -2233.768078    -1.242635    -2.766822    -0.597617 43137706.061780     0.020400    15.510000   -12.800024     0.000000  -135.000000
-45799.222484 20567.060558 -3393.962980    -1.143919    -2.401133    -0.393312 43137706.061780     0.020400    15.510000   -12.800024     0.000000  -135.000000
-32592.253815 26489.564992  3675.378709    -1.935861    -2.279849    -0.714372 19331802.278768     0.648500     8.220000     2.968458   180.000000  -135.000000
-31969.016628 26047.458866  3911.256433    -1.990786    -2.299940    -0.695544 19331802.278768     0.648500     8.220000     2.968458   180.000000  -135.000000
-32084.215487 26044.028868  3723.382988    -1.960717    -2.320999    -0.714130 42344606.066533     0.013400    14.490000   -19.360007    -0.000000    45.000000
-32217.223539 26212.830601  3911.296734    -1.929072    -2.321226    -0.722162 42344606.066533     0.013400    14.490000   -19.360007    -0.000000    45.000000
-34436.893332 22786.512089  2841.234084    -1.714946    -2.503896    -0.731478 42189706.029134     0.005100    14.450000   -16.230003   180.000000    45.000000
-6398.858892  5476.191456  3007.967343     0.448629    -5.504689     4.458199 42189706.029134     0.005100    14.450000   -16.230003   180.000000    45.000000
-32504.321236 26592.768230  3707.740119    -1.943709    -2.273449    -0.713482 42113206.171177     0.001900    12.650000   -34.750000  -180.000000    45.000000
-26312.537325 21754.509508  3610.882227    -0.018635    -2.622656    -0.374756 42113206.171177     0.001900    12.650000   -34.750000  -180.000000    45.000000
-11697.604057  7760.244845  3228.013431    -5.284965    -0.282535    -2.659662 42020206.189287     0.019500    13.760000   -22.240030  -180.000000    45.000000
-40662.806834 12210.314613  5235.459721    -0.878581    -2.931434     0.002266 42020206.189287     0.019500    13.760000   -22.240030  -180.000000    45.000000
-40561.177470 11973.342857  5147.681511    -0.848347    -2.946841    -0.000064 41838631.614259     0.007393    13.554707   -23.680038     0.000000  -135.000000
-36963.394468 10824.623530  5180.252893     0.310920    -2.016004    -0.383417 41838631.614259     0.007393    13.554707   -23.680038     0.000000  -135.000000
-34789.099117 28414.847161  3402.989606    -1.751357    -2.235849    -0.787456 18650501.675406     0.634200     6.860000    65.518187   180.000000  -135.000000
-12546.239978  7518.797113  3455.540615    -1.414630    -2.556922     2.902185 18650501.675406     0.634200     6.860000    65.518187   180.000000  -135.000000
17698.119090 38986.134902  -758.060860    -2.770155     1.223778     0.364689 43364806.489411     0.049000    15.860000   -19.000030  -180.000000    45.000000
-6394.936595   100.666553  2987.310560     1.223534    -7.271955     1.935691 43364806.489411     0.049000    15.860000   -19.000030  -180.000000    45.000000
-32445.735520 24881.811044  3135.466758    -1.884553    -2.413471    -0.706536 42430106.128778     0.000400    15.220000    11.569968    -0.000000    45.000000
-30706.578120 27395.043003  3655.323737    -2.069964    -2.243477    -0.699239 42430106.128778     0.000400    15.220000    11.569968    -0.000000    45.000000
-30974.623741 27792.816514  3533.390499    -2.077887    -2.193639    -0.705358 43035406.207565     0.003500     6.420000    76.329965   180.000000  -135.000000
-26050.627710 22159.898173  3485.141243    -2.348448    -0.606850     0.275898 43035406.207565     0.003500     6.420000    76.329965   180.000000  -135.000000
-15542.710427 -1691.628505  1377.357047    -2.612202    -2.337573    -4.825999 44345606.459030     0.057200     6.630000    75.029991    -0.000000    45.000000
-41732.714538 -5909.594807  4668.172593     0.388691    -3.047231    -0.147765 44345606.459030     0.057200     6.630000    75.029991    -0.000000    45.000000
-8913.131869  6098.974438  8076.388028     2.642064    -4.898083     1.421499 42820005.972853     0.010600     6.470000    76.059974     0.000000  -135.000000
-43016.822398  6876.095587  5033.054731    -0.500572    -2.963908    -0.030004 42820005.972853     0.010600     6.470000    76.059974     0.000000  -135.000000
 -716.325526  6236.683803  5106.105844    -6.615803    -1.274896     0.446910 15073400.758020     0.540900     3.410000    -3.592493  -180.000000  -135.000000
17587.346428 39301.893078  -787.398851    -2.757182     1.223961     0.352919 15073400.758020     0.540900     3.410000    -3.592493  -180.000000  -135.000000
-39283.197289  3943.559393  4672.979851    -0.207705    -2.910910     0.089133 42532376.694411     0.020572    14.432603   -11.540026  -180.000000  -135.000000
-40202.465038  3875.858169  4598.240395    -0.287094    -3.164470    -0.060973 42532376.694411     0.020572    14.432603   -11.540026  -180.000000  -135.000000
-41121.406687  4011.333291  4791.422193    -0.281955    -3.108824    -0.064327 42487706.171765     0.009500    14.750000   -17.850000     0.000000  -135.000000
-10728.790386 10035.225035 10753.630413    -1.888318    -2.012339    -2.821842 42487706.171765     0.009500    14.750000   -17.850000     0.000000  -135.000000
 -777.933153  6044.437985  4545.284140    -6.136230     1.032515    -4.535441 24690202.593650     0.705300     1.150000    51.799472   180.000000  -135.000000
-30287.319479 28792.723694  8747.562468    -2.120312    -2.199917    -0.074579 24690202.593650     0.705300     1.150000    51.799472   180.000000  -135.000000
-28360.956138  2857.269000  1734.298958     2.034951    -2.577669    -0.050229 22332498.739888     0.690829     4.413427    10.299654   180.000000  -135.000000
-35123.860385  -845.470448   102.821429    -1.477698    -1.959048     0.003522 22332498.739888     0.690829     4.413427    10.299654   180.000000  -135.000000
-7620.044461  3294.611209  2646.475540    -1.784419    -4.129357    -5.195596 22332499.086211     0.690829     4.413427    10.299078   180.000000  -135.000000
-10035.017458  9706.522272  9954.946877    -1.878551    -2.214183    -3.131285 22332499.086211     0.690829     4.413427    10.299078   180.000000  -135.000000
17354.516457 38734.142723  -849.158648    -2.785109     1.138320     0.333891 42342006.083053     0.003300    14.280000    24.189980     0.000000  -135.000000
-24425.181025  3563.378335  2660.526432     1.008937    -4.236996     0.011892 42342006.083053     0.003300    14.280000    24.189980     0.000000  -135.000000
-31678.407078  4349.206379  2317.576556     1.604991    -2.342201    -0.298855 40655305.254986     0.064700     6.880000    72.670000   180.000000  -135.000000
-10740.005619  -610.521029  2841.388563     2.068500    -0.400747     5.421908 40655305.254986     0.064700     6.880000    72.670000   180.000000  -135.000000
-41945.766824 -1260.686926   858.910791     0.084034    -3.081249     0.087388 37650805.237121     0.026200     1.720000  -142.210030    -0.000000  -135.000000
-7582.525419 -1389.407270  2867.969356     1.184418    -5.098098    -6.447317 37650805.237121     0.026200     1.720000  -142.210030    -0.000000  -135.000000
-12359.793355 -2696.082018  2289.197757     4.389561    -1.311379     4.015754 44414707.418254     0.171800    17.080000   -26.950014    -0.000000    45.000000
-42409.413010  2023.104747  2358.961522    -0.148138    -3.058180    -0.013320 44414707.418254     0.171800    17.080000   -26.950014    -0.000000    45.000000
-46507.285213  2847.575318  1852.543970     0.010334    -2.779873    -0.797572 43073506.248644     0.001000     5.680000    59.669978     0.000000    45.000000
-31134.755800 -28278.271186   -39.332159     2.069757    -2.278832     0.001451 43073506.248644     0.001000     5.680000    59.669978     0.000000    45.000000
-30991.546875 -28600.692552     5.660026     2.084615    -2.259316     0.000343 38557106.159822     0.079300     2.200000  -116.640047  -180.000000    45.000000
-7454.937270 10432.353475 12572.915379    -2.668776    -1.823756     2.466585 38557106.159822     0.079300     2.200000  -116.640047  -180.000000    45.000000
-31218.964803 -28380.316241     0.151814     2.067216    -2.273457    -0.003218 44152407.525851     0.084200    12.180000   -20.180026     0.000000    45.000000
-31076.926714 -28507.735445    14.086587     2.077815    -2.265602    -0.001239 44152407.525851     0.084200    12.180000   -20.180026     0.000000    45.000000
-31001.398862 -28593.125455    -5.459266     2.084149    -2.259592     0.000360 42692706.115104     0.010500    15.080000   -17.220025    -0.000000  -135.000000
-31055.709842 -28550.213566    29.838730     2.080291    -2.262043    -0.003700 42692706.115104     0.010500    15.080000   -17.220025    -0.000000  -135.000000
-30896.863572 -28705.172196   -28.977845     2.092353    -2.252026     0.000380 47231042.037684     0.278390    15.480381   -14.310026    -0.000000  -135.000000
-30919.318258 -28682.301692    29.412011     2.090622    -2.253589    -0.000099 47231042.037684     0.278390    15.480381   -14.310026    -0.000000  -135.000000
-6729.539065  -910.105508  2864.838025     2.948823    -0.589112     6.705920 38761747.687686     0.082826     1.274831   -43.460042     0.000000    45.000000
-31044.216941 -28536.160928     0.000000     2.080681    -2.263553     0.000000 38761747.687686     0.082826     1.274831   -43.460042     0.000000    45.000000
-31104.178310 -28473.035585   113.320975     2.075849    -2.267452    -0.038838 42143106.108911     0.006400    14.400000   -16.570010   180.000000  -135.000000
-6718.907972  -540.560918  2852.620635     2.817390    -3.085292     6.055096 42143106.108911     0.006400    14.400000   -16.570010   180.000000  -135.000000
