           X            Y            Z           Vx           Vy           Vz       a (km)            e      i (deg)         RAAN        omega           nu
================================================================================================================================================
-1480.033608  6304.752237  3136.150099     1.965292    -2.773916     6.649079 43049306.054914     0.010700    15.610000     3.989893    -0.000000  -135.000000
-31647.029615 28425.548317  8537.883735    -2.048448    -2.146396    -0.558412 43049306.054914     0.010700    15.610000     3.989893    -0.000000  -135.000000
-30803.216786 28363.373768  4679.837126    -2.081031    -2.292853     0.158876 42824406.458027     0.016200     7.030000    72.360000     0.000000    45.000000
-31449.907946 28768.240483  5020.582554    -2.067401    -2.120724    -0.717979 42824406.458027     0.016200     7.030000    72.360000     0.000000    45.000000
-31146.881125 28268.785719  4623.618369    -2.072482    -2.157813    -0.676040 42915306.105003     0.003100    15.270000   -16.890018     0.000000  -135.000000
-7590.738773  1297.332967  3094.894709    -2.898909    -2.488381    -5.522634 42915306.105003     0.003100    15.270000   -16.890018     0.000000  -135.000000
-31126.709182 28065.679865  4884.283559    -2.065541    -2.174492    -0.669334 42265205.810106     0.003500    14.260000   -16.600124     0.000000  -135.000000
-31434.909514 28708.953707  4721.363433    -2.055634    -2.124787    -0.682825 42265205.810106     0.003500    14.260000   -16.600124     0.000000  -135.000000
-7337.376088  1080.045315  3130.942586    -0.169847    -4.474501     6.442725 42178106.050288     0.000400    14.280000   -14.790125    -0.000000  -135.000000
-30763.868609 27764.327695  4789.241032    -1.341207    -1.072670    -0.132384 42178106.050288     0.000400    14.280000   -14.790125    -0.000000  -135.000000
-31198.811999 28478.699980  4801.996478    -2.055789    -2.156597    -0.677212 42380305.980058     0.011100    14.530000   -17.070047    -0.000000  -135.000000
-25123.534780 21545.874422  4292.489782    -0.268377    -2.447745    -0.336248 42380305.980058     0.011100    14.530000   -17.070047    -0.000000  -135.000000
-30557.097374 27921.414532  8420.069419    -2.073984    -2.266166    -0.010639 24691400.587821     0.698100     8.580000     7.928298    -0.000000  -135.000000
-28353.413881 24919.499041  4746.273096    -2.340059    -2.259234    -0.631638 24691400.587821     0.698100     8.580000     7.928298    -0.000000  -135.000000
-31909.754769 29564.871244  4718.027972    -2.096055    -2.028637    -0.561810 42334106.130224     0.005900    14.380000   -16.070000    -0.000000  -135.000000
-5790.550728  5208.543217  3299.649097    -0.959517     1.927394    -6.277081 42334106.130224     0.005900    14.380000   -16.070000    -0.000000  -135.000000
-41787.274655  8016.742225  6449.460943    -0.613096    -2.989252    -0.163534 22506901.034914     0.695700     8.570000    18.768672    -0.000000  -135.000000
-42792.628963  8163.198824  6394.061314    -1.211506    -1.462381     0.688498 22506901.034914     0.695700     8.570000    18.768672    -0.000000  -135.000000
-40824.695108  7968.723533  6850.077238    -0.624509    -3.001076    -0.242071 42242605.741991     0.000100    11.500000    46.559990     0.000000    45.000000
-40878.021405  7948.828828  6755.425511    -0.623461    -3.000587    -0.225714 42242605.741991     0.000100    11.500000    46.559990     0.000000    45.000000
-42125.663565  8139.709104  7035.905461    -0.588890    -2.881414    -1.353961 39959306.306463     0.073600    13.530000    -9.810153   180.000000    45.000000
-40917.617811  8098.936806  6144.614373    -0.663063    -2.957522    -0.517228 39959306.306463     0.073600    13.530000    -9.810153   180.000000    45.000000
-40994.342472  7979.934718  6803.694760    -0.651416    -2.961497    -0.438083 42427505.520568     0.045300    12.760000   -14.200057     0.000000  -135.000000
-5770.328602  7967.585017  3673.428124    -0.676897    -3.386350     4.504165 42427505.520568     0.045300    12.760000   -14.200057     0.000000  -135.000000
-39706.298796  8030.403578  6592.425315    -1.063070    -2.627541    -1.394182 43391806.336175     0.009400     9.170000    59.019945     0.000000    45.000000
-5560.023161  2992.716372  3088.405059    -4.063156    -1.107970    -6.255281 43391806.336175     0.009400     9.170000    59.019945     0.000000    45.000000
-41034.027551  8257.913542  6598.552410    -0.674924    -2.949221    -0.499811 28420501.166726     0.689200    20.000000   145.418056  -180.000000  -135.000000
-7114.520318  1715.055062  3150.099793    -3.250714    -2.699376    -5.369280 28420501.166726     0.689200    20.000000   145.418056  -180.000000  -135.000000
-40820.128328  8018.118950  7007.909467    -0.634889    -2.995336    -0.271022 42153506.058019     0.000600    10.400000    52.759909  -180.000000  -135.000000
-41029.972648  8275.614560  6601.552966    -0.676215    -2.948961    -0.499604 42153506.058019     0.000600    10.400000    52.759909  -180.000000  -135.000000
-40890.133463  7917.546279  6512.979897    -0.648920    -2.968390    -0.470667 42165706.102144     0.001000    10.150000    53.969950    -0.000000  -135.000000
-41322.303386  7956.963044  6417.991097    -0.605337    -2.993576    -0.174756 42165706.102144     0.001000    10.150000    53.969950    -0.000000  -135.000000
-40946.096703  7906.400470  6852.304821    -0.646259    -2.970055    -0.438012 42161605.964725     0.000000    12.860000    28.989900   180.000000    45.000000
-40866.328038  8017.100147  6821.132594    -0.657148    -2.968975    -0.438858 42161605.964725     0.000000    12.860000    28.989900   180.000000    45.000000
-30624.901236 27803.843431  8567.385450    -2.018982    -2.289661    -0.078452 42165506.027593     0.003600    12.430000    36.639960    -0.000000  -135.000000
-6461.178479   835.278498  3068.543258     3.281545     0.932169     6.615581 42165506.027593     0.003600    12.430000    36.639960    -0.000000  -135.000000
-7136.084382  -945.270652  3153.724652     3.008273    -1.821949     6.288441 42357605.449052     0.000500    13.030000    31.559990    -0.000000  -135.000000
-22838.779798  3093.485728  4527.337790     2.114639    -3.338061    -1.279378 42357605.449052     0.000500    13.030000    31.559990    -0.000000  -135.000000
-8066.559556  -944.089296  3278.229154    -1.013399    -6.949327     1.847933 42186305.950372     0.000000    10.840000    50.499859   180.000000    45.000000
-41819.297871  8364.925527  6908.796013    -0.680968    -2.909645    -0.545970 42186305.950372     0.000000    10.840000    50.499859   180.000000    45.000000
-45694.591358  9367.294720  5539.862510    -0.508548    -2.741752    -0.589466 42357606.178841     0.000500    13.030000    31.560000    -0.000000  -135.000000
-41684.055506  8120.538418  5338.537172    -0.591390    -2.990527    -0.102645 42357606.178841     0.000500    13.030000    31.560000    -0.000000  -135.000000
-41546.787257  8388.058155  5337.096092    -0.671928    -2.909962    -0.634583 42149306.051723     0.000300    12.560000    33.619890  -180.000000  -135.000000
-39214.666499  7531.101097  5199.084144    -0.549018    -3.090088    -0.187418 42149306.051723     0.000300    12.560000    33.619890  -180.000000  -135.000000
-7282.649960 -2316.427233  3188.019531     2.299019    -6.088660     1.782127 42543606.109746     0.000800     9.280000    58.069902    -0.000000  -135.000000
-2896.013409  5746.798720  3158.488430    -1.975509     2.725264    -6.698564 42543606.109746     0.000800     9.280000    58.069902    -0.000000  -135.000000
-6530.112432 -2497.304142  3159.015934    -2.844213    -1.036344    -6.486201 42257206.144009     0.000200    12.470000    37.059931  -180.000000  -135.000000
-41825.045579  8389.335412  2338.927571    -0.591454    -2.888048    -0.766905 42257206.144009     0.000200    12.470000    37.059931  -180.000000  -135.000000
-41552.648437  8030.171551  2464.947088    -0.604031    -2.908500    -0.764781 42172506.110780     0.000800    12.460000    36.739860    -0.000000  -135.000000
-40938.270110  8178.129657  2366.487061    -0.617171    -2.942211    -0.782741 42172506.110780     0.000800    12.460000    36.739860    -0.000000  -135.000000
-38844.121126  7240.860027  2563.977659    -0.115483    -1.733229     0.121566 41749205.790611     0.022700    11.770000    41.509899  -180.000000  -135.000000
-20750.912890  2102.714600  2823.342206    -2.796317    -2.861184     0.192384 41749205.790611     0.022700    11.770000    41.509899  -180.000000  -135.000000
-40410.296732 -10925.240647 -4939.960480     0.818876    -2.960032    -0.159175 23882703.604454     0.660400    17.960000    29.587759    -0.000000  -135.000000
-34408.584056 -8517.468510 -3721.244105     0.332927    -3.357690    -0.517106 23882703.604454     0.660400    17.960000    29.587759    -0.000000  -135.000000
-41036.804335 -11148.115394 -5040.035517     0.912889    -2.856766    -0.306367 43211905.587751     0.002800    13.940000    29.429991     0.000000    45.000000
-6561.644383  2256.187867  2577.537060     1.514603    -3.229445     6.371584 43211905.587751     0.002800    13.940000    29.429991     0.000000    45.000000
-30646.403214 27914.082572  8110.315905    -2.069917    -2.268858     0.001517 45048272.084387     0.060340    13.525964    17.999968    -0.000000  -135.000000
-40930.894625 -11154.860258 -5063.372995     0.783374    -2.867793    -0.438040 45048272.084387     0.060340    13.525964    17.999968    -0.000000  -135.000000
-38743.912055 -10134.016811 -4728.610992     0.851024    -3.075875    -0.457208 42759906.061440     0.001700     7.420000    63.829865  -180.000000  -135.000000
-39951.371017 -10875.868491 -4928.814758     0.989417    -2.928711    -0.385333 42759906.061440     0.001700     7.420000    63.829865  -180.000000  -135.000000
-39768.797165 -10715.262684 -4774.172188     0.867157    -2.981696    -0.348615 42680806.221802     0.001300    14.040000    18.820000     0.000000  -135.000000
-41280.856211 -11225.913887 -4748.560485     0.858753    -2.812910    -0.732827 42680806.221802     0.001300    14.040000    18.820000     0.000000  -135.000000
-6016.624703  2543.484533  2705.092172     3.058413     0.073427     6.901985 40213805.799830     0.021500     8.110000    55.149904  -180.000000  -135.000000
-40255.348238 -10954.192390 -4232.968761     0.996633    -2.963750    -0.597306 40213805.799830     0.021500     8.110000    55.149904  -180.000000  -135.000000
-39846.611661 -10621.986524 -4049.810354     0.824255    -2.911903    -0.631373 42488706.114166     0.011300    14.900000     0.549865    -0.000000  -135.000000
-41976.818285 -11589.781443 -4116.959584     0.849667    -2.774047    -0.813470 42488706.114166     0.011300    14.900000     0.549865    -0.000000  -135.000000
-40493.034809 -11123.657958 -3985.328128     0.819444    -2.961893    -0.058327 42423206.186378     0.001300    14.830000     1.769884  -180.000000    45.000000
-31773.967210 28943.143749  8388.039659    -2.034987    -2.141145    -0.496452 42423206.186378     0.001300    14.830000     1.769884  -180.000000    45.000000
-40960.577511 -11056.923370 -4057.529733     0.815025    -2.844516    -0.694695 42336106.211702     0.013300    14.950000     0.959863  -180.000000    45.000000
-40186.261890 -10810.547988 -3880.225781     0.768159    -2.906095    -0.663212 42336106.211702     0.013300    14.950000     0.959863  -180.000000    45.000000
-16781.768945 -3036.288937   985.618455    -2.929777    -4.661921     0.234951 23308600.528211     0.703400     5.800000   129.736822  -180.000000  -135.000000
-40732.682928 -11052.781804 -3478.586418     0.985745    -2.812459    -0.777576 23308600.528211     0.703400     5.800000   129.736822  -180.000000  -135.000000
-31380.678162 -7948.962052 -1743.979256     2.447130    -1.605945    -0.131086 18256220.310629     0.634749     8.143593    65.293078    -0.000000  -135.000000
-30157.895839 -7458.227518 -1481.408414    -1.342609    -3.749506     0.107016 18256220.310629     0.634749     8.143593    65.293078    -0.000000  -135.000000
-41289.611953 -10987.335871  2254.000208     0.656593    -2.977018     0.041795 42157506.062492     0.000300     7.360000   -50.880010  -180.000000    45.000000
-40117.076351 -10906.019041  2290.743188     0.779820    -3.018642     0.037560 42157506.062492     0.000300     7.360000   -50.880010  -180.000000    45.000000
-40106.498931 -11157.804106  2506.813626     0.804452    -3.009044     0.028331 37201505.771936     0.162100     9.910000   -23.030208   180.000000    45.000000
-28415.421095 -25443.828714 -6690.871096    -0.078117    -2.236190    -1.020179 37201505.771936     0.162100     9.910000   -23.030208   180.000000    45.000000
-31021.752758 28631.140594  8189.455022    -2.080591    -2.145945    -0.533045 41832905.785660     0.039400     9.090000   -32.600020    -0.000000  -135.000000
-17681.619509 -17490.553356 -2837.177420     0.006898    -3.935169    -0.594927 41832905.785660     0.039400     9.090000   -32.600020    -0.000000  -135.000000
-7025.461583 -9539.381623   971.175263     2.199730    -6.767163    -0.159737 42219805.941870     0.001000    11.070000    47.769903    -0.000000  -135.000000
-31804.967248 -27724.412782 -7784.393317     2.117966    -2.117598    -0.586829 42219805.941870     0.001000    11.070000    47.769903    -0.000000  -135.000000
-30858.853589 -27353.047967 -7074.221205     2.038883    -2.238515    -0.560716 41395005.601925     0.036200    10.740000   -23.750042     0.000000  -135.000000
-28403.534624 -25147.029176 -6555.601889    -0.104099    -2.259312    -1.026228 41395005.601925     0.036200    10.740000   -23.750042     0.000000  -135.000000
-30870.593326 -27409.141535 -7220.067295     2.022689    -2.260213    -0.521014 42518075.920604     0.051642    10.589044   -24.510067  -180.000000    45.000000
-30258.141362 -27005.366230 -7275.614722     2.167630    -2.310625    -0.293506 42518075.920604     0.051642    10.589044   -24.510067  -180.000000    45.000000
-30366.881926 -26537.730405 -7171.091046     2.052173    -2.312245    -0.588172 42341906.354912     0.047000    10.080000   -26.810136    -0.000000    45.000000
-31119.739676 -27255.714646 -7242.550955     2.098247    -2.210916    -0.641094 42341906.354912     0.047000    10.080000   -26.810136    -0.000000    45.000000
-32444.977999 -28361.430461 -7535.662623     2.080887    -2.114572    -0.338551 42122571.067014     0.017046     9.257374   -30.250089  -180.000000    45.000000
-30480.377850 27733.480300  8905.252677    -2.091240    -2.247950    -0.159087 42122571.067014     0.017046     9.257374   -30.250089  -180.000000    45.000000
-31487.045883 -27559.711800 -8152.714911     2.060918    -2.191019    -0.549854 42703306.115231     0.008500    15.430000    -8.500064     0.000000  -135.000000
-30810.031439 -27406.283181 -7950.085555     2.091082    -2.206217    -0.472394 42703306.115231     0.008500    15.430000    -8.500064     0.000000  -135.000000
-31132.928747 -27419.931266 -8074.242559     2.115204    -2.170253    -0.656740 44901207.337247     0.076400    12.510000   -11.990047  -180.000000    45.000000
-10411.386511 -12781.377437  -507.654578     1.830067    -3.787207     0.422505 44901207.337247     0.076400    12.510000   -11.990047  -180.000000    45.000000
-30780.866567 -27156.485724 -7139.312706     2.062189    -2.246755    -0.589182 41169604.669443     0.008200    13.060000   -10.120053     0.000000  -135.000000
-30421.443883 -26938.693855 -7053.044296     2.181591    -2.286468    -0.250822 41169604.669443     0.008200    13.060000   -10.120053     0.000000  -135.000000
-33668.317606 -29174.512914 -8206.406060     1.841847    -2.068230    -0.632776 43580806.199814     0.003900    16.620000    -3.030076     0.000000  -135.000000
-12927.230285 -14578.835933 -1275.165125     1.429287    -3.352157    -0.433156 43580806.199814     0.003900    16.620000    -3.030076     0.000000  -135.000000
-30780.888138 -27296.172784 -7178.973024     2.128203    -2.188494    -0.566790 42173406.063243     0.000200     5.530000   -63.230138     0.000000  -135.000000
-31337.667934 -27628.773306 -7620.481154     2.115299    -2.158587    -0.652705 42173406.063243     0.000200     5.530000   -63.230138     0.000000  -135.000000
-18463.552672 15958.971730  6033.441137    -3.767049    -1.927548     0.314581 43173405.991380     0.018200    14.590000     6.239903    -0.000000  -135.000000
-31416.535851 -27600.551178 -7347.808511     2.034996    -2.208248    -0.547210 43173405.991380     0.018200    14.590000     6.239903    -0.000000  -135.000000
-30589.838314 -27117.697702 -7007.131255     2.175489    -2.321479    -0.319946 42106005.898516     0.014000    14.300000    -6.930019     0.000000  -135.000000
-31366.147583 -27757.572895 -7634.297939     2.046910    -2.192586    -0.516796 42106005.898516     0.014000    14.300000    -6.930019     0.000000  -135.000000
-31239.129252 -27647.462340 -7186.817466     2.036057    -2.201017    -0.557572 41527105.941820     0.025100    13.450000    -7.890031   180.000000  -135.000000
-31269.353947 -27715.237363 -7317.533267     2.042247    -2.210117    -0.521659 41527105.941820     0.025100    13.450000    -7.890031   180.000000  -135.000000
41681.732867  3982.386382 -5730.910737    -0.232184     3.036275     0.411560 24461706.615098     0.710800     3.320000   105.209183    -0.000000  -135.000000
 7248.570711 -1092.769278  2565.692887     2.073870    -1.952454    -6.633186 24461706.615098     0.710800     3.320000   105.209183    -0.000000  -135.000000
14811.927968    28.326783   653.847114     3.931513     4.560997     0.742139 42683906.242976     0.049400    15.640000    -1.940046    -0.000000    45.000000
41392.981566  3889.454561 -5386.143969    -0.223547     3.070134     0.307047 42683906.242976     0.049400    15.640000    -1.940046    -0.000000    45.000000
41612.387249  3756.321411 -5388.167421    -0.211310     3.034715     0.468407 24903101.903844     0.707900     6.990000   -11.851001    -0.000000  -135.000000
-30179.921466 27629.097583  8836.482548    -2.105734    -2.248804    -0.176598 24903101.903844     0.707900     6.990000   -11.851001    -0.000000  -135.000000
-30528.599892 28060.233948  8535.320628    -2.125949    -2.173599    -0.433616 40843609.627586     0.586000     4.560000  -129.390051  -180.000000  -135.000000
27793.076023  1814.063187 -2066.696984     2.544191     2.678067     0.199128 40843609.627586     0.586000     4.560000  -129.390051  -180.000000  -135.000000
30605.083828  3269.693927 -3152.592068     1.117517     2.315607     0.019142 42691205.909889     0.043700     3.090000   117.149990    -0.000000  -135.000000
20199.657237  2414.601977  -578.063963    -3.738308     2.973188     0.333779 42691205.909889     0.043700     3.090000   117.149990    -0.000000  -135.000000
42249.947007  3930.447722 -5584.946913    -0.216284     3.004489     0.529655 42291306.165745     0.020400     3.220000   116.849902     0.000000    45.000000
41613.144907  3684.822564 -5530.083220    -0.205574     3.032247     0.477056 42291306.165745     0.020400     3.220000   116.849902     0.000000    45.000000
41514.745307  3793.181968 -5306.983090    -0.078121     3.039524     0.475168 42346106.270785     0.018500     3.480000   113.569873     0.000000    45.000000
 7542.440228  1714.919947  2504.312079     1.311175     3.660118    -5.856297 42346106.270785     0.018500     3.480000   113.569873     0.000000    45.000000
42373.529011  3987.407323 -2895.159978    -0.278605     3.042927     0.092220 42765143.045974     0.011143    14.938598     3.939945  -180.000000  -135.000000
 5782.326762 -3693.154619  2680.669300    -2.255752     1.412944     6.855729 42765143.045974     0.011143    14.938598     3.939945  -180.000000  -135.000000
33333.856690  1954.567271 -1641.688313    -1.939960     1.921884    -0.170911 24900803.562704     0.706600     8.620000    -4.120255   180.000000  -135.000000
-30743.118769 28267.013835  8272.803626    -2.097203    -2.220151    -0.230294 24900803.562704     0.706600     8.620000    -4.120255   180.000000  -135.000000
 6445.159675 -3711.372427  2564.814480     3.038230     0.759153    -6.397912 24295618.579540     0.712900     6.790000    97.139710     0.000000    45.000000
20595.486376  -786.498296   473.212295     3.062226     3.109548     0.501773 24295618.579540     0.712900     6.790000    97.139710     0.000000    45.000000
 5526.542626 -3779.951648  2747.944077     3.159364     9.084317     0.022422 43015406.017777     0.031300    15.580000    -0.350009    -0.000000    45.000000
 5553.055073 -3775.254838  2751.506977     3.568705     0.716652    -6.424219 43015406.017777     0.031300    15.580000    -0.350009    -0.000000    45.000000
40473.501487  3538.455268 -4780.637344    -0.751884     1.651424     0.217174 41644005.751059     0.018300    14.260000    -0.900125   180.000000  -135.000000
24076.681866   300.276573 -1177.990964     2.256423     2.835066     0.155121 41644005.751059     0.018300    14.260000    -0.900125   180.000000  -135.000000
41756.431055  3951.797999 -4426.565867    -0.222454     3.008750     0.590308 41734805.949203     0.025700    13.800000    -3.800103   180.000000  -135.000000
39424.845251  3358.973135 -3962.032085    -0.215502     1.726507     0.111844 41734805.949203     0.025700    13.800000    -3.800103   180.000000  -135.000000
36574.832338 21036.751184  7603.977399    -1.582542     2.535344     0.616050 43214106.780701     0.047200    11.530000   -19.820120  -180.000000    45.000000
34745.118494 20291.490067  7287.952462    -1.568261     2.695474     0.348892 43214106.780701     0.047200    11.530000   -19.820120  -180.000000    45.000000
-32480.204088 29665.882959  8845.298281    -1.898759    -2.131890    -0.644982 41701206.309576     0.030900    14.650000    -1.710000   180.000000    45.000000
35691.159827 20525.330884  7345.177507    -1.619527     2.585317     0.457390 41701206.309576     0.030900    14.650000    -1.710000   180.000000    45.000000
35687.019827 21071.039611  7829.626851    -1.620836     2.569240     0.519373 42950606.527450     0.022400    15.600000     2.379991  -180.000000    45.000000
36397.258961 21192.548562  7949.421181    -1.557655     2.555791     0.567226 42950606.527450     0.022400    15.600000     2.379991  -180.000000    45.000000
36254.781942 21079.735471  7965.859003    -1.588992     2.562882     0.418119 42829405.756043     0.043800    12.120000   -13.360095    -0.000000  -135.000000
36205.977497 20915.514290  7865.059668    -1.594079     2.569142     0.426621 42829405.756043     0.043800    12.120000   -13.360095    -0.000000  -135.000000
36720.770778 20977.136361  7643.304238    -1.508080     2.584684     0.703755 42149305.947916     0.000300    12.560000    33.619864  -180.000000  -135.000000
35707.035151 20469.058306  7443.117596    -1.616413     2.583843     0.418555 42149305.947916     0.000300    12.560000    33.619864  -180.000000  -135.000000
37493.476656 21658.976296  7451.829349    -1.425619     2.565529     0.850473 42633105.999172     0.000200    15.220000    -4.540067    -0.000000    45.000000
36629.954464 21132.027317  7685.460309    -1.519129     2.578341     0.701446 42633105.999172     0.000200    15.220000    -4.540067    -0.000000    45.000000
35662.849761 20855.666858  7809.651017    -1.622507     2.570844     0.447336 41869205.992092     0.003400    14.120000    -8.380143     0.000000  -135.000000
-31894.483683 28898.409882  8382.107421    -2.024330    -2.149579    -0.488760 41869205.992092     0.003400    14.120000    -8.380143     0.000000  -135.000000
39970.580155 23015.321868  8579.901876    -1.552038     2.301915     0.628712 43107306.465389     0.021100    16.640000     0.739918  -180.000000    45.000000
36946.827674 21404.889174  7886.504425    -1.542803     2.527263     0.454959 43107306.465389     0.021100    16.640000     0.739918  -180.000000    45.000000
36413.756327 21244.946483  7757.315997    -1.557885     2.553355     0.571654 13083800.254029     0.480300     7.350000  -115.353406  -180.000000  -135.000000
35855.004458 20691.968548  7602.150546    -1.603260     2.574739     0.446636 13083800.254029     0.480300     7.350000  -115.353406  -180.000000  -135.000000
35831.390826 20940.869078  7428.400904    -1.610141     2.566810     0.489141 42018606.190815     0.015900    14.710000    -0.070060   180.000000    45.000000
43422.965415 24073.582782  8519.408189    -1.118658     2.303878     0.989646 42018606.190815     0.015900    14.710000    -0.070060   180.000000    45.000000
35676.146609 20971.976047  7910.196400    -1.600521     2.585524     0.518819 42954306.792401     0.046000    10.960000   -22.150009    -0.000000    45.000000
 2210.872104  6031.912735  3124.212417    -0.197709    -3.324175     6.668324 42954306.792401     0.046000    10.960000   -22.150009    -0.000000    45.000000
36120.382547 21148.161347  7969.984118    -1.603820     2.560752     0.412440 41834505.075573     0.087200    16.460000     2.339959     0.000000  -135.000000
36019.311482 20929.864413  7730.786489    -1.586465     2.576225     0.560004 41834505.075573     0.087200    16.460000     2.339959     0.000000  -135.000000
-5938.000159  3236.930173  3193.244485    -3.668209    -0.524562    -6.194501 14569101.026570     0.529800     6.840000    15.371084     0.000000  -135.000000
38529.823462 21948.584094  8321.677441    -1.665753     2.192656     0.484523 14569101.026570     0.529800     6.840000    15.371084     0.000000  -135.000000
35726.234772 20646.806695  7725.264915    -1.581337     2.616237     0.386096 42184206.161285     0.016500    14.620000    -0.420079    -0.000000    45.000000
35966.008270 20757.517117  7801.178869    -1.591076     2.578725     0.507569 42184206.161285     0.016500    14.620000    -0.420079    -0.000000    45.000000
35700.192051 20845.052809  7821.377068    -1.616266     2.579559     0.509303 43269206.391507     0.022500    16.190000     2.479874  -180.000000    45.000000
38822.126572 22164.184683  8095.524826    -1.772768     2.287482     0.718887 43269206.391507     0.022500    16.190000     2.479874  -180.000000    45.000000
35864.532941 20880.314687  7947.380336    -1.556323     2.616060     0.381955 29082105.547788     0.401500    13.930000    44.539447     0.000000  -135.000000
36014.137674 20949.110061  7881.827414    -1.567612     2.612636     0.307627 29082105.547788     0.401500    13.930000    44.539447     0.000000  -135.000000
35942.126699 20874.106202  7094.226028    -1.582858     2.622588     0.264283 42141106.060717     0.011000    14.370000    -2.000000   180.000000  -135.000000
37809.571064 21588.127652  7573.913113    -1.604068     2.418967     0.751807 42141106.060717     0.011000    14.370000    -2.000000   180.000000  -135.000000
34084.026398 20076.242833  7092.883024    -1.662949     2.696504     0.344606 44305302.949857     0.064679    11.375636   -16.870043  -180.000000    45.000000
-30520.090405 28068.931649  8537.056643    -2.126590    -2.173009    -0.433436 44305302.949857     0.064679    11.375636   -16.870043  -180.000000    45.000000
35586.799260 20900.186407  7475.246377    -1.627497     2.583585     0.548564 42133442.803994     0.011457    14.263125    -4.300100     0.000000  -135.000000
34694.569770 20083.187338  7296.581392    -1.644215     2.669115     0.364705 42133442.803994     0.011457    14.263125    -4.300100     0.000000  -135.000000
35751.334031 20835.387668  7814.513422    -1.598537     2.599454     0.402141 41818605.350843     0.015641    14.376817    -0.720123     0.000000  -135.000000
35890.415619 20932.018782  7655.620309    -1.604067     2.572154     0.495734 41818605.350843     0.015641    14.376817    -0.720123     0.000000  -135.000000
35229.754826 20773.242759  7780.538955    -1.619675     2.624344     0.338025 42110673.176553     0.011890    13.982853    -3.140100   180.000000  -135.000000
 2321.098605  6406.238686  3248.458801     1.107205     2.940131    -6.571312 42110673.176553     0.011890    13.982853    -3.140100   180.000000  -135.000000
35958.820498 20972.179120  7670.845429    -1.641380     2.524879     0.656835 42309406.056202     0.001200    10.990000    50.269884    -0.000000    45.000000
16285.251479 12589.719129  5174.687655    -1.134258     1.588668    -2.490725 42309406.056202     0.001200    10.990000    50.269884    -0.000000    45.000000
35323.389904 20690.582339  7626.649974    -1.625527     2.615126     0.386178 23504007.369251     0.711300     7.540000   -19.371872    -0.000000  -135.000000
36849.808013 21567.135444  2487.573720    -1.518477     2.598426    -0.129153 23504007.369251     0.711300     7.540000   -19.371872    -0.000000  -135.000000
-30537.550276 27816.797759  8611.487747    -2.110418    -2.202213    -0.369182 42197906.160319     0.010300     9.380000    57.019902  -180.000000    45.000000
 9719.856113  1241.983752  2937.624190     1.043256     0.682096    -6.213041 42197906.160319     0.010300     9.380000    57.019902  -180.000000    45.000000
 6532.414511 -1064.078321  2987.893268     2.833377    -1.744760    -6.568922 42180206.131431     0.001400    11.470000    44.619864    -0.000000    45.000000
36088.993324 21067.908047  7223.394161    -1.598141     2.551752     0.631371 42180206.131431     0.001400    11.470000    44.619864    -0.000000    45.000000
35899.008522 20850.459093  7408.646976    -1.579003     2.611232     0.327069 41861306.107231     0.001100    12.630000    32.059871  -180.000000    45.000000
 6940.727351 -1262.653995  3259.404661    -1.434551     3.517555     6.020667 41861306.107231     0.001100    12.630000    32.059871  -180.000000    45.000000
 6159.077884 -1705.328004  3185.705666     4.330941     2.862340    -5.716608 42410105.492711     0.002400    14.260000    11.499991     0.000000    45.000000
35813.416312 20922.852509  7930.701786    -1.602007     2.581988     0.562023 42410105.492711     0.002400    14.260000    11.499991     0.000000    45.000000
35561.521401 20783.481626  7828.128415    -1.625053     2.590154     0.536926 26824703.560720     0.728000     9.990000    28.648060  -180.000000  -135.000000
35838.671988 20743.430083  7594.993305    -1.597897     2.591886     0.441053 26824703.560720     0.728000     9.990000    28.648060  -180.000000  -135.000000
36525.614507 21192.290672  8125.631648    -1.626108     2.525489     0.435745 20809701.004418     0.668400     7.150000    60.835425   180.000000  -135.000000
-30310.395543 27683.213851  7016.140458    -2.177371    -2.144011    -0.526258 20809701.004418     0.668400     7.150000    60.835425   180.000000  -135.000000
35903.878867 20814.044985  7937.687475    -1.551522     2.618849     0.383019 24536705.029965     0.713600     4.330000    28.858359   180.000000  -135.000000
35874.024479 20919.250941  7157.497544    -1.608009     2.559547     0.451026 24536705.029965     0.713600     4.330000    28.858359   180.000000  -135.000000
38304.489329 22242.346751  8386.459347    -1.688185     2.179755     0.479645 42986706.306945     0.004900    12.510000    41.699918    -0.000000    45.000000
35511.181711 20515.456849  7412.851702    -1.594884     2.618007     0.508466 42986706.306945     0.004900    12.510000    41.699918    -0.000000    45.000000
36047.500617 21172.866724  7166.165536    -1.589815     2.565531     0.586983 42164906.010710     0.000600    11.720000    44.709981    -0.000000    45.000000
33771.623962 19711.701288  7076.216792    -1.633101     2.758732     0.251187 42164906.010710     0.000600    11.720000    44.709981    -0.000000    45.000000
35889.666530 20766.210445  7605.483836    -1.602678     2.576965     0.511816 41960206.048901     0.044600    11.770000    42.879901  -180.000000  -135.000000
35941.812480 21064.783340  7909.037911    -1.600296     2.576667     0.400959 41960206.048901     0.044600    11.770000    42.879901  -180.000000  -135.000000
35745.529539 20513.924118  7655.245718    -1.553343     2.635613     0.410959 42666706.139082     0.000500     4.260000    71.329933  -180.000000    45.000000
36716.883299 21496.784084  8063.970613    -1.523534     2.552296     0.685020 42666706.139082     0.000500     4.260000    71.329933  -180.000000    45.000000
-30244.774808 27535.920360  7303.082852    -2.085468    -2.264921    -0.532685 24365001.603340     0.719000     7.820000   162.379137    -0.000000  -135.000000
36042.822839 21091.711763  7752.125106    -1.590318     2.559836     0.510620 24365001.603340     0.719000     7.820000   162.379137    -0.000000  -135.000000
35719.701872 20767.941054  7927.292659    -1.660592     2.479551     0.711740 42656605.949945     0.002400    12.020000    25.889991   180.000000    45.000000
36790.230374 21339.588050  8022.761814    -1.549536     2.538841     0.450077 42656605.949945     0.002400    12.020000    25.889991   180.000000    45.000000
19392.146073 10946.087176  3104.036725     1.033479     4.215340     0.480386 20577302.915375     0.672000     7.780000   -11.861209  -180.000000  -135.000000
15241.546376  8688.651605  3150.782080    -2.770638     1.010373     2.467604 20577302.915375     0.672000     7.780000   -11.861209  -180.000000  -135.000000
15033.234450  8745.575390  3329.371877    -2.853031     0.952035     2.447918 24684400.532095     0.706200     8.270000    59.049236   180.000000  -135.000000
36087.144438 21172.374566  5361.868734    -1.591817     2.547808     0.652898 24684400.532095     0.706200     8.270000    59.049236   180.000000  -135.000000
36563.388111 21320.356908  5447.424471    -1.570780     2.521137     0.686604 20014401.930117     0.648800     6.110000    27.910000  -180.000000  -135.000000
36342.195763 21235.454804  5201.822545    -1.587687     2.529755     0.668390 20014401.930117     0.648800     6.110000    27.910000  -180.000000  -135.000000
33134.898873 19079.746850  5315.763366    -1.719556     2.772482     0.085135 42174306.061646     0.000100    12.640000    33.479884     0.000000  -135.000000
-30676.264233 27961.298266  7192.535196    -2.114584    -2.172614    -0.587924 42174306.061646     0.000100    12.640000    33.479884     0.000000  -135.000000
35259.073313 20283.797008  5871.083357    -1.266611     2.398300     1.520229 23436400.560411     0.697500     6.670000    63.769123   180.000000  -135.000000
35430.082924 20434.762791  5755.646728    -1.579971     2.671842     0.188763 23436400.560411     0.697500     6.670000    63.769123   180.000000  -135.000000
35423.618214 20825.293537  5640.995145    -1.623182     2.590839     0.651259 42940606.289867     0.001900    15.580000   -10.360000     0.000000    45.000000
35569.764684 20738.789416  5696.293358    -1.656219     2.536822     0.640628 42940606.289867     0.001900    15.580000   -10.360000     0.000000    45.000000
36125.272866 21130.087613  5832.357678    -1.533029     2.634738     0.208952 41310206.104403     0.023700    12.010000   -28.080140    -0.000000    45.000000
34153.079714 19717.195595  5645.118051    -1.744851     2.612773     0.606437 41310206.104403     0.023700    12.010000   -28.080140    -0.000000    45.000000
15478.634788  8605.515078  3875.184272    -2.809626     0.986542     2.328665 43322005.788025     0.065900    16.730000    -0.420122  -180.000000  -135.000000
37158.787707 21881.729823  5736.771019    -1.483396     2.596424     0.215898 43322005.788025     0.065900    16.730000    -0.420122  -180.000000  -135.000000
 6456.902483 -1523.984765  3213.881643     3.302877     0.251391    -6.557878 41757005.956998     0.010800    13.360000   -18.790010   180.000000  -135.000000
35873.588301 20810.761279  7515.420269    -1.600643     2.581163     0.538410 41757005.956998     0.010800    13.360000   -18.790010   180.000000  -135.000000
-30309.678033 27891.701775  8945.051847    -2.109614    -2.229324    -0.189761 42387606.152913     0.005700    14.500000   -16.370136     0.000000    45.000000
-31017.614663 28031.352429  7290.613689    -2.097746    -2.159993    -0.582142 42387606.152913     0.005700    14.500000   -16.370136     0.000000    45.000000
10769.744171  1727.711125  3777.088296    -3.955449     3.378043     2.729879 42770506.107397     0.015300    15.120000   -14.100094    -0.000000  -135.000000
15129.965141  5239.966649  4447.989885    -2.013277     1.860237    -3.572668 42770506.107397     0.015300    15.120000   -14.100094    -0.000000  -135.000000
34195.361000 19652.007564  7028.274628    -1.454141     2.823720     0.172425 42371805.968660     0.007700    13.410000   -22.640078  -180.000000  -135.000000
36123.667808 20907.993113  7598.176526    -1.579110     2.571825     0.539914 42371805.968660     0.007700    13.410000   -22.640078  -180.000000  -135.000000
33972.251921 19611.463514  7043.428453    -1.485048     2.828415     0.205150 42342804.923837     0.006800    13.430000   -21.960010  -180.000000  -135.000000
36067.829230 21081.274282  7245.540305    -1.527582     2.609446     0.213694 42342804.923837     0.006800    13.430000   -21.960010  -180.000000  -135.000000
41286.900907 24874.855753  8850.289615    -1.903222     1.898965     0.896293 43802005.914697     0.037100    16.590000    -7.610034    -0.000000    45.000000
35853.634644 21030.283977  7639.709671    -1.605722     2.569631     0.533858 43802005.914697     0.037100    16.590000    -7.610034    -0.000000    45.000000
35969.303900 21020.458543  7902.134942    -1.597064     2.578559     0.401670 41538505.982494     0.015000    13.030000   -21.570000   180.000000  -135.000000
37016.107419 21541.586904  7923.050019    -2.053790     1.764710     1.592586 41538505.982494     0.015000    13.030000   -21.570000   180.000000  -135.000000
-30401.415986 27588.536426  7265.169687    -2.123467    -2.194566    -0.568401 45260406.845648     0.069400    18.500000    -0.940023    -0.000000    45.000000
35681.607835 20687.766069  7534.751906    -1.617604     2.586394     0.507778 45260406.845648     0.069400    18.500000    -0.940023    -0.000000    45.000000
38481.854764 22742.236759  8281.547914    -1.588183     2.363860     0.576895 43802006.267440     0.037100    16.590000    -7.610034    -0.000000    45.000000
28202.632059 52809.302237 11271.775817    -1.545346     0.776322     0.810823 43802006.267440     0.037100    16.590000    -7.610034    -0.000000    45.000000
20885.516250 36841.311451  8569.630795    -2.645260     1.394896     0.410293 41875305.963390     0.007100    13.690000   -20.580143   180.000000  -135.000000
 6377.572011  3730.824067  3318.883901    -2.993021    -0.559421     6.315052 41875305.963390     0.007100    13.690000   -20.580143   180.000000  -135.000000
20320.859833 35078.402409  8845.425414    -2.733711     1.435668     0.361706 43215405.990956     0.019300    14.470000     6.819876    -0.000000  -135.000000
11316.354573 15271.497100  5295.761777     0.152519     2.680934    -2.362465 43215405.990956     0.019300    14.470000     6.819876    -0.000000  -135.000000
20582.691985 36132.042209  8966.559250    -2.649216     1.552538    -0.083172 44838305.871011     0.053800    16.900000    -7.820064  -180.000000  -135.000000
20549.555518 35916.670820  8433.934177    -2.681127     1.432330     0.445232 44838305.871011     0.053800    16.900000    -7.820064  -180.000000  -135.000000
19981.981084 34326.516196  7953.756208    -2.687715     1.653796    -0.018834 42470883.242908     0.022991    13.659179   -19.380029  -180.000000  -135.000000
-31069.640135 28407.881248  7637.570147    -2.107269    -2.122005    -0.558793 42470883.242908     0.022991    13.659179   -19.380029  -180.000000  -135.000000
20785.044083 36173.559438  8504.500232    -2.673283     1.415575     0.395967 42749306.066051     0.015200    15.000000   -13.110104    -0.000000  -135.000000
19363.697008 33436.599340  7904.304984    -2.847744     1.507834     0.305205 42749306.066051     0.015200    15.000000   -13.110104    -0.000000  -135.000000
20234.282904 34721.653281  8791.382659    -2.741519     1.487500     0.350899 41776005.835512     0.009800    13.460000   -20.120021  -180.000000  -135.000000
20945.895635 36706.441205  8281.788367    -2.608745     1.499850     0.047804 41776005.835512     0.009800    13.460000   -20.120021  -180.000000  -135.000000
20650.536267 36147.049952  8531.819738    -2.642675     1.507970    -0.035518 42011205.980790     0.004300    13.760000   -16.660081  -180.000000  -135.000000
12929.454292 19181.848529  5603.830484     0.765161     3.456087    -2.435140 42011205.980790     0.004300    13.760000   -16.660081  -180.000000  -135.000000
20007.092021 34540.645707  8704.696940    -2.686335     1.603975     0.172723 42380306.148349     0.011100    14.530000   -17.070127    -0.000000    45.000000
12298.202945 18772.424660  5597.451451    -0.854754     4.258538    -0.268481 42380306.148349     0.011100    14.530000   -17.070127    -0.000000    45.000000
20039.234487 34646.190861  7869.526260    -2.749924     1.458371    -0.065212 42357906.076561     0.007000    13.370000   -22.890118  -180.000000  -135.000000
18246.025665 31210.954564  7527.231955    -3.114848     1.447641    -0.521026 42357906.076561     0.007000    13.370000   -22.890118  -180.000000  -135.000000
-30922.843842 28011.433209  7665.967456    -2.095441    -2.167009    -0.556353 42641006.275379     0.010600    14.870000   -14.180019    -0.000000    45.000000
20134.307348 34966.643220  8192.353648    -2.754086     1.435997     0.357087 42641006.275379     0.010600    14.870000   -14.180019    -0.000000    45.000000
21071.703698 36794.303530  8565.650643    -2.645004     1.379997     0.398671 40457104.481710     0.149100    15.430000   -13.170024  -180.000000  -135.000000
20368.307087 34987.903591  8448.828875    -2.743998     1.423665     0.348771 40457104.481710     0.149100    15.430000   -13.170024  -180.000000  -135.000000
 8775.949174 11828.422614  4450.633930    -4.054283    -0.905076     2.303390 41977606.076924     0.003900    12.840000   -25.200142    -0.000000  -135.000000
20169.800477 35120.291999  8530.308431    -2.614750     1.656589     0.049208 41977606.076924     0.003900    12.840000   -25.200142    -0.000000  -135.000000
20576.565212 35924.113763  8855.031142    -2.687188     1.428800     0.380155 42276106.151189     0.002100    14.330000   -17.350020    -0.000000    45.000000
20299.096503 35669.538587  8319.887417    -2.725650     1.394995     0.362740 42276106.151189     0.002100    14.330000   -17.350020    -0.000000    45.000000
20160.931954 35335.684120  8069.384123    -2.753157     1.383754     0.341154 42305706.229598     0.005500    14.390000   -17.230108     0.000000    45.000000
10643.084830 17952.230012  5221.000513    -1.127004     1.954242    -2.191457 42305706.229598     0.005500    14.390000   -17.230108     0.000000    45.000000
20039.138416 34803.656003  8752.044518    -2.746436     1.502302     0.421972 46051406.770330     0.091800    18.290000    -3.500102   180.000000    45.000000
-30533.648475 28070.584255  7526.785071    -2.122452    -2.165165    -0.541536 46051406.770330     0.091800    18.290000    -3.500102   180.000000    45.000000
20444.925748 35948.511791  8755.944992    -2.703297     1.391618     0.373162 42157606.008398     0.014400    12.950000   -26.180100    -0.000000  -135.000000
20874.763488 36273.971939  8382.731557    -2.662757     1.427735     0.456128 42157606.008398     0.014400    12.950000   -26.180100    -0.000000  -135.000000
19519.756456 34140.784064  7965.354871    -2.866553     1.335674    -0.056237 42302106.064537     0.005900    12.170000   -31.120030    -0.000000  -135.000000
23568.108486 40784.786359  9815.823092    -2.452225     1.274096     0.151319 42302106.064537     0.005900    12.170000   -31.120030    -0.000000  -135.000000
20356.250308 35886.535461  8936.803587    -2.634663     1.549774    -0.014049 42164705.876655     0.002100    10.900000   -32.270060   180.000000  -135.000000
20389.736500 35506.802484  8860.120505    -2.735249     1.386975     0.394042 42164705.876655     0.002100    10.900000   -32.270060   180.000000  -135.000000
20542.487664 35852.510991  8814.957561    -2.690560     1.434910     0.384357 44046006.345930     0.020900    17.860000    -2.950017   180.000000  -135.000000
20239.553097 35597.944166  8709.008947    -2.714233     1.441793     0.373384 44046006.345930     0.020900    17.860000    -2.950017   180.000000  -135.000000
19353.295764 33541.175499  8002.439436    -2.837670     1.517226     0.297433 41171606.300122     0.023900    11.950000   -27.410120     0.000000    45.000000
21385.744651 37275.196420  8895.787446    -2.592793     1.422104     0.443845 41171606.300122     0.023900    11.950000   -27.410120     0.000000    45.000000
-30952.869317 28185.520286  7937.447407    -2.096706    -2.149648    -0.531886 42410106.214209     0.002400    14.260000    11.500000     0.000000    45.000000
 2712.427752  5931.128103  3131.304371    -0.204281    -3.472913     6.578655 42410106.214209     0.002400    14.260000    11.500000     0.000000    45.000000
22447.408961 38706.616046  9410.161807    -2.513189     1.400901     0.131734 42482406.243264     0.012800    14.530000   -13.910135     0.000000    45.000000
10961.231289 16676.449948  5072.221015    -1.189988     1.256621     4.552626 42482406.243264     0.012800    14.530000   -13.910135     0.000000    45.000000
 4705.212627  4353.375237  3137.528869     0.761890     3.818936    -6.312305 41502706.139340     0.019200    12.340000   -26.240148     0.000000    45.000000
18214.395275 30515.782066  7268.669366    -3.065668     1.513423     0.154911 41502706.139340     0.019200    12.340000   -26.240148     0.000000    45.000000
19996.941293 34770.624619  8752.134046    -2.713511     1.571459     0.031497 42149906.148485     0.001500    13.110000   -23.950020     0.000000    45.000000
10884.063267 16755.314619  5363.103838    -1.221682     1.208117     4.537486 42149906.148485     0.001500    13.110000   -23.950020     0.000000    45.000000
20712.268490 36235.940201  8882.515693    -2.670090     1.414349     0.399939 42247606.068558     0.000500    14.040000   -17.210118    -0.000000  -135.000000
 4870.879457  5052.814391  3226.660733     2.862361     1.188250    -6.337962 42247606.068558     0.000500    14.040000   -17.210118    -0.000000  -135.000000
22013.821338 38339.781377  7754.718468    -2.567662     1.395279     0.039431 41851806.173300     0.005300    12.490000   -28.660123     0.000000    45.000000
-30619.889905 28033.682563  7385.290908    -2.070127    -2.272397     0.060419 41851806.173300     0.005300    12.490000   -28.660123     0.000000    45.000000
19658.399102 33553.618883  7598.180110    -2.736701     1.684413    -0.018960 42708506.259363     0.011900    16.310000    -8.780094     0.000000    45.000000
 9353.723895 14309.413467  4538.599212    -0.639902     3.219150    -2.259055 42708506.259363     0.011900    16.310000    -8.780094     0.000000    45.000000
20639.936780 36103.307665  7649.815975    -2.573911     1.598050    -0.043773 41895906.134411     0.006700    12.810000   -24.660143     0.000000    45.000000
 8739.770133 11920.553704  3896.819463    -2.671783     0.683095    -5.459591 41895906.134411     0.006700    12.810000   -24.660143     0.000000    45.000000
19724.384634 34023.345713  6369.417062    -2.792104     1.583546    -0.009257 41672105.768017     0.026400     4.140000   -96.060128    -0.000000  -135.000000
19890.287658 34447.406793  6015.326595    -2.682933     1.580885    -0.090860 41672105.768017     0.026400     4.140000   -96.060128    -0.000000  -135.000000
20468.171025 35840.740830  6488.632775    -2.695092     1.497077    -0.042777 42166306.041505     0.000700    13.700000    16.449961    -0.000000  -135.000000
19724.384651 34023.345802  6369.417076    -2.792104     1.583546    -0.009257 42166306.041505     0.000700    13.700000    16.449961    -0.000000  -135.000000
20977.881209 36389.309987  5241.810375    -2.643251     1.441743     0.589552 42703306.203553     0.008500    15.430000    -8.500085     0.000000    45.000000
18643.052818 32107.871935  5254.027933    -1.241365     1.452216    -0.040864 42703306.203553     0.008500    15.430000    -8.500085     0.000000    45.000000
-30733.517143 27862.013342  7464.841898    -2.105443    -2.182874    -0.539888 42022606.093577     0.003800    11.850000   -28.120000  -180.000000  -135.000000
 7933.118978 13394.388049  3673.531258    -3.648223    -1.128718     2.479954 42022606.093577     0.003800    11.850000   -28.120000  -180.000000  -135.000000
 7990.685915 13428.645971  3612.546178    -3.646690    -1.113633     2.466938 42726006.259628     0.014400    15.090000   -14.870113     0.000000    45.000000
19553.308718 33844.587633  5769.721849    -2.828303     1.412032    -0.295807 42726006.259628     0.014400    15.090000   -14.870113     0.000000    45.000000
 7672.415943 12779.299658  3695.015374    -3.871742    -1.286293     2.491902 42512206.280694     0.013900    14.730000   -15.990087     0.000000    45.000000
18575.838114 32185.214731  5251.594201    -1.248862     1.439313    -0.042989 42512206.280694     0.013900    14.730000   -15.990087     0.000000    45.000000
 7459.581349  8129.695738  3868.454393    -1.709735     6.060608     3.425726 42089306.020568     0.001200    13.330000   -20.660030   180.000000  -135.000000
21009.674087 36669.700576  8280.606224    -2.606185     1.504328     0.048816 42089306.020568     0.001200    13.330000   -20.660030   180.000000  -135.000000
12597.062715 18811.200004  5568.287293    -0.966076     3.859793     1.202742 42740505.470254     0.018900    13.850000   -21.180085   180.000000  -135.000000
21256.255447 37316.116158  8586.578788    -2.177618     1.966049    -0.094111 42740505.470254     0.018900    13.850000   -21.180085   180.000000  -135.000000
19964.917225 34645.457932  8756.630026    -2.696692     1.594238     0.085952 41834205.951738     0.023300    14.000000     0.869911     0.000000    45.000000
-30306.898416 27686.318376  7183.345017    -2.156462    -2.157524    -0.565539 41834205.951738     0.023300    14.000000     0.869911     0.000000    45.000000
20524.604765 36054.440395  8815.966290    -2.668523     1.467464     0.427271 42157606.126787     0.014400    12.950000   -26.180000    -0.000000  -135.000000
19156.466106 33053.125380  8436.423637    -2.863417     1.525807     0.323147 42157606.126787     0.014400    12.950000   -26.180000    -0.000000  -135.000000
19771.626270 33777.261344  8237.536480    -2.816897     1.470299     0.320540 41618605.732924     0.014400    13.050000   -17.790104  -180.000000  -135.000000
20919.373939 35985.424861  9050.928908    -2.660667     1.444054     0.408499 41618605.732924     0.014400    13.050000   -17.790104  -180.000000  -135.000000
19808.412260 34624.581540  5203.186257    -2.624505     1.631220    -0.128237 40457104.179927     0.149100    15.430000   -13.170048  -180.000000  -135.000000
 9989.063393 18900.219475  4002.492968    -1.352315     1.565156    -2.284507 40457104.179927     0.149100    15.430000   -13.170048  -180.000000  -135.000000
19590.897048 34271.186238  5861.172803    -2.751076     1.549433    -0.084436 42080006.201221     0.011600    13.940000   -16.720060     0.000000    45.000000
20650.863496 35627.781106  5986.573470    -2.656263     1.573940    -0.053998 42080006.201221     0.011600    13.940000   -16.720060     0.000000    45.000000
20084.790829 35617.559742  5813.541158    -2.706465     1.516357    -0.077413 42671805.905954     0.011100    14.700000   -10.370133    -0.000000    45.000000
18955.471117 33292.305524  3243.700316    -2.672036     1.818624    -0.107044 42671805.905954     0.011100    14.700000   -10.370133    -0.000000    45.000000
-32649.960396 29416.119813  7572.482479    -1.970614    -2.082193    -0.622994 41006306.289326     0.031900    11.180000   -36.020144     0.000000    45.000000
 5907.885177 13343.969098  3040.497542    -3.783671    -1.738736     2.711911 41006306.289326     0.031900    11.180000   -36.020144     0.000000    45.000000
20916.182313 36453.682950  3859.042181    -2.638052     1.455073     0.609232 42227506.145209     0.001900    14.210000   -16.360059     0.000000    45.000000
20891.124118 36369.921129  3849.903428    -2.523043     1.401079    -0.095848 42227506.145209     0.001900    14.210000   -16.360059     0.000000    45.000000
15670.662045 28366.839949  3805.064787    -0.962011     2.737284     0.323424 42228005.999500     0.004200    13.180000   -23.790139  -180.000000  -135.000000
19268.945815 34196.102976  6973.287119    -2.794809     1.493912    -0.044678 42228005.999500     0.004200    13.180000   -23.790139  -180.000000  -135.000000
21128.766601 36789.013829  7279.880674    -2.609352     1.510863     0.015097 42003806.159107     0.013200    12.980000   -23.840000    -0.000000    45.000000
20577.561337 35880.967436  7958.018651    -2.670238     1.530376    -0.025356 42003806.159107     0.013200    12.980000   -23.840000    -0.000000    45.000000
20753.424110 35846.064941  6201.925860    -2.648536     1.568946    -0.037104 43780006.443419     0.035400    16.680000    -8.890086    -0.000000    45.000000
19202.832666 33759.712368  6267.284957    -1.253758    -0.090752     1.925762 43780006.443419     0.035400    16.680000    -8.890086    -0.000000    45.000000
19385.147133 34306.904426  6304.838725    -2.758679     1.552100    -0.059545 42295106.303350     0.030200    14.000000     3.419876  -180.000000    45.000000
-30538.444752 27764.129474  8564.946427    -2.119038    -2.166231    -0.525526 42295106.303350     0.030200    14.000000     3.419876  -180.000000    45.000000
-31452.503302 28376.038545  7558.242130    -2.119540    -2.107064    -0.452057 42284906.028228     0.006600    14.290000   -16.450138    -0.000000  -135.000000
18448.092557 33146.502801  5792.403804    -2.020414     0.069021    -0.103562 42284906.028228     0.006600    14.290000   -16.450138    -0.000000  -135.000000
19377.560279 34335.755797  6243.139969    -2.745993     1.568012    -0.061458 41798606.006795     0.018100    17.540000    -7.200081   180.000000  -135.000000
20237.206064 35709.115897  6260.136613    -2.695266     1.526947    -0.050302 41798606.006795     0.018100    17.540000    -7.200081   180.000000  -135.000000
15123.886410 28594.239753  6090.475638    -3.034772     1.629331     1.627502 42541205.961191     0.018400    13.740000   -20.370068  -180.000000  -135.000000
20915.036310 36532.516628  6976.180103    -2.639286     1.498383    -0.006457 42541205.961191     0.018400    13.740000   -20.370068  -180.000000  -135.000000
 6462.636906 17294.865057  4485.705739    -2.719274    -0.799116     2.197485 24320876.884561     0.691466     8.023051   -52.030766    -0.000000  -135.000000
 6209.828431 16767.977125  4515.648146    -1.901965     0.263540     4.953455 24320876.884561     0.691466     8.023051   -52.030766    -0.000000  -135.000000
19724.289195 34536.618405  6883.873489    -2.680139     1.661311     0.014792 42190206.114827     0.000200    14.330000     0.289881     0.000000    45.000000
-1943.235047  5885.339438  3122.647591    -1.628109     3.050207    -6.807147 42190206.114827     0.000200    14.330000     0.289881     0.000000    45.000000
11540.639576 21858.297289  5344.355657    -1.112090     3.822126    -0.386592 42467306.112886     0.004900    15.000000     1.539932  -180.000000  -135.000000
-31071.659179 28357.054016  7611.025250    -2.105261    -2.126950    -0.559157 42467306.112886     0.004900    15.000000     1.539932  -180.000000  -135.000000
 4659.162055 11190.349752  3791.740764    -4.495339    -2.379156     2.793446 42271505.514740     0.005100    14.530000     1.819892   180.000000  -135.000000
 4996.855536 11491.314045  3958.793956    -4.433815    -2.205602     2.634310 42271505.514740     0.005100    14.530000     1.819892   180.000000  -135.000000
20452.305161 35662.973196  7552.702057    -2.704889     1.477818    -0.009389 39858760.292139     0.042660     8.102572   -47.630050   180.000000    45.000000
20547.256490 35893.816704  7308.354752    -2.680975     1.441224     0.490897 39858760.292139     0.042660     8.102572   -47.630050   180.000000    45.000000
21048.097080 36760.225066  7344.389150    -2.619884     1.498143     0.014272 42463806.182601     0.008000    14.810000    -1.400066   180.000000    45.000000
21933.627585 37877.661128  7668.458493    -2.542125     1.482077     0.049831 42463806.182601     0.008000    14.810000    -1.400066   180.000000    45.000000
20983.798575 36162.395741  7851.520023    -2.638551     1.577433    -0.061556 41390406.067912     0.003100     8.750000   -36.130000   180.000000    45.000000
 3923.174486 10788.713293  3775.381290    -4.648291    -2.692599     2.850452 41390406.067912     0.003100     8.750000   -36.130000   180.000000    45.000000
19580.589594 34446.285501  7744.804254    -2.769181     1.528291    -0.034609 42184506.205205     0.016800    14.400000    -1.870139     0.000000    45.000000
18616.725469 33229.320958  5869.580883    -2.074900     0.066676    -0.055454 42184506.205205     0.016800    14.400000    -1.870139     0.000000    45.000000
-30628.572843 27843.259335  8002.171696    -2.110943    -2.185335    -0.469258 41563705.918539     0.020600    14.510000    -2.070052   180.000000  -135.000000
19550.495167 34183.893357  6361.676661    -2.764427     1.550245    -0.054554 41563705.918539     0.020600    14.510000    -2.070052   180.000000  -135.000000
19562.560548 34694.762946  6135.100242    -2.759622     1.554089    -0.088418 41823705.888547     0.015600     8.820000   -33.590125    -0.000000  -135.000000
22314.916600 38567.246749  6755.243706    -2.534952     1.433210     0.014982 41823705.888547     0.015600     8.820000   -33.590125    -0.000000  -135.000000
20825.835387 36024.536710  6734.627395    -2.664730     1.444168     0.528286 40789206.165274     0.043300    13.940000    -5.220157   180.000000    45.000000
 4486.682170 13027.866692  3941.105449    -2.957361     0.659631     2.961353 40789206.165274     0.043300    13.940000    -5.220157   180.000000    45.000000
 7981.275525 18407.267993  4679.379108    -0.064303     3.642891    -3.206403 42691448.785579     0.029432     8.561014   -31.600136    -0.000000  -135.000000
21885.375735 37799.243004  7119.204219    -2.451142     1.608006     0.037963 42691448.785579     0.029432     8.561014   -31.600136    -0.000000  -135.000000
19477.929003 34213.780513  6465.364926    -2.683770     1.585491    -0.105689 42405106.097833     0.006600    14.430000   -14.650058     0.000000    45.000000
 -359.531902  6620.418172  3105.696406     1.454785    -3.076756     6.537868 42405106.097833     0.006600    14.430000   -14.650058     0.000000    45.000000
21285.592144 36748.196844  6712.716460    -2.630891     1.479795    -0.016769 42148806.081124     0.000500    12.770000    30.749990     0.000000  -135.000000
-31050.632091 28084.542032  7939.583810    -2.057870    -2.194001    -0.570899 42148806.081124     0.000500    12.770000    30.749990     0.000000  -135.000000
21633.366654 37479.096426  6652.784454    -2.567833     1.505136     0.000932 42494806.143923     0.002500    14.850000    -0.980112     0.000000    45.000000
19398.554455 34336.682936  6119.992666    -2.754333     1.543895    -0.075886 42494806.143923     0.002500    14.850000    -0.980112     0.000000    45.000000
20869.338641 36374.997285  7115.609215    -2.656170     1.483180    -0.006681 40749206.134587     0.057300    10.430000   -45.600057    -0.000000    45.000000
20646.127792 36124.327792  6762.954430    -2.668786     1.502805    -0.023958 40749206.134587     0.057300    10.430000   -45.600057    -0.000000    45.000000
19457.255606 34283.785470  6462.923948    -2.743666     1.601632    -0.027458 42440905.787559     0.006400    14.500000   -14.680039    -0.000000    45.000000
20955.996781 36619.369938  7015.007742    -2.631051     1.501925    -0.002113 42440905.787559     0.006400    14.500000   -14.680039    -0.000000    45.000000
18005.465178 32387.208158  6463.439074    -2.820591     1.769105    -0.031624 40858206.170763     0.056300    10.670000   -42.370136     0.000000    45.000000
19331.213572 34323.438289  6525.799482    -2.747760     1.523191    -0.081776 40858206.170763     0.056300    10.670000   -42.370136     0.000000    45.000000
 2336.081769 10778.613927  3610.615346    -4.381622    -3.392323     3.000347 41463505.682729     0.025300    10.610000   -37.490064    -0.000000  -135.000000
-26040.894619 33350.108494  6428.354410    -2.375455    -1.907816     0.169339 41463505.682729     0.025300    10.610000   -37.490064    -0.000000  -135.000000
-7004.968437 10574.889895  4021.339740    -0.602207    -4.980384     2.570073 42419106.031536     0.005600    14.480000   -14.980107    -0.000000    45.000000
-6642.662931 14096.070059  3995.364927    -4.950095     1.331650     2.421562 42419106.031536     0.005600    14.480000   -14.980107    -0.000000    45.000000
-26210.671852 33767.305239  6268.202991    -2.348878    -1.804910    -0.616827 42228006.011877     0.004200    13.180000   -23.790119  -180.000000  -135.000000
-28324.877328 35957.496622  6983.905942    -2.123758    -1.950527    -0.494408 42228006.011877     0.004200    13.180000   -23.790119  -180.000000  -135.000000
-25490.703595 32817.332088  6835.222562    -2.439416    -1.785179    -0.584388 42076406.210440     0.009200    14.630000     0.459893   180.000000    45.000000
-25439.630544 33152.241685  6760.431781    -2.415637    -1.885413     0.163321 42076406.210440     0.009200    14.630000     0.459893   180.000000    45.000000
-27097.605128 34648.982235  7157.717707    -2.373393    -1.569857    -0.598342 42180905.899600     0.006700    14.110000   -16.510109     0.000000    45.000000
-26412.626519 34064.352975  7156.986572    -2.389814    -1.686091    -0.645546 42180905.899600     0.006700    14.110000   -16.510109     0.000000    45.000000
-24361.507068 31965.370317  6925.961834    -2.545765    -1.788196    -0.480515 43835005.877203     0.041900    15.790000   -10.350017  -180.000000  -135.000000
-4396.292087 11840.576137  3902.515559    -1.681865    -4.698543     2.649108 43835005.877203     0.041900    15.790000   -10.350017  -180.000000  -135.000000
  -61.889952  6837.826637  3188.499746    -3.256888     2.403449    -5.897124 42681906.071699     0.012600    13.930000     5.779917  -180.000000  -135.000000
-17015.351543 17979.843823  5642.995869    -3.295272    -0.265425    -0.139982 42681906.071699     0.012600    13.930000     5.779917  -180.000000  -135.000000
-25532.331398 33060.792438  6183.943694    -2.437432    -1.770650    -0.598673 41748205.948862     0.016600    14.150000    -0.020020   180.000000    45.000000
 -247.689065  7145.393757  3223.952132    -0.910441    -2.917104     6.427777 41748205.948862     0.016600    14.150000    -0.020020   180.000000    45.000000
-27863.832305 35663.535858  7055.716496    -2.190526    -1.737320    -0.623355 42838106.252262     0.009400    12.280000   -37.520119     0.000000    45.000000
-25454.916808 32948.626882  6132.972330    -2.439557    -1.780207    -0.604805 42838106.252262     0.009400    12.280000   -37.520119     0.000000    45.000000
-3775.277717 10159.397784  3520.862293    -0.058850    -0.952660     5.362917 42228706.048405     0.000800    14.280000     7.019952    -0.000000  -135.000000
-23335.644901 30724.608849  6291.570186    -2.670853    -1.800531    -0.445533 42228706.048405     0.000800    14.280000     7.019952    -0.000000  -135.000000
-25427.391701 33281.858595  6223.493121    -2.451807    -1.737544    -0.612129 41003406.060974     0.025800    11.340000   -33.310032     0.000000    45.000000
-26424.295087 33715.602200  6961.472298    -2.415714    -1.683432    -0.639914 41003406.060974     0.025800    11.340000   -33.310032     0.000000    45.000000
-25257.379408 32918.175394  6832.578998    -2.462255    -1.758584    -0.555753 42510842.674800     0.009602    14.894326     0.569963     0.000000  -135.000000
-25307.026149 32725.471293  6317.754685    -2.451938    -1.784602    -0.576834 42510842.674800     0.009602    14.894326     0.569963     0.000000  -135.000000
-31233.619369 28045.889126  7816.664015    -2.085846    -2.155730    -0.555966 42330906.007444     0.009600    13.830000     4.219914  -180.000000  -135.000000
-1388.444071  6416.236023  3098.682989    -1.883336     2.797187    -6.587538 42330906.007444     0.009600    13.830000     4.219914  -180.000000  -135.000000
-25127.032457 32376.995972  6174.465222    -2.698816    -1.584884     0.393772 40936085.463388     0.040810    12.889426    -3.450129   180.000000    45.000000
-1150.956971  6525.506678  3117.477192    -1.581366     2.881398    -6.602410 40936085.463388     0.040810    12.889426    -3.450129   180.000000    45.000000
-28215.811809 36032.823052  7217.481018    -2.129229    -1.939170    -0.507102 41838405.819586     0.017700    13.990000    -1.640059     0.000000    45.000000
-3356.886980  7948.867395  3263.544582    -2.403936    -6.150603     3.779596 41838405.819586     0.017700    13.990000    -1.640059     0.000000    45.000000
-2993.456276  7507.532539  3269.549264    -8.268128    -0.217900     2.930320 42163205.755240     0.022300    11.120000   -25.260068    -0.000000  -135.000000
-25651.678635 33371.383567  6952.057171    -2.445773    -1.696322    -0.567568 42163205.755240     0.022300    11.120000   -25.260068    -0.000000  -135.000000
-25822.309374 33516.569469  6842.115103    -2.407241    -1.753600    -0.589335 41954405.677161     0.013200    11.600000   -32.970109  -180.000000  -135.000000
-25862.481999 33337.202865  6877.375639    -2.366397    -1.816271     0.141171 41954405.677161     0.013200    11.600000   -32.970109  -180.000000  -135.000000
-25987.354757 33704.607579  6910.931001    -2.404544    -1.728884    -0.609913 41117905.868330     0.025500    12.640000   -16.590117    -0.000000    45.000000
-30563.501554 28042.194293  7585.556960    -2.116115    -2.176472    -0.536408 41117905.868330     0.025500    12.640000   -16.590117    -0.000000    45.000000
-7108.489543 11987.385697  3930.623481    -2.050320    -2.518751    -3.468683 40464405.405166     0.040900    11.150000   -34.040136  -180.000000  -135.000000
-2311.176397  6616.190430  3177.223799    -0.981774     2.879864    -6.505193 40464405.405166     0.040900    11.150000   -34.040136  -180.000000  -135.000000
-12452.834613 17192.276528  4519.937485    -4.656610    -1.172264     0.207333 41876907.678301     0.168800    13.870000   -62.830094   180.000000    45.000000
-25808.685165 33377.830981  6166.274744    -2.404125    -1.763606    -0.630993 41876907.678301     0.168800    13.870000   -62.830094   180.000000    45.000000
-25618.620780 33075.765948  6253.196361    -2.444129    -1.755252    -0.604611 42423206.077677     0.001300    14.830000     1.769878  -180.000000    45.000000
-25257.840040 33132.208821  6156.443288    -2.454414    -1.758667    -0.597046 42423206.077677     0.001300    14.830000     1.769878  -180.000000    45.000000
-4514.224918  6767.817921  3245.794644    -1.480907    -6.658106     4.002991 41573306.112654     0.020400    13.370000     1.389990   180.000000    45.000000
-26012.152388 33590.821543  6746.233913    -2.439085    -1.659305    -0.559683 41573306.112654     0.020400    13.370000     1.389990   180.000000    45.000000
-24137.447658 31060.705590  6679.390883    -2.601220    -1.812387    -0.459453 42540806.006898     0.020600    13.860000     5.240000  -180.000000  -135.000000
-27913.846924 36228.164293  7380.101469    -2.144543    -1.919659    -0.510718 42540806.006898     0.020600    13.860000     5.240000  -180.000000  -135.000000
-30157.420716 27512.535110  7290.288532    -1.167741    -0.764932     2.796811 41529206.113413     0.024700    13.620000     0.330000   180.000000    45.000000
-20806.104076 28038.106092  4887.977755    -2.809726    -1.991809    -0.701461 41529206.113413     0.024700    13.620000     0.330000   180.000000    45.000000
-25548.398882 32948.004109  5878.224587    -2.413253    -1.807342    -0.603283 41187505.853082     0.046000    11.900000   -28.030148    -0.000000  -135.000000
-25456.947244 33024.021931  5925.033784    -2.369319    -1.885764     0.136967 41187505.853082     0.046000    11.900000   -28.030148    -0.000000  -135.000000
-30566.214409 27626.131131  7310.287937    -2.118941    -2.185573    -0.565909 42299440.891029     0.004690    14.100330     1.819971   180.000000  -135.000000
-30483.036364 27816.903508  8735.050607    -2.109230    -2.213123    -0.315182 42299440.891029     0.004690    14.100330     1.819971   180.000000  -135.000000
-30389.028180 27826.996823  7461.297284    -2.157349    -2.156344    -0.542216 41823806.012675     0.019800    13.470000     2.539910   180.000000  -135.000000
-30186.318959 27765.864992  7155.447093    -2.158381    -2.167542    -0.538268 41823806.012675     0.019800    13.470000     2.539910   180.000000  -135.000000
-30978.445572 28195.592580  7139.485288    -2.113627    -2.133405    -0.572314 41477106.038899     0.030000    13.090000     1.749918   180.000000  -135.000000
-31614.561475 28622.989435  7643.843090    -2.030532    -2.143291    -0.590724 41477106.038899     0.030000    13.090000     1.749918   180.000000  -135.000000
-31069.852384 28262.908640  7967.465305    -2.096611    -2.147413    -0.555425 42326406.268523     0.029800    14.510000     2.709924     0.000000    45.000000
-27923.418339 25754.589841  7372.040045    -2.228198    -2.416205    -0.567437 42326406.268523     0.029800    14.510000     2.709924     0.000000    45.000000
-31452.843389 28234.127214  7838.797982    -2.071474    -2.153348    -0.520716 42287903.982250     0.003200    14.510000     1.929981   180.000000    45.000000
-30304.782005 27341.625208  7131.404349    -2.117294    -2.222549    -0.572863 42287903.982250     0.003200    14.510000     1.929981   180.000000    45.000000
-30734.915794 28321.985601  7613.429337    -2.121500    -2.145453    -0.509419 42068706.078910     0.016000    14.000000     2.249883   180.000000  -135.000000
-31399.853074 28726.719794  8169.769941    -2.084661    -2.108224    -0.539657 42068706.078910     0.016000    14.000000     2.249883   180.000000  -135.000000
-32594.720361 29322.280241  9063.601234    -1.973317    -2.129455    -0.517891 42674206.223876     0.000300    14.280000     8.179982    -0.000000  -135.000000
-9741.528737  9168.709257  4063.645437    -4.849130    -1.289009    -0.573339 42674206.223876     0.000300    14.280000     8.179982    -0.000000  -135.000000
-31055.680598 28237.753688  7730.382849    -2.059452    -2.208470    -0.477790 40412305.906332     0.085400    11.450000   -30.020057  -180.000000  -135.000000
-30647.589636 28036.428369  7579.224808    -2.076882    -2.224371    -0.499736 40412305.906332     0.085400    11.450000   -30.020057  -180.000000  -135.000000
-9304.229595  6986.864170  3738.562270     0.661037     3.350753    -4.577995 44743905.617817     0.082100    12.300000   -12.910000  -180.000000  -135.000000
-30617.042553 27957.914381  7459.290141    -2.105077    -2.181007    -0.560364 44743905.617817     0.082100    12.300000   -12.910000  -180.000000  -135.000000
-6560.047188  3941.361519  3286.111151    -1.285123     2.196350    -6.309993 41777805.815369     0.017800    12.230000   -31.680130    -0.000000  -135.000000
-31208.206211 28298.458237  7835.566450    -2.080127    -2.153742    -0.540272 41777805.815369     0.017800    12.230000   -31.680130    -0.000000  -135.000000
-8827.639537 10749.110075  3794.542005    -0.543216    -5.903920     1.070089 42094606.014790     0.023900    14.450000     3.019923   180.000000    45.000000
-30753.977646 28013.744612  6981.748150    -2.057593    -2.280713     0.102790 42094606.014790     0.023900    14.450000     3.019923   180.000000    45.000000
-31397.027709 28581.117026  6937.189847    -2.026355    -2.139139    -0.581008 42302365.213120     0.003586    14.099629     2.049867   180.000000    45.000000
-3242.292525  7613.975987  3500.529530    -2.551746    -6.309903     3.724702 42302365.213120     0.003586    14.099629     2.049867   180.000000    45.000000
-32486.317464 29900.311313  6831.550419    -2.081610    -1.972308    -0.673805 42149518.227912     0.007288    13.930521     1.349913     0.000000    45.000000
-5703.944347  3494.798972  3097.004891     0.984247    -3.868040     6.173519 42149518.227912     0.007288    13.930521     1.349913     0.000000    45.000000
-30820.204109 28185.181862  6175.480897    -2.086439    -2.173349    -0.656145 41017306.348335     0.038200    12.910000    -4.350011     0.000000    45.000000
-30015.878434 27333.823649  6508.977353    -2.162640    -2.206555    -0.575104 41017306.348335     0.038200    12.910000    -4.350011     0.000000    45.000000
-6812.039834  4336.595845  3260.544623    -3.182022    -5.421632     1.083762 43215406.082307     0.019300    14.470000     6.819921    -0.000000  -135.000000
-5703.945604  3494.801782  3097.001379     0.984244    -3.868038     6.173521 43215406.082307     0.019300    14.470000     6.819921    -0.000000  -135.000000
-7251.375191  2730.668838  3189.003549     1.348458    -3.878307     5.687476 42360505.980585     0.005900    14.790000     3.579991    -0.000000  -135.000000
-29658.150556 26573.704513  6199.639200    -2.228488    -2.183143    -0.595256 42360505.980585     0.005900    14.790000     3.579991    -0.000000  -135.000000
-6170.240796  1419.843088  3095.565572    -3.633852    -1.293949    -6.521044 43614104.392029     0.048900    12.190000   -16.900009  -180.000000  -135.000000
-30830.587725 27884.105962  6866.315550    -2.101397    -2.175536    -0.697085 43614104.392029     0.048900    12.190000   -16.900009  -180.000000  -135.000000
-6069.803905  9150.255293  3838.450517    -2.461377    -1.702311     4.405998 38833406.471041     0.095100    12.060000   -14.030000   180.000000    45.000000
-30068.271529 27430.102237  6948.413889    -2.169639    -2.175985    -0.564669 38833406.471041     0.095100    12.060000   -14.030000   180.000000    45.000000
-31704.495688 28988.910356  5638.191291    -2.030375    -2.120080    -0.676668 41588106.059538     0.013800    12.320000   -27.440092     0.000000    45.000000
-27329.655681 24989.765401  5587.398495    -2.654617    -0.914356    -0.341361 41588106.059538     0.013800    12.320000   -27.440092     0.000000    45.000000
-30024.497557 27503.378876  5929.282828    -2.085905    -2.283625     0.064426 42439806.043720     0.006700    14.270000     3.449925  -180.000000  -135.000000
-31487.961933 28856.689458  5308.787391    -2.020316    -2.148951    -0.679206 42439806.043720     0.006700    14.270000     3.449925  -180.000000  -135.000000
-30964.005404 28353.413296  5793.197100    -2.062257    -2.275211     0.104908 43233881.430738     0.043466     9.997794   -24.130018  -180.000000  -135.000000
-6215.684499  3025.039148  3091.217562    -1.787097     2.749773    -6.538700 43233881.430738     0.043466     9.997794   -24.130018  -180.000000  -135.000000
-31070.526763 28248.678871  5268.149614    -2.051661    -2.278571     0.113156 42165706.156968     0.001000    10.150000    53.970000    -0.000000  -135.000000
-14921.793763 11160.344666  4069.659939    -3.037584     0.412517    -2.549317 42165706.156968     0.001000    10.150000    53.970000    -0.000000  -135.000000
-30005.031474 27129.481063  5758.150283    -2.247185    -2.180805    -0.700232 40705906.261919     0.033400    11.070000   -33.340011     0.000000    45.000000
-32458.824077 29113.781482  8522.313992    -1.997585    -2.100957    -0.606421 40705906.261919     0.033400    11.070000   -33.340011     0.000000    45.000000
-30624.427078 27690.085955  5281.636661    -1.086117    -1.309308    -0.190258 41209305.612446     0.042100    10.490000   -36.310106    -0.000000  -135.000000
-31773.775057 29096.978070  5575.046976    -2.064514    -2.076413    -0.688359 41209305.612446     0.042100    10.490000   -36.310106    -0.000000  -135.000000
-10162.883804  4120.528645  3587.258172    -2.242127     0.300613    -5.157992 41064805.751564     0.031400     9.200000   -30.580086   180.000000    45.000000
-31570.780548 28874.069724  6133.560549    -2.062441    -2.110723    -0.636028 41064805.751564     0.031400     9.200000   -30.580086   180.000000    45.000000
-30004.239324 26979.894138  5805.030540    -2.033986    -2.321111     0.040363 39423905.389393     0.020900     8.770000   -41.410124    -0.000000  -135.000000
-15673.838535 10615.257535  4099.801154    -2.566886    -2.131899    -0.502230 39423905.389393     0.020900     8.770000   -41.410124    -0.000000  -135.000000
-33000.986176 29712.734715  4332.330990    -1.989552    -2.008102    -0.712460 41633105.989476     0.014300     8.960000   -34.100144  -180.000000  -135.000000
-3939.382389  8110.634130  3132.965332    -1.962672    -6.074872     3.792445 41633105.989476     0.014300     8.960000   -34.100144  -180.000000  -135.000000
 -992.731483  6184.962774  3023.207783    -3.428099    -3.658094     5.810655 41064806.126279     0.031400     9.200000   -30.580086   180.000000    45.000000
-31288.349797 28396.670856  4882.215251    -2.061267    -2.152091    -0.673160 41064806.126279     0.031400     9.200000   -30.580086   180.000000    45.000000
