Campaign           Name                              Osc_epoch     Date      Time        arcl [min]    # obs mag_c   mag_u  a(km)        e          i(dg)     raan(dg)   w(dg)      s(dg)      dn(dg/d) da(km)       de         di(dg)    draan(dg)  dw(dg)     ds(dg)     R.A.(h)      Decl.(dg)    lon(dg)   lat(dg)  
followjan20        geo-0001:sv1-20200118-U-10-1       58866.908566 20-JAN-18 21:48:20.10      3.666240    10  16.70  17.10  78082.37279  0.0000000   33.9649    52.5684     0.0000    20.4501  -459.75      0.00428  0.0000000    0.0042     0.0028     0.0000     0.0023   4.39335190    9.4708093   -15.103    11.256
svyjan20           geo-0002:sv1-20200118-S-24-1A      58867.132306 20-JAN-19 03:10:31.23      2.933280     3  12.20  12.80  42179.49007  0.0000000    8.8151    44.5193     0.0000   137.0284    -0.19      0.00958  0.0000000    0.0144     0.0864     0.0000     0.0854  12.26217269    2.0746910    16.263     5.996
svyjan20           geo-0001:sv1-20200118-S-26-1B      58867.182468 20-JAN-19 04:22:45.23      1.465920     3  16.60  17.20  42301.98422  0.0000000   17.9793    23.4531     0.0000   157.9183    -1.76      0.00734  0.0000000    0.0139     0.0182     0.0000     0.0174  12.18446445    2.5718538    -1.379     6.664
svyjan20           geo-0003:sv1-20200118-S-26-1B      58867.183486 20-JAN-19 04:24:13.19      2.200320     3  16.30  16.90  40748.06189  0.0000000    6.9888   111.8063     0.0000    70.4956    18.13      0.00820  0.0000000    0.0058     0.1359     0.0000     0.1349  12.18042973    2.4208328    -1.932     6.586
svyjan20           geo-0003:sv1-20200118-S-29-1B      58867.221009 20-JAN-19 05:18:15.17      2.933280     5  18.70  19.30  45886.32466  0.0000000    6.2262   100.1697     0.0000    81.5140   -47.64      0.00363  0.0000000    0.0010     0.0617     0.0000     0.0613  12.06575520    2.4329279   -16.011     6.158
svyjan20           geo-0002:sv1-20200118-S-32-1B      58867.282145 20-JAN-19 06:46:17.32      2.200320     3  12.10  12.60  42590.50921  0.0000000    8.6378    47.3179     0.0000   134.4359    -5.45      0.00582  0.0000000    0.0083     0.0561     0.0000     0.0554  11.55576095    2.2322170   -37.633     6.156
svyjan20           geo-0001:sv1-20200118-S-4-1B       58866.850350 20-JAN-18 20:24:30.24      2.200320     3  18.20  18.80  40915.78713  0.0000000   14.2066   333.1115     0.0000    83.6248    15.98      0.03441  0.0000000    0.0081     0.2976     0.0000     0.2885   3.52229234   11.3312111    -7.305    14.117
svyjan20           geo-0005:sv1-20200118-S-4-1B       58866.853405 20-JAN-18 20:28:54.19      0.732960     2  16.60  17.20  38472.52286  0.0000000   24.7951   270.4065     0.0000   143.9453    47.26      0.00000  0.0000000    0.0000     0.0000     0.0000     0.0000   3.54005584   11.3409133    -7.999    14.290
svyjan20           geo-0003:sv1-20200118-S-4-1B       58866.857479 20-JAN-18 20:34:46.18      2.933280     4  18.20  18.70  50492.22593  0.0000000   16.1836   291.5120     0.0000   124.5461  -106.59      0.02806  0.0000000    0.0268     0.1384     0.0000     0.1330   3.52283903   11.0915907    -9.268    13.272
svyjan20           geo-0003:sv1-20200119-S-20-1A      58868.129817 20-JAN-20 03:06:56.18      2.200320     4  12.00  12.70  42186.58149  0.0000000    8.8116    44.5432     0.0000   137.1091    -0.28      0.00652  0.0000000    0.0098     0.0589     0.0000     0.0582  12.26470084    2.0703046    16.280     5.985
svyjan20           geo-0001:sv1-20200119-S-21-1A      58868.143729 20-JAN-20 03:26:58.18      2.200320     3  15.90  16.50  45535.28790  0.0000000   13.7727    24.0110     0.0000   157.3921   -43.15      0.01789  0.0000000    0.0310     0.0539     0.0000     0.0525  12.22555592    1.3741388    11.257     5.251
svyjan20           geo-0002:sv1-20200119-S-21-1A      58868.148822 20-JAN-20 03:34:18.22      1.467360     3  16.70  17.30  34221.39311  0.0000000    7.2604    74.8202     0.0000   106.0644   101.67      0.00473  0.0000000    0.0035     0.0936     0.0000     0.0929  12.22587283    2.1500543     8.436     6.975
svyjan20           geo-0003:sv1-20200119-S-21-1B      58868.148567 20-JAN-20 03:33:56.18      1.467360     3  16.50  17.10  34244.62645  0.0000000    7.2350    75.4334     0.0000   105.3342   101.37      0.00221  0.0000000    0.0016     0.0439     0.0000     0.0436  12.22271070    2.1517466     8.405     6.976
svyjan20           geo-0001:sv1-20200123-S-21-1A      58872.118394 20-JAN-24 02:50:29.24      2.933280     5  11.70  12.30  42182.18180  0.0000000    8.8214    44.5401     0.0000   136.9386    -0.23      0.00495  0.0000000    0.0074     0.0447     0.0000     0.0443  12.26059604    2.0845907    16.289     6.010
svyjan20           geo-0001:sv1-20200123-S-24-1A      58872.181009 20-JAN-24 04:20:39.17      2.200320     3  15.50  16.00  45814.50417  0.0000000   13.7068    24.0385     0.0000   157.1955   -46.72      0.03322  0.0000000    0.0572     0.1011     0.0000     0.0984  12.13062266    1.4155492    -6.314     5.269
svyjan20           geo-0001:sv1-20200123-S-25-1B      58872.202815 20-JAN-24 04:52:03.21      1.467360     3  19.40  19.90  38145.20099  0.0000000   32.5466    12.6151     0.0000   167.0091    51.45      0.01795  0.0000000    0.0409     0.0176     0.0000     0.0152  12.08055386    2.4954130   -14.395     6.946
svyjan20           geo-0004:sv1-20200123-S-27-1B      58872.244678 20-JAN-24 05:52:20.17      0.732960     2  17.50  18.00  31276.71915  0.0000000    8.7600   120.1918     0.0000    62.6294   139.36      0.00000  0.0000000    0.0000     0.0000     0.0000     0.0000  11.59508095    2.4312536   -28.571     7.773
svyjan20           geo-0001:sv1-20200123-S-28-1A      58872.268521 20-JAN-24 06:26:40.21      2.200320     4  18.70  19.20  38622.88710  0.0000000    5.9323    90.3778     0.0000    91.6706    45.33      0.01185  0.0000000    0.0016     0.2600     0.0000     0.2586  11.54231188    1.4037673   -37.666     5.930
svyjan20           geo-0001:sv1-20200123-S-3-1A       58871.845801 20-JAN-23 20:17:57.20      2.933280     5  17.60  18.40  45535.97269  0.0000000    4.3968   299.3440     0.0000   114.5815   -43.15      0.00638  0.0000000    0.0050     0.1415     0.0000     0.1411   3.38018889    0.1504044   -13.139     3.998
svyjan20           geo-0002:sv1-20200123-S-3-1A       58871.860570 20-JAN-23 20:39:13.24      2.933280     5  16.80  17.60  46207.48249  0.0000000    4.2804   302.8855     0.0000   111.7448   -51.75      0.00706  0.0000000    0.0049     0.1616     0.0000     0.1612   3.38124526    0.1712101   -17.774     3.975
svyjan20           geo-0001:sv1-20200123-S-3-1B       58871.860824 20-JAN-23 20:39:35.19      2.933280     5  15.10  15.80  48588.03869  0.0000000    4.7809   335.0403     0.0000    79.6526   -82.22      0.03873  0.0000000    0.0121     0.7968     0.0000     0.7940   3.38035635    1.1855322   -17.894     4.703
svyjan20           geo-0002:sv1-20200124-S-13-1A      58873.116368 20-JAN-25 02:47:34.19      2.200320     4  11.70  12.20  42174.19598  0.0000000    8.8148    44.5928     0.0000   137.1382    -0.12      0.00454  0.0000000    0.0068     0.0410     0.0000     0.0406  12.27064634    2.0653343    16.286     5.983
svyjan20           geo-0002:sv1-20200124-S-13-1B      58873.120187 20-JAN-25 02:53:04.15      2.933280     5  17.10  17.60  41912.29424  0.0000000    6.9733   112.2394     0.0000    70.0359     3.23      0.00866  0.0000000    0.0060     0.1387     0.0000     0.1377  12.26539587    2.4402241    14.975     6.552
svyjan20           geo-0003:sv1-20200124-S-19-1A      58873.191414 20-JAN-25 04:35:38.16      0.732960     2  19.30  19.80  41394.69003  0.0000000    6.5314    59.1412     0.0000   122.5243     9.85      0.00000  0.0000000    0.0000     0.0000     0.0000     0.0000  12.10567967    1.3152067   -11.040     5.504
svyjan20           geo-0013:sv1-20200124-S-19-1A      58873.203127 20-JAN-25 04:52:30.17      0.732960     2  19.10  19.60  53257.22930  0.0000000    7.6096   142.3676     0.0000    40.4841  -141.99      0.00000  0.0000000    0.0000     0.0000     0.0000     0.0000  12.11286484    1.5301725   -14.502     4.932
svyjan20           geo-0001:sv1-20200124-S-23-1A      58873.238081 20-JAN-25 05:42:50.19      2.933280     4  19.60  20.00  49730.44446  0.0000000    5.2703    78.4646     0.0000   102.7418   -96.84      0.01385  0.0000000    0.0053     0.2493     0.0000     0.2483  11.59060920    1.5210127   -28.463     5.140
svyjan20           geo-0001:sv1-20200125-S-30-1A      58874.290535 20-JAN-26 06:58:22.22      1.467360     3  14.80  15.20  33880.86457  0.0000000   55.0326   178.9839     0.0000     7.8892   106.03      0.02124  0.0000000    0.0565     0.0099     0.0000     0.0068  11.52126204    1.3426816   -46.117     6.458
svyjan20           geo-0002:sv1-20200125-S-30-1B      58874.276530 20-JAN-26 06:38:12.19      1.467360     3  17.30  17.70  52029.94056  0.0000000    6.3938    70.5851     0.0000   110.5268  -126.28      0.01487  0.0000000    0.0085     0.2020     0.0000     0.2008  11.52351068    2.5651847   -43.357     5.986
svyfeb20           geo-0001:sv1-20200217-S-3-1A       58896.979701 20-FEB-17 23:30:46.16      2.200320     4  19.50  19.60  43457.92259  0.0000000   13.0504    27.2155     0.0000   101.5709   -16.56      0.00494  0.0000000    0.0020     0.0426     0.0000     0.0415   8.39523410   10.1011550   -11.021    12.781
svyfeb20           geo-0001:sv1-20200217-S-3-1B       58896.984030 20-FEB-17 23:37:00.19      2.200320     3  18.80  18.80  42708.22888  0.0000000   14.4276    58.3756     0.0000    71.5420    -6.96      0.00424  0.0000000    0.0027     0.0329     0.0000     0.0318   8.40152624   11.0924482   -12.309    13.671
svyfeb20           geo-0002:sv1-20200217-S-3-1B       58896.990141 20-FEB-17 23:45:48.18      1.467360     3  15.60  15.70  35800.79625  0.0000000   14.2559    43.9732     0.0000    85.7136    81.46      0.01306  0.0000000    0.0026     0.1323     0.0000     0.1282   8.40077032   11.1357441   -14.323    14.215
svyfeb20           geo-0034:sv1-20200218-S-2-1B       58897.875905 20-FEB-18 21:01:18.19      0.732960     2  19.50  19.50  29152.04803  0.0000000   23.9586    90.6134     0.0000    38.9262   166.56      0.00000  0.0000000    0.0000     0.0000     0.0000     0.0000   9.02448387   10.2321221    23.421    14.782
svyfeb20           geo-0001:sv1-20200218-S-35-1A      58898.154910 20-FEB-19 03:43:04.22      1.467360     3  16.30  16.70  33826.15183  0.0000000    5.3785    77.5258     0.0000   123.7471   106.73      0.00937  0.0000000    0.0139     0.2199     0.0000     0.2190  13.36250788   -0.4620441    -2.949     4.470
svyfeb20           geo-0002:sv1-20200218-S-35-1A      58898.166113 20-FEB-19 03:59:12.16      2.933280     5  13.40  13.90  42644.27277  0.0000000    4.3226    73.2194     0.0000   128.9914    -6.14      0.00480  0.0000000    0.0062     0.0996     0.0000     0.0993  13.35352276   -0.4811307    -6.093     3.358
svyfeb20           geo-0002:sv1-20200218-S-35-1B      58898.149563 20-FEB-19 03:35:22.24      4.400640     7  16.60  17.10  53487.41254  0.0000000   22.5176    30.3206     0.0000   171.0420  -144.93      0.02191  0.0000000    0.0340     0.0137     0.0000     0.0130  13.35422687    0.1217749    -0.373     3.419
svyfeb20           geo-0003:sv1-20200218-S-35-1B      58898.152618 20-FEB-19 03:39:46.19      2.200320     4  16.70  17.20  42844.45033  0.0000000    9.0140   176.8205     0.0000    25.2474    -8.70      0.02246  0.0000000    0.0408     0.1254     0.0000     0.1237  13.36072313   -0.1415044    -1.717     3.832
svyfeb20           geo-0004:sv1-20200218-S-35-1B      58898.166368 20-FEB-19 03:59:34.19      2.200320     4  16.70  17.10  40411.95664  0.0000000    5.5076    75.8833     0.0000   126.3007    22.43      0.00314  0.0000000    0.0040     0.0566     0.0000     0.0563  13.36025886    0.1040765    -6.164     4.436
svyfeb20           geo-0001:sv1-20200218-S-37-1B      58898.176877 20-FEB-19 04:14:42.17      1.465920     3  19.00  19.40  30544.05366  0.0000000   21.0801   186.1215     0.0000    16.0919   148.74      0.02556  0.0000000    0.0743     0.0624     0.0000     0.0583  13.29525444    0.0346833   -11.082     5.722
svyfeb20           geo-0005:sv1-20200218-S-37-1B      58898.176877 20-FEB-19 04:14:42.17      0.732960     2  19.40  19.80  30570.96194  0.0000000   21.2003   186.2296     0.0000    15.9926   148.40      0.00000  0.0000000    0.0000     0.0000     0.0000     0.0000  13.29529734    0.0353644   -11.079     5.718
svyfeb20           geo-0001:sv1-20200218-S-40-1A      58898.221843 20-FEB-19 05:19:27.23      2.200320     3  17.00  17.40  57260.25100  0.0000000   29.7137    26.3445     0.0000   174.7663  -193.23      0.01348  0.0000000    0.0197     0.0039     0.0000     0.0035  13.22522344   -0.2825077   -26.705     2.591
svyfeb20           geo-0003:sv1-20200218-S-40-1B      58898.213949 20-FEB-19 05:08:05.19      0.732960     2  18.60  18.90  48321.52695  0.0000000   15.6693    36.1313     0.0000   165.4197   -78.81      0.00000  0.0000000    0.0000     0.0000     0.0000     0.0000  13.24411561    0.2140379   -23.580     3.899
svyfeb20           geo-0001:sv1-20200218-S-42-1A      58898.243417 20-FEB-19 05:50:31.22      2.200320     4  14.60  15.00  39978.58823  0.0000000    9.5030   180.6544     0.0000    21.6287    27.98      0.03644  0.0000000    0.0736     0.1807     0.0000     0.1785  13.16493977   -0.5755505   -34.275     3.489
svyfeb20           geo-0006:sv1-20200218-S-45-1A      58898.280800 20-FEB-19 06:44:21.12      0.732960     2  19.70  20.00  46598.62062  0.0000000    4.0130    74.7276     0.0000   126.9943   -56.76      0.00000  0.0000000    0.0000     0.0000     0.0000     0.0000  13.11096606   -0.3336922   -47.994     3.204
svyfeb20           geo-0002:sv1-20200219-S-2-1A       58898.854620 20-FEB-19 20:30:39.16      2.933280     5  14.70  14.70  51496.49936  0.0000000   12.4093    40.8385     0.0000    89.5564  -119.45      0.00769  0.0000000    0.0004     0.0590     0.0000     0.0576   9.02421630    9.4507186    33.460    12.409
svyfeb20           geo-0001:sv1-20200219-S-34-1A      58899.176337 20-FEB-20 04:13:55.51      2.200320     4  12.70  13.10  42638.63873  0.0000000    4.3156    73.3991     0.0000   128.4143    -6.07      0.00593  0.0000000    0.0075     0.1245     0.0000     0.1241  13.30574129   -0.4648391   -11.167     3.380
svyfeb20           geo-0002:sv1-20200219-S-34-1A      58899.183466 20-FEB-20 04:24:11.46      2.200320     4  19.60  20.00  46899.92963  0.0000000    3.2022   118.6181     0.0000    83.7108   -60.61      0.02294  0.0000000    0.0047     0.7401     0.0000     0.7390  13.31087215   -0.3428714   -13.314     3.183
svyfeb20           geo-0001:sv1-20200219-S-34-1B      58899.168953 20-FEB-20 04:03:17.53      1.467360     3  17.80  18.20  32272.14451  0.0000000   16.0195    40.3508     0.0000   160.1952   126.62      0.04189  0.0000000    0.1111     0.1448     0.0000     0.1399  13.31274224   -0.0002644    -9.135     5.365
svyfeb20           geo-0004:sv1-20200219-S-34-1B      58899.176082 20-FEB-20 04:13:33.48      2.200320     4  18.80  19.20  40511.45975  0.0000000    5.4924    76.0802     0.0000   125.6922    21.16      0.00351  0.0000000    0.0044     0.0638     0.0000     0.0635  13.31149643    0.1259832   -11.070     4.458
svyfeb20           geo-0001:sv1-20200219-S-35-1A      58899.199925 20-FEB-20 04:47:53.52      2.200320     4  19.70  20.10  41283.06979  0.0000000    5.1590   158.9630     0.0000    43.0196    11.28      0.00551  0.0000000    0.0084     0.0884     0.0000     0.0881  13.25356638   -0.4646990   -19.708     3.517
svyfeb20           geo-0010:sv1-20200219-S-35-1B      58899.204254 20-FEB-20 04:54:07.54      0.732960     2  18.80  19.20  26589.47370  0.0000000    8.0022    80.0895     0.0000   122.1475   199.36      0.00000  0.0000000    0.0000     0.0000     0.0000     0.0000  13.25446834    0.1921424   -20.647     6.769
svyfeb20           geo-0001:sv1-20200219-S-41-1B      58899.252317 20-FEB-20 06:03:20.18      1.467360     3  16.80  17.20  37953.31336  0.0000000   14.5523   184.8621     0.0000    18.0825    53.90      0.03247  0.0000000    0.0712     0.0945     0.0000     0.0921  13.15141717   -0.0548747   -38.086     4.473
svyfeb20           geo-0001:sv1-20200219-S-43-1B      58899.278567 20-FEB-20 06:41:08.18      2.200320     4  16.70  17.00  39699.38501  0.0000000   25.1521    32.2895     0.0000   168.9454    31.55      0.02050  0.0000000    0.0448     0.0215     0.0000     0.0191  13.10006793    0.2153443   -47.702     4.675
svyfeb20           geo-0004:sv1-20200220-S-35-1B      58900.173926 20-FEB-21 04:10:27.20      0.732960     2  19.60  19.90  50639.63494  0.0000000   21.1367    30.7465     0.0000   170.6064  -108.48      0.00000  0.0000000    0.0000     0.0000     0.0000     0.0000  13.30400315   -0.0250199   -11.200     3.374
svyfeb20           geo-0002:sv1-20200220-S-38-1A      58900.227490 20-FEB-21 05:27:35.13      1.467360     3  11.30  11.60  31865.02704  0.0000000    8.3282    56.9181     0.0000   145.3877   131.83      0.02663  0.0000000    0.0628     0.2980     0.0000     0.2947  13.19115315   -0.5130278   -29.921     4.719
svyfeb20           geo-0002:sv1-20200220-S-38-1B      58900.230291 20-FEB-21 05:31:37.14      2.200320     4  18.10  18.50  48950.16061  0.0000000   15.8299    35.7800     0.0000   165.6476   -86.86      0.03137  0.0000000    0.0528     0.0498     0.0000     0.0478  13.20125639    0.2317218   -31.571     3.877
svyfeb20           geo-0001:sv1-20200220-S-4-1B       58899.890500 20-FEB-20 21:22:19.20      1.465920     3  16.30  16.30  45835.30620  0.0000000   16.5103     5.2718     0.0000   123.5691   -46.99      0.00601  0.0000000    0.0062     0.0328     0.0000     0.0315   8.58425972   11.0357124    19.099    13.697
svyfeb20           geo-0003:sv1-20200220-S-6-1A       58899.920986 20-FEB-20 22:06:13.19      3.666240     4  18.30  18.40  52884.84984  0.0000000   23.1958   341.4672     0.0000   146.7793  -137.22      0.01327  0.0000000    0.0177     0.0291     0.0000     0.0268   8.53318168   10.1257592     8.554    12.462
svyfeb20           geo-0001:sv1-20200220-S-6-1B       58899.921241 20-FEB-20 22:06:35.22      2.933280     4  17.80  17.90  47709.48508  0.0000000   13.4506    43.4207     0.0000    86.8235   -70.98      0.01548  0.0000000    0.0016     0.1188     0.0000     0.1155   8.53474539   11.0209692     8.196    13.430
svyfeb20           geo-0001:sv1-20200221-S-31-1B      58901.178694 20-FEB-22 04:17:19.16      1.467360     3  17.30  17.70  45278.69315  0.0000000    8.8729    47.3219     0.0000   153.9428   -39.86      0.03978  0.0000000    0.0676     0.2139     0.0000     0.2115  13.27304233    0.0423088   -14.346     3.885
svyfeb20           geo-0003:sv1-20200221-S-33-1A      58901.242421 20-FEB-22 05:49:05.17      2.200320     3  17.10  17.40  36659.68184  0.0000000    6.5455    64.9552     0.0000   137.6137    70.46      0.01580  0.0000000    0.0283     0.2248     0.0000     0.2233  13.17211091   -0.2145132   -36.131     4.407
svyfeb20           geo-0003:sv1-20200221-S-33-1B      58901.238602 20-FEB-22 05:43:35.21      2.200320     4  17.00  17.30  49287.93814  0.0000000   15.8912    35.6091     0.0000   165.8052   -91.18      0.02475  0.0000000    0.0414     0.0385     0.0000     0.0369  13.18161253    0.2302216   -35.571     3.850
svyfeb20           geo-0004:sv1-20200221-S-33-1B      58901.241148 20-FEB-22 05:47:15.18      2.200320     4  18.50  18.80  39329.65566  0.0000000   11.2994    43.9128     0.0000   158.1253    36.29      0.01122  0.0000000    0.0232     0.0475     0.0000     0.0465  13.17104137   -0.1434617   -36.003     4.186
svyfeb20           geo-0002:sv1-20200221-S-7-1B       58900.925326 20-FEB-21 22:12:28.16      2.933280     5  18.60  18.70  42633.96721  0.0000000   14.4519    20.4025     0.0000   108.5619    -6.01      0.02278  0.0000000    0.0150     0.1752     0.0000     0.1697   8.51226783   11.0221483     5.108    13.685
svyfeb20           geo-0003:sv1-20200221-S-7-1B       58900.930928 20-FEB-21 22:20:32.17      1.465920     3  10.70  10.80  34600.20234  0.0000000   14.1197    47.1520     0.0000    82.3303    96.82      0.00238  0.0000000    0.0008     0.0251     0.0000     0.0244   8.52156974   10.4151763     2.805    13.991
svymar20           geo-0001:sv1-20200320-S-27-1B      58929.168440 20-MAR-21 04:02:33.21      1.467360     3  15.90  16.00  41488.78829  0.0000000    4.1592    71.6472     0.0000   137.7770     8.65      0.00638  0.0000000    0.0099     0.1232     0.0000     0.1229  13.49369074   -1.3447252   -30.279     2.794
svymar20           geo-0001:sv1-20200320-S-2-1A       58928.864574 20-MAR-20 20:44:59.19      1.467360     3  17.80  17.90  31670.21792  0.0000000   61.4740   337.4220     0.0000   166.8180   134.33      0.00000  0.0000000    0.0000     0.0000     0.0000     0.0000  10.33404421    7.0522264    20.953    11.558
svymar20           geo-0001:sv1-20200320-S-31-1A      58929.198651 20-MAR-21 04:46:03.44      3.666240     6  18.20  18.30  49843.39690  0.0000000    2.2335   164.1353     0.0000    44.3960   -98.29      0.00455  0.0000000    0.0055     0.1392     0.0000     0.1391  13.41409446   -2.0651398   -42.174     1.562
svymar20           geo-0001:sv1-20200320-S-31-1B      58929.207053 20-MAR-21 04:58:09.37      3.666240     4  19.40  19.50  50680.61726  0.0000000    4.3131    64.0425     0.0000   144.6594  -109.01      0.02610  0.0000000    0.0355     0.3321     0.0000     0.3311  13.41478095   -1.0043043   -44.938     2.493
svymar20           geo-0001:sv1-20200320-S-32-1A      58929.228347 20-MAR-21 05:28:49.18      1.467360     3  18.90  19.00  54792.29521  0.0000000   62.4269   207.6868     0.0000     1.0802  -161.64      0.03830  0.0000000    0.0612     0.0020     0.0000     0.0026  13.37316782   -2.2258993   -53.217     0.957
svymar20           geo-0012:sv1-20200320-S-32-1A      58929.236495 20-MAR-21 05:40:33.16      0.732960     2  16.10  16.20  29343.01096  0.0000000   12.7879    52.1063     0.0000   159.5637   164.12      0.00000  0.0000000    0.0000     0.0000     0.0000     0.0000  13.38249955   -1.4237858   -52.209     4.433
svymar20           geo-0007:sv1-20200320-S-32-1B      58929.219435 20-MAR-21 05:15:59.18      0.732960     2  14.70  14.80  24906.53793  0.0000000    6.3640   148.6668     0.0000    63.7427   220.90      0.00000  0.0000000    0.0000     0.0000     0.0000     0.0000  13.37397646   -1.3153033   -45.918     5.705
svymar20           geo-0002:sv1-20200320-S-32-1B      58929.226056 20-MAR-21 05:25:31.23      2.200320     4  13.30  13.40  42198.21991  0.0000000    4.6776    72.9347     0.0000   136.3193    -0.43      0.00498  0.0000000    0.0074     0.0859     0.0000     0.0856  13.37590434   -0.5801339   -51.227     3.229
svymar20           geo-0003:sv1-20200320-S-32-1B      58929.228093 20-MAR-21 05:28:27.23      2.200320     4  15.70  15.80  38795.84463  0.0000000    3.5042   107.9762     0.0000   101.7584    43.12      0.00270  0.0000000    0.0013     0.0967     0.0000     0.0965  13.37310508   -1.0914832   -51.556     3.431
svymar20           geo-0004:sv1-20200320-S-32-1B      58929.229620 20-MAR-21 05:30:39.16      2.933280     5  16.60  16.70  45037.44007  0.0000000    9.4055    46.4318     0.0000   162.4119   -36.77      0.01255  0.0000000    0.0228     0.0442     0.0000     0.0434  13.37328608   -1.0643996   -52.797     2.830
svymar20           geo-0005:sv1-20200320-S-32-1B      58929.231657 20-MAR-21 05:33:35.16      3.666240     6  16.80  16.90  55124.66819  0.0000000   63.5454   207.6996     0.0000     1.8537  -165.89      0.01773  0.0000000    0.0282     0.0014     0.0000     0.0012  13.38414018   -1.3553317   -54.073     1.660
svymar20           geo-0001:sv1-20200320-S-3-1A       58928.898347 20-MAR-20 21:33:37.18      2.200320     4  17.10  17.10  43282.27772  0.0000000   19.2599     5.0901     0.0000   146.8135   -14.31      0.01033  0.0000000    0.0173     0.0339     0.0000     0.0321  10.29361583    7.1528815    11.119    10.402
svymar20           geo-0005:sv1-20200320-S-3-1B       58928.898093 20-MAR-20 21:33:15.23      0.732960     2  17.10  17.20  43239.72225  0.0000000   19.1824     5.2504     0.0000   146.5689   -13.76      0.00000  0.0000000    0.0000     0.0000     0.0000     0.0000  10.29157065    7.1708693    11.120    10.429
svymar20           geo-0002:sv1-20200320-S-4-1A       58928.915500 20-MAR-20 21:58:19.20      2.933280     5  19.50  19.60  54455.91574  0.0000000   18.1015     5.0978     0.0000   147.2606  -157.33      0.03826  0.0000000    0.0496     0.1018     0.0000     0.0969  10.24368545    7.1227095     5.197     9.673
svymar20           geo-0001:sv1-20200320-S-4-1B       58928.925431 20-MAR-20 22:12:37.23      3.666240     6  19.00  19.10  49597.71925  0.0000000   11.8195    31.9433     0.0000   121.3296   -95.15      0.00565  0.0000000    0.0051     0.0400     0.0000     0.0392  10.24422787    7.2434963     1.766    10.077
svymar20           geo-0001:sv1-20200321-S-1-1A       58929.854586 20-MAR-21 20:30:36.23      2.200320     4  16.60  16.70  41933.11516  0.0000000   19.1056     5.1475     0.0000   146.6270     2.96      0.02415  0.0000000    0.0415     0.0827     0.0000     0.0784  10.36243351    6.5615220    25.782    10.373
svymar20           geo-0001:sv1-20200321-S-30-1A      58930.159794 20-MAR-22 03:50:06.20      1.467360     3  20.30  20.40  35564.92553  0.0000000   23.8688    36.7191     0.0000   172.1240    84.47      0.04729  0.0000000    0.1183     0.0439     0.0000     0.0404  13.49334775   -1.5924087   -28.133     3.179
svymar20           geo-0004:sv1-20200321-S-30-1A      58930.159794 20-MAR-22 03:50:06.20      0.732960     2  19.70  19.80  35696.95571  0.0000000   23.9803    36.6351     0.0000   172.1999    82.78      0.00000  0.0000000    0.0000     0.0000     0.0000     0.0000  13.49332202   -1.5913526   -28.142     3.162
svymar20           geo-0002:sv1-20200321-S-30-1A      58930.163868 20-MAR-22 03:55:58.19      3.666240     6  18.70  18.80  49645.69096  0.0000000    2.2276   162.9993     0.0000    45.9939   -95.76      0.03176  0.0000000    0.0372     1.0038     0.0000     1.0031  13.49077219   -2.0633894   -30.142     1.602
svymar20           geo-0001:sv1-20200321-S-30-1B      58930.158012 20-MAR-22 03:47:32.23      1.467360     3  19.90  20.00  45843.95823  0.0000000    2.7111    93.1764     0.0000   115.8551   -47.10      0.03044  0.0000000    0.0249     1.0759     0.0000     1.0747  13.50008079   -1.3044561   -27.942     2.440
svymar20           geo-0005:sv1-20200321-S-4-1A       58929.907549 20-MAR-21 21:46:52.23      2.200320     4  12.70  12.80  42297.31432  0.0000000   13.8367    19.4941     0.0000   132.9749    -1.70      0.02054  0.0000000    0.0288     0.1280     0.0000     0.1243  10.27191010    6.5029772     6.726    10.077
svymar20           geo-0018:sv1-20200321-S-4-1A       58929.914678 20-MAR-21 21:57:08.17      0.732960     2  19.60  19.70  41422.73803  0.0000000   29.1934   135.4401     0.0000    20.7804     9.49      0.00000  0.0000000    0.0000     0.0000     0.0000     0.0000  10.28168714    6.3858976     4.609     9.965
svymar20           geo-0002:sv1-20200321-S-5-1A       58929.921194 20-MAR-21 22:06:31.16      0.732960     2  17.50  17.60  31180.52254  0.0000000   11.9414    40.9680     0.0000   110.4894   140.59      0.00000  0.0000000    0.0000     0.0000     0.0000     0.0000  10.22321653    6.4957619     0.360    11.176
svymar20           geo-0001:sv1-20200321-S-9-1A       58929.959169 20-MAR-21 23:01:12.20      1.467360     3  16.80  17.00  42630.52749  0.0000000   37.5066   346.1730     0.0000   163.3117    -5.97      0.00000  0.0000000    0.0000     0.0000     0.0000     0.0000  10.13529041    6.5718108   -12.424    10.069
svymar20           geo-0001:sv1-20200324-S-18-1A      58933.178729 20-MAR-25 04:17:22.18      1.467360     3  16.10  16.20  69608.21972  0.0000000    0.8188   180.9526     0.0000    27.1435  -351.28      0.07577  0.0000000    0.0783     2.8253     0.0000     2.8251  13.44413819   -2.1628688   -39.341     0.374
svymar20           geo-0004:sv1-20200324-S-18-1A      58933.190442 20-MAR-25 04:34:14.18      0.732960     2  20.50  20.50  40100.86806  0.0000000   10.8433   195.5658     0.0000    14.5394    26.41      0.00000  0.0000000    0.0000     0.0000     0.0000     0.0000  13.43500418   -1.4946759   -41.807     2.707
svymar20           geo-0006:sv1-20200324-S-18-1A      58933.194516 20-MAR-25 04:40:06.18      0.732960     2  20.70  20.80  42407.04210  0.0000000   55.0432    31.4403     0.0000   176.9596    -3.10      0.00000  0.0000000    0.0000     0.0000     0.0000     0.0000  13.43185951   -1.4721401   -43.437     2.492
svymar20           geo-0001:sv1-20200324-S-18-1B      58933.182039 20-MAR-25 04:22:08.16      2.200320     4  19.20  19.30  45829.22323  0.0000000    2.6833    94.6699     0.0000   114.1960   -46.91      0.01870  0.0000000    0.0144     0.6766     0.0000     0.6759  13.43102828   -1.2917767   -39.740     2.447
svymar20           geo-0002:sv1-20200324-S-18-1B      58933.182039 20-MAR-25 04:22:08.16      1.467360     3  16.50  16.60  31016.55139  0.0000000   11.2128    55.2148     0.0000   154.7493   142.69      0.02582  0.0000000    0.0689     0.1675     0.0000     0.1639  13.43118802   -0.5850827   -38.242     4.758
svymar20           geo-0003:sv1-20200324-S-18-1B      58933.187132 20-MAR-25 04:29:28.20      4.400640     7  18.10  18.10  51539.74712  0.0000000   15.4197    36.5802     0.0000   171.7762  -120.00      0.02064  0.0000000    0.0335     0.0186     0.0000     0.0177  13.42499984   -1.1756728   -41.820     2.180
svymar20           geo-0006:sv1-20200324-S-1-1A       58933.021889 20-MAR-25 00:31:31.20      0.732960     2  19.20  19.40  39135.90747  0.0000000   10.8103    71.5906     0.0000    82.3916    38.77      0.00000  0.0000000    0.0000     0.0000     0.0000     0.0000  10.02004923    7.1757123   -36.971    10.714
svymar20           geo-0001:sv1-20200324-S-1-1B       58933.025199 20-MAR-25 00:36:17.19      4.400640     7  13.50  13.70  61843.76174  0.0000000    9.7992    72.7833     0.0000    79.7808  -251.89      0.00883  0.0000000    0.0020     0.0680     0.0000     0.0670  10.00431210    7.2921504   -39.597     9.642
svymar20           geo-0002:sv1-20200324-S-25-1A      58933.238196 20-MAR-25 05:43:00.13      2.200320     4  13.30  13.30  42565.38575  0.0000000    8.3093    44.0223     0.0000   165.1376    -5.13      0.00810  0.0000000    0.0159     0.0294     0.0000     0.0289  13.34296692   -2.0729844   -59.592     2.124
svymar20           geo-0002:sv1-20200324-S-25-1B      58933.242015 20-MAR-25 05:48:30.09      0.732960     2  19.90  20.00  39864.47128  0.0000000    6.9016    57.0455     0.0000   152.5274    29.44      0.00000  0.0000000    0.0000     0.0000     0.0000     0.0000  13.34070288   -1.1629660   -60.537     3.178
svymay20           geo-0001:sv1-20200517-S-8-1A       58986.982641 20-MAY-17 23:35:00.18      2.200320     4  18.90  19.20  38653.10803  0.0000000    5.8763    82.1271     0.0000   112.3306    44.95      0.01196  0.0000000    0.0105     0.2446     0.0000     0.2433  12.45539917    1.0641648   -35.311     5.434
svymay20           geo-0001:sv1-20200517-S-8-1B       58986.977294 20-MAY-17 23:27:18.20      2.200320     4  18.60  18.90  41080.44364  0.0000000   13.1177    41.9153     0.0000   151.5755    13.88      0.00786  0.0000000    0.0147     0.0349     0.0000     0.0340  12.45495273    2.1731993   -33.824     6.202
svymay20           geo-0002:sv1-20200519-S-31-1B      58989.191925 20-MAY-20 04:36:22.32      3.666240     5  19.30  19.80  51119.82707  0.0000000   18.5304   351.1717     0.0000   304.2490  -114.63      0.04215  0.0000000    0.0390     0.1772     0.0000     0.1680  19.50351027  -20.3529280   -10.542   -15.230
OGS_FUP            geo-0001:sv1-20200519-U-32-1B      58989.208892 20-MAY-20 05:00:48.26      2.200320     4  17.30  18.10  41889.63781  0.0000000   11.4242     5.2364     0.0000   307.1300     3.52      0.02373  0.0000000    0.0296     0.1948     0.0000     0.1909  21.01374852  -14.5732653    -0.600    -9.086
svymay20           geo-0003:sv1-20200520-S-16-1A      58990.002896 20-MAY-21 00:04:10.21      0.732960     2  20.70  20.70  42513.20357  0.0000000    7.3692   353.5883     0.0000   228.3060    -4.46      0.00000  0.0000000    0.0000     0.0000     0.0000     0.0000  14.45333818  -10.5542415   -18.485    -5.496
svymay20           geo-0001:sv1-20200520-S-16-1A      58990.002896 20-MAY-21 00:04:10.21      1.467360     3  20.40  20.50  42949.45646  0.0000000    7.2150   274.2872     0.0000   307.3143   -10.05      0.00000  0.0000000    0.0000     0.0000     0.0000     0.0000  14.46191672  -11.0802440   -18.322    -5.733
svymay20           geo-0002:sv1-20200520-S-16-1A      58990.018683 20-MAY-21 00:26:54.21      2.200320     3  17.00  17.10  55037.68785  0.0000000    8.4345   353.2552     0.0000   229.1638  -164.78      0.01195  0.0000000    0.0117     0.0928     0.0000     0.0918  14.45145893  -10.3109339   -23.732    -6.371
svymay20           geo-0001:sv1-20200520-S-16-1B      58990.012317 20-MAY-21 00:17:44.18      2.933280     5  19.60  19.70  42638.13879  0.0000000    5.7210   277.6044     0.0000   304.2558    -6.06      0.00000  0.0000000    0.0000     0.0000     0.0000     0.0000  14.45022545  -10.0157785   -21.551    -4.726
svymay20           geo-0002:sv1-20200520-S-16-1B      58990.015882 20-MAY-21 00:22:52.20      2.933280     5  18.60  18.70  46136.47880  0.0000000    5.6308   292.8836     0.0000   289.1876   -50.84      0.00154  0.0000000    0.0009     0.0271     0.0000     0.0270  14.45192985  -10.1423570   -22.674    -5.317
svymay20           geo-0003:sv1-20200520-S-16-1B      58990.016391 20-MAY-21 00:23:36.18      2.933280     5  19.60  19.60  48100.90274  0.0000000   14.1896    19.7745     0.0000   202.9690   -75.99      0.03079  0.0000000    0.0497     0.0876     0.0000     0.0849  14.45106079  -10.1223538   -22.903    -5.489
svymay20           geo-0004:sv1-20200520-S-16-1B      58990.019447 20-MAY-21 00:28:00.22      1.467360     3  17.60  17.70  33642.79142  0.0000000    3.8018   340.8301     0.0000   241.9489   109.08      0.01107  0.0000000    0.0139     0.3929     0.0000     0.3920  14.45340903  -10.0511080   -23.391    -3.355
svymay20           geo-0001:sv1-20200521-S-14-1A      58990.980884 20-MAY-21 23:32:28.37      3.666240     6  14.80  14.80  47578.96295  0.0000000    6.4798   292.8304     0.0000   288.8175   -69.31      0.00836  0.0000000    0.0049     0.1239     0.0000     0.1231  14.49539038  -10.5910414   -11.423    -6.132
svymay20           geo-0001:sv1-20200521-S-14-1B      58990.992852 20-MAY-21 23:49:42.41      1.467360     3  19.60  19.60  41015.87303  0.0000000    4.7846   296.9670     0.0000   285.4487    14.70      0.01366  0.0000000    0.0080     0.3318     0.0000     0.3306  14.50568359  -10.0854640   -15.036    -4.611
svymay20           geo-0001:sv1-20200521-S-24-1B      58991.062748 20-MAY-22 01:30:21.42      2.933280     5  18.00  18.10  47414.05206  0.0000000    5.4924   291.0219     0.0000   290.4615   -67.19      0.03704  0.0000000    0.0236     0.6441     0.0000     0.6412  14.33381269   -9.4621467   -41.165    -5.145
svymay20           geo-0001:sv1-20200522-S-13-1A      58991.971738 20-MAY-22 23:19:18.16      3.666240     5  14.30  14.40  47552.98188  0.0000000    6.4760   292.8413     0.0000   288.7752   -68.97      0.00686  0.0000000    0.0040     0.1018     0.0000     0.1011  14.50596407  -10.5847151    -9.139    -6.130
svymay20           geo-0002:sv1-20200522-S-13-1A      58991.972248 20-MAY-22 23:20:02.22      2.200320     4  18.80  18.80  43900.60836  0.0000000    6.2050   288.3314     0.0000   293.3166   -22.22      0.00652  0.0000000    0.0051     0.1075     0.0000     0.1069  14.51278523  -10.5651416    -9.281    -5.696
svymay20           geo-0001:sv1-20200522-S-13-1B      58991.971993 20-MAY-22 23:19:40.19      2.200320     4  17.90  17.90  39652.51426  0.0000000    7.6344   255.0179     0.0000   326.3040    32.15      0.00206  0.0000000    0.0038     0.0188     0.0000     0.0186  14.51038210   -9.5448269    -9.402    -4.227
svymay20           geo-0002:sv1-20200522-S-13-1B      58991.974539 20-MAY-22 23:23:20.16      1.467360     3  19.50  19.60  42517.47448  0.0000000    5.7403   277.2583     0.0000   304.6575    -4.52      0.00000  0.0000000    0.0000     0.0000     0.0000     0.0000  14.52245368  -10.0215970    -9.828    -4.719
svymay20           geo-0003:sv1-20200522-S-13-1B      58991.985234 20-MAY-22 23:38:44.21      2.200320     4  17.80  17.80  46039.93802  0.0000000    5.6226   292.9913     0.0000   289.2230   -49.61      0.01052  0.0000000    0.0065     0.1864     0.0000     0.1855  14.51023674  -10.1456258   -13.439    -5.308
svymay20           geo-0019:sv1-20200522-S-13-1B      58991.987780 20-MAY-22 23:42:24.19      0.732960     2  19.50  19.50  35669.27234  0.0000000    5.5331   263.6209     0.0000   318.9101    83.14      0.00000  0.0000000    0.0000     0.0000     0.0000     0.0000  14.52421778   -9.5842802   -13.995    -3.633
svymay20           geo-0004:sv1-20200522-S-13-1B      58991.987780 20-MAY-22 23:42:24.19      1.465920     3  17.40  17.50  40193.59096  0.0000000   15.5703    26.0805     0.0000   196.9371    25.23      0.03014  0.0000000    0.0622     0.0725     0.0000     0.0702  14.51209567  -10.0758207   -14.228    -4.485
svymay20           geo-0001:sv1-20200522-S-44-1A      58992.206102 20-MAY-23 04:56:47.21      1.467360     3  19.00  19.40  50910.94758  0.0000000   23.0284   336.9296     0.0000   317.3847  -111.95      0.01849  0.0000000    0.0223     0.0522     0.0000     0.0480  19.45372775  -20.4607090   -18.795   -15.359
svyaug20           geo-0002:sv1-20200819-S-28-1A      59081.157365 20-AUG-20 03:46:36.33      4.400640     5  16.70  16.80  56225.96178  0.0000000    6.1681   247.1599     0.0000   103.9343  -179.99      0.04189  0.0000000    0.0154     0.5585     0.0000     0.5553  23.16576560    3.1439659   -34.426     5.986
svyaug20           geo-0003:sv1-20200819-S-28-1A      59081.160420 20-AUG-20 03:51:00.28      4.400640     7  18.20  18.30  52910.78919  0.0000000   25.6095   338.7958     0.0000    13.9627  -137.55      0.00000  0.0000000    0.0000     0.0000     0.0000     0.0000  23.17054561    3.0305414   -35.268     5.986
svyaug20           geo-0001:sv1-20200819-S-28-1B      59081.149471 20-AUG-20 03:35:14.29      2.200320     4  18.80  18.90  41390.43200  0.0000000    9.6512   300.7581     0.0000    51.2412     9.91      0.00941  0.0000000    0.0123     0.0922     0.0000     0.0910  23.17245312    3.5248061   -31.149     7.512
svyaug20           geo-0002:sv1-20200819-S-28-1B      59081.150999 20-AUG-20 03:37:26.31      2.200320     4  19.20  19.30  42190.99376  0.0000000   10.7341   308.2899     0.0000    43.8453    -0.34      0.00359  0.0000000    0.0053     0.0275     0.0000     0.0271  23.17251450    3.5037730   -31.670     7.413
svyaug20           geo-0003:sv1-20200819-S-28-1B      59081.150999 20-AUG-20 03:37:26.31      2.200320     4  18.00  18.10  42545.11728  0.0000000   10.6928   215.2922     0.0000   135.8130    -4.87      0.00627  0.0000000    0.0092     0.0479     0.0000     0.0470  23.17238307    3.5354344   -31.694     7.431
svyaug20           geo-0004:sv1-20200819-S-28-1B      59081.157110 20-AUG-20 03:46:14.30      2.200320     4  17.30  17.40  42596.65409  0.0000000   10.6457   309.1625     0.0000    43.2562    -5.53      0.00523  0.0000000    0.0077     0.0396     0.0000     0.0389  23.17350028    3.4256003   -33.584     7.273
svyaug20           geo-0005:sv1-20200819-S-28-1B      59081.158638 20-AUG-20 03:48:26.32      4.400640     6  20.10  20.20  61191.53215  0.0000000    7.6900   299.6598     0.0000    51.7987  -243.55      0.03003  0.0000000    0.0248     0.2379     0.0000     0.2358  23.17373020    3.3237067   -34.851     6.036
svyaug20           geo-0006:sv1-20200819-S-28-1B      59081.159147 20-AUG-20 03:49:10.30      2.200320     3  20.30  20.40  61231.37609  0.0000000    7.6830   299.6064     0.0000    51.9540  -244.06      0.06270  0.0000000    0.0517     0.4968     0.0000     0.4924  23.18003696    3.3312593   -34.932     6.044
svyaug20           geo-0007:sv1-20200819-S-28-1B      59081.159656 20-AUG-20 03:49:54.27      2.200320     4  15.90  16.00  40786.56214  0.0000000   12.0356   313.1808     0.0000    39.5998    17.64      0.00623  0.0000000    0.0102     0.0409     0.0000     0.0400  23.17347461    3.5709674   -34.269     7.638
svyaug20           geo-0008:sv1-20200819-S-28-1B      59081.162712 20-AUG-20 03:54:18.31      2.933280     5  18.40  18.50  45325.99810  0.0000000    8.1609   293.6831     0.0000    58.4859   -40.47      0.00375  0.0000000    0.0037     0.0427     0.0000     0.0423  23.17085572    3.3513364   -35.620     6.951
svyaug20           geo-0001:sv1-20200819-S-40-1A      59081.227896 20-AUG-20 05:28:10.21      2.933280     5  15.80  15.90  47449.20111  0.0000000    7.4121   285.4519     0.0000    66.0140   -67.64      0.00000  0.0000000    0.0000     0.0000     0.0000     0.0000  23.04456504    3.2622039   -59.772     6.769
svyaug20           geo-0002:sv1-20200819-S-40-1A      59081.228405 20-AUG-20 05:28:54.19      2.200320     4  17.20  17.30  41952.41573  0.0000000   12.5598   318.8417     0.0000    33.7619     2.71      0.00723  0.0000000    0.0123     0.0382     0.0000     0.0373  23.04429894    3.0849805   -59.278     6.941
svyaug20           geo-0001:sv1-20200819-S-40-1B      59081.227641 20-AUG-20 05:27:48.18      2.200320     3  19.00  19.10  42275.94978  0.0000000   10.9862   310.2510     0.0000    42.2816    -1.43      0.00653  0.0000000    0.0098     0.0471     0.0000     0.0463  23.05103869    3.3910949   -58.962     7.366
svyaug20           geo-0002:sv1-20200819-S-40-1B      59081.228150 20-AUG-20 05:28:32.16      2.200320     4  15.30  15.40  47418.68822  0.0000000    7.3722   284.6968     0.0000    66.8429   -67.25      0.00000  0.0000000    0.0000     0.0000     0.0000     0.0000  23.05037827    3.2638368   -59.784     6.775
svyaug20           geo-0001:sv1-20200819-S-5-1B       59080.930002 20-AUG-19 22:19:12.17      2.933280     5  15.90  15.90  42863.88483  0.0000000    7.4269   300.2786     0.0000    14.3695    -8.95      0.00644  0.0000000    0.0125     0.0261     0.0000     0.0258  21.13563312   -2.2726678    11.009     1.838
svyaug20           geo-0002:sv1-20200819-S-6-1A       59080.954030 20-AUG-19 22:53:48.19      1.467360     3  18.10  18.20  42463.97133  0.0000000   10.7536   309.8056     0.0000     5.0766    -3.83      0.00589  0.0000000    0.0119     0.0070     0.0000     0.0067  21.10384294   -3.3224445     2.596     0.946
svyaug20           geo-0003:sv1-20200819-S-6-1A       59080.957595 20-AUG-19 22:58:56.20      1.467360     3  15.90  15.90  37687.67583  0.0000000    2.2705   195.0735     0.0000   119.3259    57.30      0.04186  0.0000000    0.0483     2.1416     0.0000     2.1400  21.09457329   -3.0030195     0.934     1.979
svyaug20           geo-0003:sv1-20200819-S-6-1B       59080.957340 20-AUG-19 22:58:34.17      2.200320     4   7.90  15.90  37696.64935  0.0000000    2.2393   196.4489     0.0000   117.8432    57.19      0.03899  0.0000000    0.0431     2.0487     0.0000     2.0473  21.09187500   -3.0024043     0.918     1.980
svyaug20           geo-0004:sv1-20200819-S-6-1B       59080.959887 20-AUG-19 23:02:14.23      2.933280     5  18.40  18.40  43826.69254  0.0000000   10.2689   307.0595     0.0000     7.9251   -21.28      0.00510  0.0000000    0.0099     0.0087     0.0000     0.0084  21.09229787   -2.5148775     0.548     1.408
svyaug20           geo-0001:sv1-20200820-S-2-1B       59081.888671 20-AUG-20 21:19:41.17      2.933280     4  19.40  19.50  43356.93241  0.0000000    9.6281   305.2648     0.0000     9.4412   -15.26      0.00927  0.0000000    0.0181     0.0198     0.0000     0.0192  21.20080022   -2.3844887    24.986     1.572
svyaug20           geo-0002:sv1-20200820-S-38-1A      59082.163498 20-AUG-21 03:55:26.22      2.933280     5  16.90  17.00  40919.38337  0.0000000   10.0757   310.6218     0.0000    41.5326    15.94      0.00361  0.0000000    0.0057     0.0293     0.0000     0.0289  23.14126548    2.4946398   -37.085     6.661
svyaug20           geo-0004:sv1-20200820-S-38-1A      59082.175720 20-AUG-21 04:13:02.20      2.200320     3  17.80  17.90  43132.54382  0.0000000   12.7687   320.5051     0.0000    32.2428   -12.39      0.00505  0.0000000    0.0085     0.0246     0.0000     0.0240  23.14208295    3.0958647   -41.106     6.772
svyaug20           geo-0002:sv1-20200820-S-38-1B      59082.160697 20-AUG-21 03:51:24.22      2.933280     4  17.90  18.00  45133.03505  0.0000000   13.9721   320.8588     0.0000    31.2700   -38.00      0.00720  0.0000000    0.0116     0.0297     0.0000     0.0289  23.14308229    3.5104039   -36.416     7.200
svyaug20           geo-0003:sv1-20200820-S-38-1B      59082.162225 20-AUG-21 03:53:36.24      1.467360     3  19.40  19.50  50898.87610  0.0000000   11.1148   209.5981     0.0000   141.2518  -111.80      0.02990  0.0000000    0.0388     0.1610     0.0000     0.1580  23.15412436    3.5823511   -36.960     6.930
svyaug20           geo-0004:sv1-20200820-S-38-1B      59082.166299 20-AUG-21 03:59:28.23      2.200320     4  15.70  15.80  40802.12633  0.0000000   12.0325   313.1669     0.0000    39.4008    17.44      0.00622  0.0000000    0.0102     0.0406     0.0000     0.0398  23.14367655    3.5358818   -37.864     7.604
svyaug20           geo-0007:sv1-20200820-S-3-1A       59081.897329 20-AUG-20 21:32:09.22      0.732960     2  13.30  13.40  26953.13213  0.0000000    4.2702   184.1789     0.0000   127.0612   194.71      0.00000  0.0000000    0.0000     0.0000     0.0000     0.0000  21.18246860   -3.3347233    18.602     3.406
svyaug20           geo-0001:sv1-20200820-S-3-1A       59081.897329 20-AUG-20 21:32:09.22      2.933280     5  17.10  17.10  43054.47506  0.0000000   10.1587   307.5728     0.0000     6.7729   -11.39      0.00449  0.0000000    0.0089     0.0071     0.0000     0.0067  21.17331710   -3.0652002    21.526     1.192
svyaug20           geo-0002:sv1-20200820-S-3-1A       59081.901912 20-AUG-20 21:38:45.19      4.400640     5  18.70  18.70  54262.61061  0.0000000   25.4553   315.6767     0.0000   359.7703  -154.86      0.00000  0.0000000    0.0000     0.0000     0.0000     0.0000  21.17427673   -3.3307106    21.100    -0.099
svyaug20           geo-0009:sv1-20200820-S-3-1A       59081.902421 20-AUG-20 21:39:29.17      0.732960     2  20.20  20.20  45892.16307  0.0000000   17.8961   313.7408     0.0000     1.5783   -47.71      0.00000  0.0000000    0.0000     0.0000     0.0000     0.0000  21.19494416   -3.3610916    20.690     0.485
svyaug20           geo-0003:sv1-20200820-S-3-1A       59081.902931 20-AUG-20 21:40:13.23      2.200320     3  18.10  18.10  39634.17299  0.0000000    9.1309   305.0710     0.0000     9.1428    32.39      0.01176  0.0000000    0.0255     0.0287     0.0000     0.0278  21.17581102   -3.1532602    19.363     1.445
svyaug20           geo-0004:sv1-20200820-S-3-1A       59081.903949 20-AUG-20 21:41:41.19      2.200320     3  19.00  19.00  40440.82443  0.0000000    9.6125   306.2979     0.0000     8.0420    22.06      0.01356  0.0000000    0.0288     0.0278     0.0000     0.0268  21.17532765   -3.1626822    19.124     1.339
svyaug20           geo-0004:sv1-20200820-S-3-1B       59081.898602 20-AUG-20 21:33:59.21      0.732960     2  18.50  18.50  43052.32212  0.0000000   10.3308   307.6994     0.0000     7.0934   -11.36      0.00000  0.0000000    0.0000     0.0000     0.0000     0.0000  21.19179639   -3.0146369    21.504     1.269
svyaug20           geo-0001:sv1-20200820-S-3-1B       59081.899111 20-AUG-20 21:34:43.19      2.200320     3  19.10  19.10  53504.64334  0.0000000    0.4781   225.6589     0.0000    89.7645  -145.15      0.00768  0.0000000    0.0005     1.4425     0.0000     1.4425  21.18057527   -2.5829912    22.065     0.478
svyaug20           geo-0002:sv1-20200820-S-3-1B       59081.903694 20-AUG-20 21:41:19.16      1.467360     3  17.50  17.50  42264.50541  0.0000000    9.3099   302.2780     0.0000    12.3468    -1.28      0.00399  0.0000000    0.0080     0.0114     0.0000     0.0111  21.17592972   -2.2007576    19.454     1.982
svyaug20           geo-0001:sv1-20200820-S-49-1B      59082.230060 20-AUG-21 05:31:17.18      2.200320     4  18.10  18.20  42423.19791  0.0000000   10.4131   308.5765     0.0000    43.8790    -3.31      0.00438  0.0000000    0.0064     0.0342     0.0000     0.0337  23.04263645    3.2759988   -60.846     7.197
svyaug20           geo-0001:sv1-20200822-S-30-1A      59084.154354 20-AUG-23 03:42:16.18      1.467360     3  20.30  20.40  48061.01966  0.0000000    6.7018   259.7278     0.0000    91.5487   -75.48      0.02664  0.0000000    0.0022     0.4031     0.0000     0.4003  23.15034075    3.3105219   -36.181     6.699
svyaug20           geo-0002:sv1-20200822-S-30-1A      59084.156900 20-AUG-23 03:45:56.16      2.933280     4  19.60  19.70  42186.11461  0.0000000   11.0038   315.0491     0.0000    37.0280    -0.28      0.00869  0.0000000    0.0141     0.0566     0.0000     0.0556  23.14127295    2.5334082   -36.820     6.600
svyaug20           geo-0003:sv1-20200822-S-30-1A      59084.156900 20-AUG-23 03:45:56.16      2.200320     4  19.00  19.00  41671.03705  0.0000000    8.5509   299.5358     0.0000    52.3828     6.32      0.00552  0.0000000    0.0070     0.0614     0.0000     0.0607  23.14135201    3.0140265   -36.779     6.764
svyaug20           geo-0001:sv1-20200822-S-30-1B      59084.156646 20-AUG-23 03:45:34.21      2.933280     5  18.40  18.50  45507.34133  0.0000000   10.2590   217.7512     0.0000   133.2016   -42.79      0.01966  0.0000000    0.0255     0.1511     0.0000     0.1487  23.14321529    4.1033161   -36.882     7.459
svyaug20           geo-0002:sv1-20200822-S-30-1B      59084.164285 20-AUG-23 03:56:34.22      2.200320     4  19.10  19.10  41420.68836  0.0000000    9.6554   300.7783     0.0000    51.6477     9.52      0.00222  0.0000000    0.0029     0.0218     0.0000     0.0215  23.14306050    3.5419794   -39.026     7.558
svyaug20           geo-0001:sv1-20200822-S-39-1A      59084.212931 20-AUG-23 05:06:37.23      2.933280     5  16.20  16.30  42454.76205  0.0000000   10.2449   307.8540     0.0000    44.3252    -3.72      0.00658  0.0000000    0.0095     0.0527     0.0000     0.0519  23.04589026    3.2554435   -56.895     7.139
svyaug20           geo-0001:sv1-20200822-S-39-1B      59084.212167 20-AUG-23 05:05:31.22      2.933280     4  19.10  19.10  50427.63717  0.0000000   18.4804   328.8856     0.0000    23.0791  -105.77      0.02996  0.0000000    0.0461     0.0629     0.0000     0.0599  23.05149629    4.0418822   -57.447     7.138
svyaug20           geo-0003:sv1-20200822-S-39-1B      59084.214204 20-AUG-23 05:08:27.22      0.732960     2  16.30  16.40  42478.55882  0.0000000   10.3031   308.1874     0.0000    44.4488    -4.02      0.00000  0.0000000    0.0000     0.0000     0.0000     0.0000  23.06478193    3.2948171   -56.903     7.195
svyaug20           geo-0001:sv1-20200822-S-6-1A       59083.913880 20-AUG-22 21:55:59.23      1.467360     3  18.10  18.10  43242.53485  0.0000000    3.7740   295.2298     0.0000    19.4675   -13.80      0.01298  0.0000000    0.0243     0.1333     0.0000     0.1329  21.15445610   -3.0322131    13.998     1.257
svyaug20           geo-0001:sv1-20200823-S-37-1A      59085.173208 20-AUG-24 04:09:25.17      2.200320     3  19.90  19.90  43802.43496  0.0000000    9.0187   302.7619     0.0000    49.5560   -20.97      0.01157  0.0000000    0.0146     0.1106     0.0000     0.1093  23.12549507    3.1838556   -43.295     6.852
svyaug20           geo-0001:sv1-20200823-S-37-1B      59085.166333 20-AUG-24 03:59:31.17      2.933280     5  18.60  18.70  45426.91164  0.0000000   10.2135   217.7585     0.0000   133.3511   -41.76      0.01944  0.0000000    0.0254     0.1501     0.0000     0.1477  23.12552807    4.0531520   -41.212     7.408
svyaug20           geo-0003:sv1-20200823-S-37-1B      59085.168880 20-AUG-24 04:03:11.23      2.200320     4  19.20  19.30  41434.19614  0.0000000    9.6560   300.7816     0.0000    51.6543     9.35      0.00340  0.0000000    0.0044     0.0333     0.0000     0.0329  23.13053890    3.5342745   -41.660     7.559
svyaug20           geo-0001:sv1-20200823-S-38-1A      59085.180500 20-AUG-24 04:19:55.20      2.933280     5  12.20  12.30  42295.22287  0.0000000   11.7026   317.5761     0.0000    34.6972    -1.67      0.00553  0.0000000    0.0092     0.0320     0.0000     0.0313  23.09494537    2.5409601   -46.180     6.630
svyaug20           geo-0003:sv1-20200823-S-38-1A      59085.186611 20-AUG-24 04:28:43.19      2.200320     3  19.90  20.00  42247.31298  0.0000000   10.3625   309.2882     0.0000    43.1668    -1.06      0.01182  0.0000000    0.0175     0.0923     0.0000     0.0909  23.09549901    3.2305030   -48.113     7.069
svyaug20           geo-0002:sv1-20200823-S-38-1A      59085.187120 20-AUG-24 04:29:27.16      1.467360     3  18.90  19.00  42327.75357  0.0000000   13.9216   322.2279     0.0000    30.5960    -2.09      0.01333  0.0000000    0.0233     0.0578     0.0000     0.0562  23.10178426    3.2110579   -48.202     7.034
svyaug20           geo-0004:sv1-20200823-S-38-1A      59085.188139 20-AUG-24 04:30:55.20      2.200320     4  17.00  17.10  50512.38334  0.0000000    6.7175   250.9686     0.0000   100.2850  -106.85      0.03291  0.0000000    0.0102     0.4630     0.0000     0.4598  23.10030313    3.3224708   -49.327     6.609
svyaug20           geo-0001:sv1-20200823-S-38-1B      59085.185847 20-AUG-24 04:27:37.18      3.666240     5  17.00  17.10  56104.06922  0.0000000    7.0572   249.5295     0.0000   101.3102  -178.43      0.01451  0.0000000    0.0044     0.1722     0.0000     0.1709  23.10150395    4.1304430   -48.899     6.919
svyaug20           geo-0002:sv1-20200823-S-38-1B      59085.188903 20-AUG-24 04:32:01.21      1.467360     3  16.30  16.30  40863.68364  0.0000000   11.9718   312.9059     0.0000    40.0206    16.65      0.01585  0.0000000    0.0256     0.1046     0.0000     0.1024  23.10139421    3.5500770   -48.619     7.666
svyaug20           geo-0001:sv1-20200823-S-3-1B       59084.896854 20-AUG-23 21:31:28.18      2.933280     4  17.50  17.50  42234.60827  0.0000000    9.2296   302.0731     0.0000    12.5237    -0.90      0.00765  0.0000000    0.0152     0.0226     0.0000     0.0221  21.17397717   -2.1943427    18.939     1.993
svyaug20           geo-0001:sv1-20200823-S-7-1A       59084.921274 20-AUG-23 22:06:38.07      5.133600     8  16.50  16.50  57167.17134  0.0000000   15.9904   315.5939     0.0000   359.4306  -192.03      0.01584  0.0000000    0.0231     0.0040     0.0000     0.0032  21.11335466   -3.2741552    10.731    -0.157
svyaug20           geo-0002:sv1-20200823-S-7-1A       59084.921274 20-AUG-23 22:06:38.07      1.465920     3  18.00  18.00  34856.45027  0.0000000    5.5466   158.2691     0.0000   154.8627    93.54      0.01648  0.0000000    0.0379     0.1833     0.0000     0.1828  21.11381791   -3.0053527     8.919     2.353
svyaug20           geo-0003:sv1-20200823-S-7-1A       59084.925858 20-AUG-23 22:13:14.13      2.933280     5  19.10  19.10  53455.15724  0.0000000    0.4731   227.0247     0.0000    88.0337  -144.52      0.02993  0.0000000    0.0024     5.6622     0.0000     5.6620  21.11489467   -3.0137711     9.088     0.473
svyaug20           geo-0001:sv1-20200823-S-7-1B       59084.924584 20-AUG-23 22:11:24.05      2.933280     4  18.80  18.90  43831.89464  0.0000000   10.2660   306.9900     0.0000     7.4560   -21.34      0.00546  0.0000000    0.0106     0.0089     0.0000     0.0086  21.11378393   -2.5603116     8.817     1.325
svyaug20           geo-0002:sv1-20200823-S-7-1B       59084.933242 20-AUG-23 22:23:52.10      4.400640     7  19.70  19.80  52998.33120  0.0000000    2.6246   299.4568     0.0000    15.7580  -138.67      0.01195  0.0000000    0.0181     0.1159     0.0000     0.1157  21.11263895   -2.4808948     6.563     0.713
svyaug20           geo-0003:sv1-20200823-S-7-1B       59084.938844 20-AUG-23 22:31:56.12      1.465920     3  16.50  16.60  37048.01239  0.0000000   20.5763   141.1478     0.0000   172.8427    65.49      0.01126  0.0000000    0.0265     0.0097     0.0000     0.0098  21.11584816   -2.2904314     3.785     2.510
svyaug20           geo-0002:sv1-20200824-S-32-1A      59086.157024 20-AUG-25 03:46:06.87      2.200320     3  18.10  18.20  42087.31162  0.0000000   12.2328   318.7184     0.0000    33.6706     0.99      0.00551  0.0000000    0.0094     0.0298     0.0000     0.0292  23.14021750    3.0238096   -38.619     6.746
svyaug20           geo-0003:sv1-20200824-S-32-1A      59086.160080 20-AUG-25 03:50:30.91      1.467360     3  19.30  19.40  47221.69507  0.0000000    7.3296   284.4354     0.0000    67.2312   -64.73      0.00000  0.0000000    0.0000     0.0000     0.0000     0.0000  23.13489785    3.3015904   -40.008     6.756
svyaug20           geo-0004:sv1-20200824-S-32-1A      59086.162626 20-AUG-25 03:54:10.88      3.666240     6  17.40  17.50  49827.75054  0.0000000    9.4693   216.3208     0.0000   134.7083   -98.09      0.03042  0.0000000    0.0366     0.2224     0.0000     0.2193  23.13460358    3.3844871   -41.004     6.715
svyaug20           geo-0006:sv1-20200824-S-32-1A      59086.170774 20-AUG-25 04:05:54.87      1.465920     3  18.70  18.80  43501.89282  0.0000000    6.9969   258.5012     0.0000    93.6306   -17.12      0.00093  0.0000000    0.0001     0.0150     0.0000     0.0149  23.13366945    3.2555484   -43.208     6.983
svyaug20           geo-0001:sv1-20200824-S-32-1B      59086.154223 20-AUG-25 03:42:04.86      2.933280     5  18.00  18.00  43851.09797  0.0000000   11.1056   311.0960     0.0000    40.9148   -21.59      0.00420  0.0000000    0.0062     0.0282     0.0000     0.0277  23.13453854    3.4714705   -37.917     7.247
svyaug20           geo-0002:sv1-20200824-S-32-1B      59086.162372 20-AUG-25 03:53:48.94      1.465920     3  15.80  15.90  35824.42824  0.0000000   10.0215   229.1433     0.0000   123.1409    81.15      0.02189  0.0000000    0.0299     0.2612     0.0000     0.2571  23.14134519    4.1134104   -39.645     8.378
svyaug20           geo-0003:sv1-20200824-S-32-1B      59086.162881 20-AUG-25 03:54:32.91      2.200320     4  17.20  17.30  49802.75969  0.0000000    9.4144   216.6733     0.0000   134.4336   -97.77      0.02132  0.0000000    0.0255     0.1580     0.0000     0.1558  23.14028914    3.3810064   -41.023     6.708
svyaug20           geo-0004:sv1-20200824-S-32-1B      59086.165937 20-AUG-25 03:58:56.95      2.200320     4  17.50  17.50  42771.35400  0.0000000   10.7578   306.7218     0.0000    45.8662    -7.77      0.00603  0.0000000    0.0084     0.0470     0.0000     0.0462  23.13511313    4.1110001   -41.541     7.699
svyaug20           geo-0001:sv1-20200824-S-4-1A       59085.909898 20-AUG-24 21:50:15.18      4.400640     7  17.90  18.00  56922.35941  0.0000000    0.4111   111.9372     0.0000   203.4360  -188.90      0.01342  0.0000000    0.0179     1.1049     0.0000     1.1050  21.14105990   -3.2823237    14.178    -0.164
svyaug20           geo-0001:sv1-20200824-S-4-1B       59085.917282 20-AUG-24 22:00:53.16      2.933280     5  18.50  18.60  43829.27541  0.0000000   10.2576   306.9744     0.0000     7.8570   -21.31      0.00604  0.0000000    0.0117     0.0103     0.0000     0.0099  21.14098256   -2.5056827    10.847     1.395
svysep20           geo-0001:sv1-20200912-S-7-1A       59105.122502 20-SEP-13 02:56:24.17      1.467360     3  19.00  19.00  42487.83008  0.0000000   10.7593   308.6106     0.0000    60.8972    -4.14      0.01243  0.0000000    0.0123     0.1188     0.0000     0.1167   0.29393227    6.1002272   -27.595     9.388
svysep20           geo-0002:sv1-20200912-S-7-1A       59105.126067 20-SEP-13 03:01:32.18      2.200320     4  13.20  13.30  48049.22055  0.0000000   11.2971   237.6690     0.0000   130.8286   -75.32      0.01635  0.0000000    0.0190     0.1116     0.0000     0.1094   0.29465071    5.3621922   -28.903     8.524
svysep20           geo-0001:sv1-20200913-S-23-1A      59106.114806 20-SEP-14 02:45:19.23      2.933280     5  14.80  14.90  51101.04330  0.0000000   11.1815   236.1131     0.0000   132.1541  -114.39      0.00909  0.0000000    0.0101     0.0571     0.0000     0.0561   0.30384862    5.3105938   -26.062     8.265
svysep20           geo-0006:sv1-20200913-S-23-1A      59106.117861 20-SEP-14 02:49:43.19      0.732960     2  17.10  17.20  43239.44126  0.0000000   21.2886   344.2263     0.0000    26.3758   -13.76      0.00000  0.0000000    0.0000     0.0000     0.0000     0.0000   0.29585090    6.0643361   -26.954     9.282
svysep20           geo-0002:sv1-20200913-S-23-1A      59106.127537 20-SEP-14 03:03:39.19      2.933280     5  15.70  15.80  42516.07009  0.0000000   10.2256   307.7769     0.0000    62.0503    -4.50      0.00513  0.0000000    0.0048     0.0521     0.0000     0.0513   0.29420826    5.4413866   -30.027     9.022
svysep20           geo-0001:sv1-20200913-S-23-1B      59106.117097 20-SEP-14 02:48:37.18      2.200320     4  15.60  15.70  37081.52216  0.0000000   14.9791   328.3538     0.0000    41.8177    65.06      0.00208  0.0000000    0.0037     0.0129     0.0000     0.0125   0.29438054    6.1457481   -26.514     9.924
svysep20           geo-0002:sv1-20200913-S-23-1B      59106.118116 20-SEP-14 02:50:05.22      2.200320     4  17.50  17.50  43165.74919  0.0000000   21.2953   344.2243     0.0000    26.4705   -12.82      0.01194  0.0000000    0.0214     0.0298     0.0000     0.0278   0.30186409    6.0842582   -26.959     9.316
svysep20           geo-0001:sv1-20200913-S-24-1A      59106.137398 20-SEP-14 03:17:51.18      0.732960     2  18.90  18.90  42195.99102  0.0000000   11.6475   317.0944     0.0000    53.1061    -0.40      0.00000  0.0000000    0.0000     0.0000     0.0000     0.0000   0.28207050    6.0013053   -33.405     9.292
svysep20           geo-0001:sv1-20200913-S-28-1A      59106.164817 20-SEP-14 03:57:20.18      3.666240     6  16.60  16.60  48336.63177  0.0000000   11.3189   237.9361     0.0000   130.0607   -79.00      0.01059  0.0000000    0.0121     0.0725     0.0000     0.0711   0.20168737    5.4039982   -44.378     8.640
svysep20           geo-0002:sv1-20200913-S-28-1A      59106.168891 20-SEP-14 04:03:12.18      1.467360     3  17.60  17.70  39204.90456  0.0000000    9.5543   283.8421     0.0000    85.9096    37.88      0.00417  0.0000000    0.0007     0.0559     0.0000     0.0551   0.20543149    5.5402465   -44.706     9.530
svysep20           geo-0001:sv1-20200913-S-28-1B      59106.173220 20-SEP-14 04:09:26.20      2.933280     4  16.60  16.60  46372.55021  0.0000000   15.5836   331.8946     0.0000    38.1920   -53.86      0.01384  0.0000000    0.0199     0.0591     0.0000     0.0570   0.20233760    6.3306942   -46.915     9.561
svysep20           geo-0001:sv1-20200913-S-32-1A      59106.198266 20-SEP-14 04:45:30.18      2.200320     4  17.10  17.10  49323.87622  0.0000000   11.2025   238.6095     0.0000   129.2673   -91.64      0.00919  0.0000000    0.0101     0.0632     0.0000     0.0620   0.15090495    5.3939152   -56.587     8.651
svysep20           geo-0002:sv1-20200913-S-32-1A      59106.198776 20-SEP-14 04:46:14.24      2.933280     4  16.50  16.50  42152.50472  0.0000000   21.4501   344.8732     0.0000    25.7680     0.15      0.01696  0.0000000    0.0311     0.0418     0.0000     0.0391   0.14251441    5.3850678   -56.121     9.147
svysep20           geo-0001:sv1-20200913-S-32-1B      59106.205141 20-SEP-14 04:55:24.18      2.200320     3  16.10  16.20  49609.23764  0.0000000   11.2430   243.1151     0.0000   124.8453   -95.29      0.00972  0.0000000    0.0096     0.0701     0.0000     0.0688   0.14390168    6.1604781   -59.004     9.208
svysep20           geo-0001:sv1-20200913-S-35-1A      59106.234620 20-SEP-14 05:37:51.16      2.200320     4  17.10  17.20  47967.97308  0.0000000   11.2948   237.0303     0.0000   131.1473   -74.28      0.01921  0.0000000    0.0227     0.1317     0.0000     0.1291   0.11456498    5.1532115   -69.394     8.481
svysep20           geo-0005:sv1-20200913-S-35-1A      59106.241241 20-SEP-14 05:47:23.22      0.732960     2  18.30  18.30  42388.47246  0.0000000   10.3715   308.0172     0.0000    61.8532    -2.87      0.00000  0.0000000    0.0000     0.0000     0.0000     0.0000   0.10546006    5.2855079   -71.042     9.134
svysep20           geo-0001:sv1-20200917-S-24-1A      59110.226399 20-SEP-18 05:26:00.87      1.467360     3  18.30  18.30  45900.67197  0.0000000   15.6951   335.8916     0.0000    34.1999   -47.82      0.01666  0.0000000    0.0255     0.0646     0.0000     0.0623   0.11518311    5.2246307   -70.016     8.746
svysep20           geo-0002:sv1-20200917-S-24-1A      59110.232510 20-SEP-18 05:34:48.86      2.200320     4  17.30  17.30  46331.58432  0.0000000   10.7598   244.6768     0.0000   123.6241   -53.34      0.01653  0.0000000    0.0171     0.1365     0.0000     0.1340   0.10108697    5.3553731   -72.538     8.943
svyoct20           geo-0003:sv1-20201017-S-8-1A       59139.873648 20-OCT-17 20:58:03.18      2.200320     3  18.10  18.30  42582.11719  0.0000000    8.3091   300.5863     0.0000    44.4725    -5.35      0.00387  0.0000000    0.0056     0.0384     0.0000     0.0380  23.11001277    2.0131889     3.423     5.811
svyoct20           geo-0001:sv1-20201017-S-9-1A       59139.879921 20-OCT-17 21:07:05.17      2.200320     4  16.30  16.50  41166.19063  0.0000000   10.2570   306.7273     0.0000    37.6171    12.78      0.00801  0.0000000    0.0134     0.0586     0.0000     0.0576  23.06133202    2.2235318     0.301     6.240
svyoct20           geo-0002:sv1-20201017-S-9-1A       59139.885523 20-OCT-17 21:15:09.18      2.200320     4  17.10  17.30  48138.48279  0.0000000    7.0463   292.8127     0.0000    52.0383   -76.47      0.00690  0.0000000    0.0075     0.0785     0.0000     0.0779  23.06480217    2.1400086    -0.981     5.550
svyoct20           geo-0002:sv1-20201018-S-1-1A       59140.899690 20-OCT-18 21:35:33.21      2.200320     4  18.90  19.10  41792.67462  0.0000000   10.0763   306.4717     0.0000    38.6744     4.76      0.00975  0.0000000    0.0158     0.0730     0.0000     0.0719  23.04545637    2.3001022    -7.008     6.277
svyoct20           geo-0003:sv1-20201018-S-1-1A       59140.901727 20-OCT-18 21:38:29.21      2.200320     3  17.50  17.70  37942.36998  0.0000000   17.9911   324.5066     0.0000    21.0699    54.04      0.04198  0.0000000    0.0913     0.1171     0.0000     0.1112  23.04447462    2.1000036    -7.825     6.375
svyoct20           geo-0002:sv1-20201018-S-1-1B       59140.891287 20-OCT-18 21:23:27.19      2.200320     4  16.90  17.10  40667.57608  0.0000000   20.0497   324.6494     0.0000    20.7026    19.16      0.00000  0.0000000    0.0000     0.0000     0.0000     0.0000  23.04376672    3.1007838    -4.492     6.961
svyoct20           geo-0003:sv1-20201018-S-1-1B       59140.895361 20-OCT-18 21:29:19.19      1.467360     3  19.10  19.30  36841.42929  0.0000000    8.9852   289.9161     0.0000    54.6081    68.14      0.01342  0.0000000    0.0186     0.1694     0.0000     0.1672  23.04319352    3.0726546    -5.968     7.315
svyoct20           geo-0004:sv1-20201018-S-1-1B       59140.895870 20-OCT-18 21:30:03.16      2.200320     4  19.00  19.20  44083.11904  0.0000000   12.3861   313.9684     0.0000    31.3308   -24.56      0.01737  0.0000000    0.0289     0.0833     0.0000     0.0813  23.05180648    2.5210594    -5.638     6.404
svyoct20           geo-0001:sv1-20201018-S-40-1A      59141.207039 20-OCT-19 04:58:08.16      1.467360     3  18.20  18.30  43277.93828  0.0000000   13.2003   327.1454     0.0000    92.0727   -14.25      0.00997  0.0000000    0.0010     0.0871     0.0000     0.0848   3.41356144   10.2756325   -43.395    13.191
svyoct20           geo-0002:sv1-20201018-S-40-1A      59141.212132 20-OCT-19 05:05:28.20      2.933280     4  19.20  19.30  43563.86134  0.0000000   13.6428   308.9891     0.0000   109.7019   -17.91      0.00220  0.0000000    0.0015     0.0174     0.0000     0.0169   3.40323429   10.0252036   -45.290    12.830
svyoct20           geo-0006:sv1-20201018-S-40-1A      59141.217734 20-OCT-19 05:13:32.21      2.200320     4  17.40  17.50  43053.14874  0.0000000   15.2357   358.8741     0.0000    61.5783   -11.37      0.00996  0.0000000    0.0094     0.0669     0.0000     0.0646   3.40551469   10.3529747   -46.944    13.363
svyoct20           geo-0002:sv1-20201020-S-3-1A       59142.889516 20-OCT-20 21:20:54.18      1.467360     3  15.70  16.00  33508.59408  0.0000000    9.5417   211.9051     0.0000   131.4382   110.80      0.02411  0.0000000    0.0432     0.2925     0.0000     0.2886  23.03244964    2.2435982    -6.280     7.139
svyoct20           geo-0003:sv1-20201020-S-3-1A       59142.890025 20-OCT-20 21:21:38.16      2.200320     3  15.80  16.00  41683.30328  0.0000000    8.4456   298.8387     0.0000    45.5044     6.16      0.00519  0.0000000    0.0075     0.0528     0.0000     0.0522  23.02426322    2.1059160    -6.172     6.014
svyoct20           geo-0004:sv1-20201020-S-3-1A       59142.890535 20-OCT-20 21:22:22.22      2.200320     3  17.70  18.00  41458.52975  0.0000000    9.4832   302.4062     0.0000    42.0654     9.04      0.02602  0.0000000    0.0404     0.2235     0.0000     0.2203  23.02521078    2.3202379    -6.307     6.337
svyoct20           geo-0006:sv1-20201020-S-3-1A       59142.892063 20-OCT-20 21:24:34.24      2.200320     4  17.30  17.60  42849.27579  0.0000000    8.5078   298.5220     0.0000    46.0684    -8.77      0.00603  0.0000000    0.0084     0.0596     0.0000     0.0589  23.03110540    2.2520308    -6.665     6.116
svyoct20           geo-0001:sv1-20201020-S-3-1B       59142.887225 20-OCT-20 21:17:36.24      2.933280     5  16.50  16.80  48240.80052  0.0000000    7.4200   285.2865     0.0000    59.1917   -77.78      0.00308  0.0000000    0.0027     0.0361     0.0000     0.0358  23.03172272    3.1024974    -4.926     6.368
svyoct20           geo-0005:sv1-20201020-S-3-1B       59142.890280 20-OCT-20 21:22:00.19      0.732960     2  19.20  19.40  45645.21625  0.0000000    9.4734   299.9263     0.0000    44.9032   -44.55      0.00000  0.0000000    0.0000     0.0000     0.0000     0.0000  23.03517818    3.1852340    -5.859     6.672
svyoct20           geo-0002:sv1-20201020-S-3-1B       59142.894354 20-OCT-20 21:27:52.18      4.400640     7  17.70  17.90  51271.81670  0.0000000   13.4206   190.7107     0.0000   153.1410  -116.57      0.02475  0.0000000    0.0364     0.0782     0.0000     0.0762  23.02365296    2.5950848    -7.280     6.019
svynov20           geo-0002:sv1-20201110-S-41-1A      59164.161461 20-NOV-11 03:52:30.23      2.200320     4  16.90  17.90  42304.60416  0.0000000   13.1332    38.0547     0.0000    86.3348    -1.79      0.01370  0.0000000    0.0019     0.1233     0.0000     0.1200   8.35589046   10.1226342    15.406    13.106
svynov20           geo-0002:sv1-20201110-S-41-1B      59164.157132 20-NOV-11 03:46:16.20      1.467360     3  13.10  14.10  42090.39149  0.0000000   20.8528   344.4958     0.0000   137.5557     0.95      0.04244  0.0000000    0.0645     0.1646     0.0000     0.1541   8.35310302   11.0422843    16.654    13.900
svynov20           geo-0002:sv1-20201110-S-5-1A       59163.858393 20-NOV-10 20:36:05.15      2.933280     5  17.70  17.80  43823.76262  0.0000000   11.0529   246.4602     0.0000   127.2332   -21.24      0.02372  0.0000000    0.0284     0.1922     0.0000     0.1887   1.14184311    5.2742455    14.729     8.780
svynov20           geo-0003:sv1-20201110-S-5-1A       59163.863486 20-NOV-10 20:43:25.19      2.200320     4  16.30  16.50  42009.83616  0.0000000    9.7785   306.1423     0.0000    68.4019     1.98      0.00427  0.0000000    0.0032     0.0483     0.0000     0.0476   1.14269510    5.3939460    12.934     9.086
svynov20           geo-0004:sv1-20201110-S-5-1A       59163.866032 20-NOV-10 20:47:05.16      2.200320     4  19.50  19.60  42147.76224  0.0000000   11.0959   318.8352     0.0000    56.0427     0.21      0.01435  0.0000000    0.0164     0.1278     0.0000     0.1254   1.14277413    5.4737451    12.135     9.185
svynov20           geo-0005:sv1-20201110-S-5-1A       59163.872653 20-NOV-10 20:56:37.21      2.200320     4  17.20  17.30  42150.70219  0.0000000    9.1081   300.7431     0.0000    74.1276     0.18      0.01050  0.0000000    0.0059     0.1313     0.0000     0.1296   1.14341286    5.1924887    10.048     8.758
svynov20           geo-0001:sv1-20201110-S-5-1B       59163.867306 20-NOV-10 20:48:55.23      2.200320     4  16.10  16.20  42389.50809  0.0000000   10.1369   306.9192     0.0000    67.9122    -2.88      0.00201  0.0000000    0.0015     0.0216     0.0000     0.0213   1.14456818    6.0248016    11.816     9.386
svynov20           geo-0002:sv1-20201110-S-5-1B       59163.867815 20-NOV-10 20:49:39.21      2.200320     4  17.40  17.50  42337.83220  0.0000000   10.9050   310.1550     0.0000    64.8042    -2.22      0.00423  0.0000000    0.0037     0.0415     0.0000     0.0408   1.14535885    6.3445279    11.671     9.857
svynov20           geo-0001:sv1-20201110-S-6-1A       59163.882167 20-NOV-10 21:10:19.22      2.933280     5  18.30  18.40  43759.57884  0.0000000   11.5131   321.5470     0.0000    53.1820   -20.42      0.00335  0.0000000    0.0039     0.0267     0.0000     0.0261   1.09509327    5.5929713     6.104     9.194
svynov20           geo-0001:sv1-20201110-S-6-1B       59163.882931 20-NOV-10 21:11:25.23      1.467360     3  17.90  18.00  43681.57977  0.0000000   11.4704   321.2001     0.0000    53.7778   -19.42      0.01053  0.0000000    0.0123     0.0848     0.0000     0.0830   1.10535523    6.0140641     6.085     9.232
svynov20           geo-0002:sv1-20201110-S-41-1A      59164.161461 20-NOV-11 03:52:30.23      2.200320     4  16.90  17.90  42304.60416  0.0000000   13.1332    38.0547     0.0000    86.3348    -1.79      0.01370  0.0000000    0.0019     0.1233     0.0000     0.1200   8.35589046   10.1226342    15.406    13.106
svynov20           geo-0002:sv1-20201110-S-41-1B      59164.157132 20-NOV-11 03:46:16.20      1.467360     3  13.10  14.10  42090.39149  0.0000000   20.8528   344.4958     0.0000   137.5557     0.95      0.04244  0.0000000    0.0645     0.1646     0.0000     0.1541   8.35310302   11.0422843    16.654    13.900
svynov20           geo-0002:sv1-20201110-S-5-1A       59163.858393 20-NOV-10 20:36:05.15      2.933280     5  17.70  17.80  43823.76262  0.0000000   11.0529   246.4602     0.0000   127.2332   -21.24      0.02372  0.0000000    0.0284     0.1922     0.0000     0.1887   1.14184311    5.2742455    14.729     8.780
svynov20           geo-0003:sv1-20201110-S-5-1A       59163.863486 20-NOV-10 20:43:25.19      2.200320     4  16.30  16.50  42009.83616  0.0000000    9.7785   306.1423     0.0000    68.4019     1.98      0.00427  0.0000000    0.0032     0.0483     0.0000     0.0476   1.14269510    5.3939460    12.934     9.086
svynov20           geo-0004:sv1-20201110-S-5-1A       59163.866032 20-NOV-10 20:47:05.16      2.200320     4  19.50  19.60  42147.76224  0.0000000   11.0959   318.8352     0.0000    56.0427     0.21      0.01435  0.0000000    0.0164     0.1278     0.0000     0.1254   1.14277413    5.4737451    12.135     9.185
svynov20           geo-0005:sv1-20201110-S-5-1A       59163.872653 20-NOV-10 20:56:37.21      2.200320     4  17.20  17.30  42150.70219  0.0000000    9.1081   300.7431     0.0000    74.1276     0.18      0.01050  0.0000000    0.0059     0.1313     0.0000     0.1296   1.14341286    5.1924887    10.048     8.758
svynov20           geo-0001:sv1-20201110-S-5-1B       59163.867306 20-NOV-10 20:48:55.23      2.200320     4  16.10  16.20  42389.50809  0.0000000   10.1369   306.9192     0.0000    67.9122    -2.88      0.00201  0.0000000    0.0015     0.0216     0.0000     0.0213   1.14456818    6.0248016    11.816     9.386
svynov20           geo-0002:sv1-20201110-S-5-1B       59163.867815 20-NOV-10 20:49:39.21      2.200320     4  17.40  17.50  42337.83220  0.0000000   10.9050   310.1550     0.0000    64.8042    -2.22      0.00423  0.0000000    0.0037     0.0415     0.0000     0.0408   1.14535885    6.3445279    11.671     9.857
svynov20           geo-0001:sv1-20201110-S-6-1A       59163.882167 20-NOV-10 21:10:19.22      2.933280     5  18.30  18.40  43759.57884  0.0000000   11.5131   321.5470     0.0000    53.1820   -20.42      0.00335  0.0000000    0.0039     0.0267     0.0000     0.0261   1.09509327    5.5929713     6.104     9.194
svynov20           geo-0001:sv1-20201110-S-6-1B       59163.882931 20-NOV-10 21:11:25.23      1.467360     3  17.90  18.00  43681.57977  0.0000000   11.4704   321.2001     0.0000    53.7778   -19.42      0.01053  0.0000000    0.0123     0.0848     0.0000     0.0830   1.10535523    6.0140641     6.085     9.232
