Campaign           Name                              Osc_epoch     Date      Time        arcl [min]    # obs mag_c   mag_u  a(km)        e          i(dg)     raan(dg)   w(dg)      s(dg)      dn(dg/d) da(km)       de         di(dg)    draan(dg)  dw(dg)     ds(dg)     R.A.(h)      Decl.(dg)    lon(dg)   lat(dg)  
followjan20        geo-0001:sv1-20200118-U-10-1       58866.908566 20-JAN-18 21:48:20.10      3.666240    10  16.70  17.10  78082.37279  0.0000000   33.9649    52.5684     0.0000    20.4501  -459.75      0.00428  0.0000000    0.0042     0.0028     0.0000     0.0023   4.39335190    9.4708093   -15.103    11.256
svyjan20_gto75     geo-0001:sv1-20200118-S-14-1B      58866.976274 20-JAN-18 23:25:50.07      2.200320     3  16.50  16.50  46875.56672  0.0000000   13.5283    24.7357     0.0000   107.5072   -60.30      0.01988  0.0000000    0.0111     0.1475     0.0000     0.1434   9.10535017   10.0944136    23.412    12.891
svyjan20_gto75     geo-0001:sv1-20200118-S-18-1B      58867.018350 20-JAN-19 00:26:25.44      2.933280     5  16.80  16.80  45896.69617  0.0000000   26.4887   340.4048     0.0000   148.6387   -47.77      0.00851  0.0000000    0.0136     0.0184     0.0000     0.0165   9.00287986   10.5546246     7.305    13.422
svyjan20_gto75     geo-0002:sv1-20200118-S-19-1A      58867.048303 20-JAN-19 01:09:33.37      2.200320     4  18.70  18.80  42746.78282  0.0000000   16.4184     3.5863     0.0000   127.1223    -7.45      0.01084  0.0000000    0.0133     0.0618     0.0000     0.0593   8.55410120   10.2152604    -3.438    13.025
svyjan20_gto75     geo-0002:sv1-20200118-S-20-1A      58867.082586 20-JAN-19 01:58:55.43      2.200320     3  17.00  17.00  35893.02724  0.0000000   20.7935    94.5761     0.0000    39.5718    80.27      0.01464  0.0000000    0.0281     0.0663     0.0000     0.0620   8.50082230    9.5151696   -15.409    13.071
svyjan20_gto75     geo-0001:sv1-20200119-S-14-1B      58868.053533 20-JAN-20 01:17:05.25      2.200320     4  17.00  17.10  49868.40082  0.0000000   11.8197    56.8135     0.0000    75.3434   -98.61      0.00981  0.0000000    0.0042     0.0787     0.0000     0.0770   8.52494088    9.0004157    -6.320    11.430
svyjan20_gto75     geo-0001:sv1-20200119-S-15-1A      58868.079921 20-JAN-20 01:55:05.17      2.933280     5  17.10  17.10  42997.91695  0.0000000   52.7594   123.1693     0.0000    13.9627   -10.67      0.02128  0.0000000    0.0432     0.0140     0.0000     0.0086   8.47250429    8.0934052   -15.973    11.075
svyjan20_gto75     geo-0001:sv1-20200119-S-15-1B      58868.078648 20-JAN-20 01:53:15.18      2.200320     4  19.30  19.30  41677.55411  0.0000000   15.0510     4.0612     0.0000   126.4784     6.23      0.00839  0.0000000    0.0105     0.0541     0.0000     0.0523   8.46411895    9.1140282   -15.740    12.052
svyjan20_gto75     geo-0002:sv1-20200119-S-6-1A       58867.914713 20-JAN-19 21:57:11.20      1.465920     3  16.80  16.90  43641.57305  0.0000000   12.6847    12.0835     0.0000   119.4325   -18.91      0.00666  0.0000000    0.0065     0.0518     0.0000     0.0506   9.16266366    7.3200408    44.064    11.025
svyjan20_gto75     geo-0003:sv1-20200119-S-6-1A       58867.916241 20-JAN-19 21:59:23.22      1.467360     3   9.80   9.90  42058.38677  0.0000000   11.8632    26.9681     0.0000   104.8187     1.36      0.00430  0.0000000    0.0023     0.0414     0.0000     0.0405   9.17214159    7.5209946    43.482    11.463
svyjan20_gto75     geo-0001:sv1-20200120-S-4-1B       58868.974551 20-JAN-20 23:23:21.20      2.200320     4  19.10  19.10  46610.38337  0.0000000   11.2205    60.9035     0.0000    72.0171   -56.91      0.02019  0.0000000    0.0114     0.1816     0.0000     0.1781   9.09482221    7.4150642    21.945    10.666
svyjan20_gto75     geo-0001:sv1-20200120-S-8-1B       58869.027559 20-JAN-21 00:39:41.09      2.200320     3  19.60  19.70  55163.28459  0.0000000   11.9483    12.4597     0.0000   119.9804  -166.38      0.03118  0.0000000    0.0237     0.1969     0.0000     0.1927   9.00565546    7.5921799     3.203    10.331
svyjan20_gto75     geo-0002:sv1-20200120-S-9-1A       58869.039179 20-JAN-21 00:56:25.06      2.200320     4  17.80  17.90  39203.68976  0.0000000   10.9193    20.7853     0.0000   110.4118    37.90      0.01987  0.0000000    0.0158     0.2195     0.0000     0.2155   8.55487689    6.4716412    -2.436    10.226
svyjan20_gto75     geo-0001:sv1-20200120-S-9-1B       58869.035869 20-JAN-21 00:51:39.08      1.465920     3  17.90  17.90  37729.76498  0.0000000   12.5718    72.0311     0.0000    59.8191    56.76      0.01298  0.0000000    0.0152     0.1213     0.0000     0.1184   8.55413205    7.2113392    -1.541    10.845
svyjan20_gto75     geo-0002:sv1-20200123-S-12-1B      58871.974551 20-JAN-23 23:23:21.20      2.200320     4  20.00  20.10  43614.96619  0.0000000    9.1437    52.6208     0.0000    79.7261   -18.57      0.00976  0.0000000    0.0034     0.1195     0.0000     0.1179   9.08135454    5.3801215    18.612     8.996
svyjan20_gto75     geo-0001:sv1-20200123-S-15-1B      58872.024808 20-JAN-24 00:35:43.41      2.200320     4  14.90  15.00  44603.71429  0.0000000    9.5201    53.4594     0.0000    79.0735   -31.22      0.00600  0.0000000    0.0022     0.0687     0.0000     0.0677   8.59315326    6.1432217     0.637     9.346
svyjan20_gto75     geo-0002:sv1-20200123-S-15-1B      58872.025827 20-JAN-24 00:37:11.45      2.200320     4  19.60  19.70  42478.57925  0.0000000   14.0345   355.4497     0.0000   135.9636    -4.02      0.00539  0.0000000    0.0079     0.0313     0.0000     0.0304   8.59253644    6.2844762     0.166     9.705
svyjan20_gto75     geo-0001:sv1-20200123-S-18-1B      58872.059910 20-JAN-24 01:26:16.22      1.467360     3  17.10  17.10  51610.05691  0.0000000   15.2744   345.9887     0.0000   144.9444  -120.90      0.02121  0.0000000    0.0284     0.0754     0.0000     0.0727   8.49422500    6.0140276   -12.523     8.703
svyjan20_gto75     geo-0001:sv1-20200124-S-11-1B      58873.087398 20-JAN-25 02:05:51.18      2.200320     3  17.90  17.90  41044.84792  0.0000000   10.8342    82.8180     0.0000    49.7500    14.33      0.00418  0.0000000    0.0057     0.0362     0.0000     0.0355   8.44060499    4.4112889   -23.268     8.248
svyjan20_gto75     geo-0001:sv1-20200124-S-3-1B       58873.014875 20-JAN-25 00:21:25.20      3.666240     6  19.00  19.00  48736.08928  0.0000000   10.2631   359.1178     0.0000   132.7525   -84.12      0.01039  0.0000000    0.0123     0.0741     0.0000     0.0729   8.59334182    4.2757466     3.184     7.517
svyjan20_gto75     geo-0003:sv1-20200124-S-3-1B       58873.016912 20-JAN-25 00:24:21.19      0.732960     2  19.30  19.30  40538.84594  0.0000000   14.1446   347.6248     0.0000   143.8105    20.81      0.00000  0.0000000    0.0000     0.0000     0.0000     0.0000   9.01150438    4.3916882     2.389     8.296
svyjan20_gto75     geo-0002:sv1-20200124-S-3-1B       58873.018440 20-JAN-25 00:26:33.21      2.933280     5  17.40  17.40  49565.30901  0.0000000    8.9753    11.6854     0.0000   120.6705   -94.73      0.01219  0.0000000    0.0107     0.1143     0.0000     0.1129   9.00154369    4.4443191     2.233     7.712
svyjan20_gto75     geo-0001:sv1-20200124-S-4-1A       58873.029551 20-JAN-25 00:42:33.20      2.933280     4  18.80  18.90  46785.30422  0.0000000    9.7337     1.1445     0.0000   130.3390   -59.15      0.00832  0.0000000    0.0099     0.0680     0.0000     0.0670   8.55194202    4.1241191    -2.551     7.404
svyjan20_gto75     geo-0001:sv1-20200124-S-4-1B       58873.032352 20-JAN-25 00:46:35.21      2.933280     5  17.00  17.10  45064.56072  0.0000000   25.5157   329.2047     0.0000   160.9989   -37.12      0.00000  0.0000000    0.0000     0.0000     0.0000     0.0000   8.55198705    4.4939372    -3.515     8.062
svyjan20_gto75     geo-0001:sv1-20200125-S-11-1A      58873.990026 20-JAN-25 23:45:38.24      2.933280     5  17.40  17.50  42985.48983  0.0000000   18.5546   329.9284     0.0000   160.7541   -10.51      0.01588  0.0000000    0.0301     0.0325     0.0000     0.0311   9.02041719    2.1607991    10.452     6.021
svyjan20_gto75     geo-0002:sv1-20200125-S-11-1A      58874.002757 20-JAN-26 00:03:58.20      2.933280     3  17.20  17.20  67153.30821  0.0000000   27.3738   322.8136     0.0000   169.3385  -319.86      0.02257  0.0000000    0.0272     0.0110     0.0000     0.0100   9.01535816    2.3006764     7.565     4.880
svyjan20_gto75     geo-0001:sv1-20200125-S-11-1B      58873.996901 20-JAN-25 23:55:32.24      5.866560     7  17.90  17.90  67957.85417  0.0000000    8.2503    91.2848     0.0000    42.2056  -330.15      0.01213  0.0000000    0.0107     0.0688     0.0000     0.0680   9.01546932    3.1404111     9.550     5.532
svyjan20_gto75     geo-0004:sv1-20200125-S-11-1B      58873.996901 20-JAN-25 23:55:32.24      0.732960     2  19.00  19.10  68592.92013  0.0000000    8.2922    91.7699     0.0000    41.7472  -338.28      0.00000  0.0000000    0.0000     0.0000     0.0000     0.0000   9.01553460    3.1403658     9.574     5.511
svyjan20_gto75     geo-0001:sv1-20200125-S-16-1A      58874.031344 20-JAN-26 00:45:08.12      2.933280     5  13.20  13.20  43306.66186  0.0000000   14.9906   335.4960     0.0000   155.3367   -14.62      0.02233  0.0000000    0.0405     0.0711     0.0000     0.0689   8.53369639    2.3158040    -4.501     6.196
svyjan20_gto75     geo-0001:sv1-20200125-S-16-1B      58874.045348 20-JAN-26 01:05:18.06      3.666240     6  17.40  17.40  50545.76701  0.0000000    7.1430    69.8918     0.0000    62.7191  -107.28      0.00323  0.0000000    0.0024     0.0386     0.0000     0.0382   8.53468687    3.1744014    -8.704     6.345
svyjan20_gto75     geo-0001:sv1-20200125-S-17-1B      58874.072272 20-JAN-26 01:44:04.30      1.467360     3  16.10  16.10  44209.89699  0.0000000    8.7762    81.2291     0.0000    51.5743   -26.18      0.00443  0.0000000    0.0053     0.0444     0.0000     0.0439   8.48585808    3.2336069   -18.378     6.865
svyjan20_gto75     geo-0001:sv1-20200125-S-21-1A      58874.110074 20-JAN-26 02:38:30.39      2.200320     4  17.60  17.60  42310.35501  0.0000000   13.0801   338.5882     0.0000   152.4702    -1.87      0.00816  0.0000000    0.0149     0.0341     0.0000     0.0332   8.36598655    2.1155606   -32.827     6.004
svyfeb20_gto105    geo-0001:sv1-20200217-S-10-1A      58897.049795 20-FEB-18 01:11:42.28      4.599360     7  13.50  13.50  57540.63756  0.0000000    8.3375   129.0077     0.0000    40.0966  -196.81      0.03498  0.0000000    0.0384     0.2261     0.0000     0.2237  11.23451415    2.3535292     3.396     5.359
svyfeb20_gto105    geo-0001:sv1-20200217-S-11-1A      58897.064610 20-FEB-18 01:33:02.30      1.533600     3  20.40  20.40  33607.93807  0.0000000   23.1039   151.1356     0.0000    17.8586   109.52      0.05268  0.0000000    0.1355     0.1157     0.0000     0.1061  11.21282295    2.0618631    -3.102     6.894
svyfeb20_gto105    geo-0002:sv1-20200217-S-11-1A      58897.064610 20-FEB-18 01:33:02.30      1.533600     3   0.00   0.00  33736.37471  0.0000000   22.9966   151.1023     0.0000    17.8932   107.88      0.00373  0.0000000    0.0095     0.0082     0.0000     0.0075   0.00000000    0.0000000     0.000     0.000
svyfeb20_gto105    geo-0001:sv1-20200217-S-12-1B      58897.073422 20-FEB-18 01:45:43.66      2.299680     4  18.70  18.70  51966.73675  0.0000000    6.3205    61.6679     0.0000   106.4641  -125.47      0.00761  0.0000000    0.0035     0.1069     0.0000     0.1062  11.18159427    3.0339087    -5.710     6.060
svyfeb20_gto105    geo-0008:sv1-20200217-S-16-1A      58897.116154 20-FEB-18 02:47:15.70      0.766080     2  13.50  13.60  26548.03082  0.0000000   64.4205   353.1781     0.0000   170.3863   199.89      0.00000  0.0000000    0.0000     0.0000     0.0000     0.0000  11.12045175    2.4318414   -20.368     8.664
svyfeb20_gto105    geo-0001:sv1-20200217-S-18-1B      58897.135934 20-FEB-18 03:15:44.69      5.366880     8  18.90  18.90  67967.53155  0.0000000   26.2103   156.5950     0.0000    12.1677  -330.28      0.03428  0.0000000    0.0403     0.0204     0.0000     0.0184  11.05481615    3.0246470   -28.960     5.342
svyfeb20_gto105    geo-0002:sv1-20200217-S-18-1B      58897.138596 20-FEB-18 03:19:34.69      1.533600     3  19.70  19.70  67695.28498  0.0000000   26.1654   156.5607     0.0000    12.6764  -326.79      0.06815  0.0000000    0.0804     0.0417     0.0000     0.0377  11.07189533    3.1556231   -29.490     5.553
svyfeb20_gto105    geo-0001:sv1-20200217-S-4-1A       58897.005031 20-FEB-18 00:07:14.67      2.299680     4  10.70  10.80  42188.17596  0.0000000    8.6973    32.9309     0.0000   134.9818    -0.30      0.00707  0.0000000    0.0103     0.0672     0.0000     0.0664  11.33042167    2.1707175    18.995     6.140
svyfeb20_gto105    geo-0001:sv1-20200217-S-7-1B       58897.022189 20-FEB-18 00:31:57.12      2.299680     4  19.10  19.20  41678.68118  0.0000000   10.3049    29.4351     0.0000   138.1394     6.22      0.00730  0.0000000    0.0113     0.0562     0.0000     0.0553  11.29262678    3.0358153    12.594     6.856
svyfeb20_gto105    geo-0006:sv1-20200218-S-10-1A      58897.967439 20-FEB-18 23:13:06.72      0.766080     2  20.20  20.30  37936.99230  0.0000000   20.7585     1.2078     0.0000   165.6521    54.11      0.00000  0.0000000    0.0000     0.0000     0.0000     0.0000  11.38584478    0.3202949    31.092     5.039
svyfeb20_gto105    geo-0001:sv1-20200218-S-13-1B      58897.986721 20-FEB-18 23:40:52.69      1.533600     3  20.10  20.20  45522.97299  0.0000000    7.9223    30.4466     0.0000   137.8290   -42.99      0.00733  0.0000000    0.0102     0.0667     0.0000     0.0661  11.34586385    1.3943959    24.924     5.309
svyfeb20_gto105    geo-0003:sv1-20200218-S-13-1B      58897.992578 20-FEB-18 23:49:18.73      0.766080     2  20.60  20.60  41358.26534  0.0000000   39.4873   355.0570     0.0000   171.2773    10.32      0.00000  0.0000000    0.0000     0.0000     0.0000     0.0000  11.35199533    1.3033196    22.565     5.534
svyfeb20_gto105    geo-0001:sv1-20200218-S-19-1A      58898.040369 20-FEB-19 00:58:07.88      1.533600     3  17.90  17.90  44879.69424  0.0000000    5.0626    59.0778     0.0000   109.5693   -34.75      0.01103  0.0000000    0.0072     0.2244     0.0000     0.2235  11.27200139    1.0206375     5.727     4.769
svyfeb20_gto105    geo-0001:sv1-20200218-S-19-1B      58898.032649 20-FEB-19 00:47:00.87      4.599360     7  17.80  17.80  60881.00652  0.0000000    8.1309    22.2053     0.0000   146.6430  -239.57      0.01985  0.0000000    0.0225     0.1037     0.0000     0.1027  11.26292947    1.4603639     8.909     4.460
svyfeb20_gto105    geo-0002:sv1-20200218-S-19-1B      58898.033714 20-FEB-19 00:48:32.88      2.299680     4  17.80  17.90  44249.99749  0.0000000    5.4787    84.1727     0.0000    84.0964   -26.69      0.01198  0.0000000    0.0025     0.2421     0.0000     0.2409  11.26384136    1.4431812     7.653     5.450
svyfeb20_gto105    geo-0008:sv1-20200218-S-20-1A      58898.053054 20-FEB-19 01:16:23.86      0.766080     2  17.90  17.90  42905.94983  0.0000000   28.0145   358.3220     0.0000   169.2415    -9.49      0.00000  0.0000000    0.0000     0.0000     0.0000     0.0000  11.25504765    1.0825961     1.229     5.030
svyfeb20_gto105    geo-0001:sv1-20200218-S-20-1B      58898.049594 20-FEB-19 01:11:24.92      2.299680     4  16.40  16.50  39856.11047  0.0000000    5.9977    82.5443     0.0000    85.4842    29.55      0.02303  0.0000000    0.0044     0.4811     0.0000     0.4785  11.23538896    1.5331110     1.683     5.979
svyfeb20_gto105    geo-0002:sv1-20200218-S-20-1B      58898.052256 20-FEB-19 01:15:14.91      2.299680     4  17.50  17.60  46885.14908  0.0000000   21.0298     1.4464     0.0000   166.1840   -60.42      0.08011  0.0000000    0.1418     0.0964     0.0000     0.0912  11.23419665    1.2310577     1.237     4.916
svyfeb20_gto105    geo-0004:sv1-20200218-S-27-1B      58898.089590 20-FEB-19 02:09:00.57      0.766080     2  16.20  16.20  64713.88359  0.0000000    4.9103    50.1025     0.0000   118.4602  -288.63      0.00000  0.0000000    0.0000     0.0000     0.0000     0.0000  11.16230106    1.4800317   -12.108     4.316
svyfeb20_gto105    geo-0001:sv1-20200218-S-27-1B      58898.090123 20-FEB-19 02:09:46.62      1.533600     3  17.20  17.20  42374.57136  0.0000000   12.9063    14.1317     0.0000   153.4146    -2.69      0.01071  0.0000000    0.0196     0.0438     0.0000     0.0427  11.14567102    1.5429908   -12.823     5.737
svyfeb20_gto105    geo-0001:sv1-20200218-S-28-1A      58898.103074 20-FEB-19 02:28:25.59      1.533600     3  19.60  19.60  55714.38555  0.0000000   39.4333   352.8852     0.0000   173.9273  -173.44      0.00000  0.0000000    0.0000     0.0000     0.0000     0.0000  11.12272534    0.4956693   -17.439     3.853
svyfeb20_gto105    geo-0004:sv1-20200218-S-28-1A      58898.104671 20-FEB-19 02:30:43.57      0.766080     2  20.60  20.70  55526.33949  0.0000000   39.4738   352.8841     0.0000   174.3029  -171.03      0.00000  0.0000000    0.0000     0.0000     0.0000     0.0000  11.13297455    0.3335244   -17.723     3.618
svyfeb20_gto105    geo-0002:sv1-20200218-S-28-1A      58898.108931 20-FEB-19 02:36:51.63      2.299680     4  19.00  19.10  44414.36471  0.0000000    4.9070    84.6601     0.0000    83.6545   -28.80      0.00839  0.0000000    0.0019     0.1883     0.0000     0.1876  11.11366803    1.0724684   -19.449     4.877
svyfeb20_gto105    geo-0006:sv1-20200218-S-28-1A      58898.108931 20-FEB-19 02:36:51.63      0.766080     2  16.60  16.70  31049.52285  0.0000000    6.2919    75.3689     0.0000    93.1572   142.27      0.00000  0.0000000    0.0000     0.0000     0.0000     0.0000  11.12017498    0.5141410   -19.196     6.282
svyfeb20_gto105    geo-0001:sv1-20200218-S-28-1B      58898.104405 20-FEB-19 02:30:20.59      2.299680     3  19.50  19.60  40061.60337  0.0000000   18.1577     6.1339     0.0000   161.0857    26.92      0.02254  0.0000000    0.0467     0.0512     0.0000     0.0488  11.11352980    1.4318277   -18.008     5.798
svyfeb20_gto105    geo-0002:sv1-20200218-S-28-1B      58898.104405 20-FEB-19 02:30:20.59      2.299680     3  19.90  19.90  40333.24394  0.0000000   17.8264     6.4069     0.0000   160.8356    23.44      0.00358  0.0000000    0.0073     0.0083     0.0000     0.0079  11.11359443    1.4307158   -18.007     5.768
svyfeb20_gto105    geo-0001:sv1-20200218-S-34-1B      58898.143353 20-FEB-19 03:26:25.69      1.533600     3  19.50  19.60  50113.90294  0.0000000   18.2637     3.5647     0.0000   163.7786  -101.75      0.00997  0.0000000    0.0162     0.0152     0.0000     0.0144  11.04516254    1.4540859   -32.046     5.022
svyfeb20_gto105    geo-0002:sv1-20200218-S-7-1B       58897.942166 20-FEB-18 22:36:43.14      1.533600     3  18.20  18.30  47914.08898  0.0000000   22.4800     1.8853     0.0000   166.1399   -73.59      0.04352  0.0000000    0.0750     0.0479     0.0000     0.0451  11.40337308    1.4511553    41.501     5.255
svyfeb20_gto105    geo-0001:sv1-20200219-S-12-1B      58898.978267 20-FEB-19 23:28:42.26      1.533600     3  19.20  19.30  56183.96539  0.0000000    8.8601     9.0427     0.0000   160.5589  -179.45      0.01894  0.0000000    0.0266     0.0609     0.0000     0.0603  11.36429727   -0.0844957    28.257     2.939
svyfeb20_gto105    geo-0002:sv1-20200219-S-15-1A      58899.011628 20-FEB-20 00:16:44.65      1.533600     3  20.60  20.70  41798.24128  0.0000000    4.6839    35.3632     0.0000   132.7761     4.69      0.01095  0.0000000    0.0154     0.2025     0.0000     0.2019  11.31051504   -0.4718150    14.633     3.436
svyfeb20_gto105    geo-0001:sv1-20200219-S-18-1A      58899.042751 20-FEB-20 01:01:33.68      2.299680     4  18.80  18.90  45842.91205  0.0000000    8.4090    11.1921     0.0000   157.1503   -47.08      0.01238  0.0000000    0.0213     0.0608     0.0000     0.0603  11.25230859   -0.3500864     3.726     3.255
svyfeb20_gto105    geo-0001:sv1-20200219-S-21-1B      58899.071270 20-FEB-20 01:42:37.72      2.299680     4  12.10  12.10  38901.67274  0.0000000    6.0630   120.7211     0.0000    47.5823    41.76      0.01294  0.0000000    0.0196     0.2052     0.0000     0.2040  11.19096932    0.0140370    -6.988     4.472
svyfeb20_gto105    geo-0002:sv1-20200219-S-23-1A      58899.087497 20-FEB-20 02:05:59.74      3.833280     6  19.10  19.10  50375.03517  0.0000000    6.3925    13.8422     0.0000   154.3424  -105.09      0.00156  0.0000000    0.0024     0.0101     0.0000     0.0100  11.15216885   -0.4517116   -12.665     2.763
svyfeb20_gto105    geo-0003:sv1-20200219-S-23-1A      58899.089094 20-FEB-20 02:08:17.72      2.299680     4  15.70  15.70  40931.41695  0.0000000    3.7692    50.7720     0.0000   117.4827    15.78      0.00458  0.0000000    0.0045     0.1307     0.0000     0.1305  11.15279116   -1.0128899   -13.260     3.343
svyfeb20_gto105    geo-0001:sv1-20200219-S-24-1B      58899.095124 20-FEB-20 02:16:58.71      3.067200     5  18.10  18.20  43581.32020  0.0000000    8.1500    18.7560     0.0000   148.9558   -18.14      0.02188  0.0000000    0.0372     0.1561     0.0000     0.1546  11.12281511    0.1518560   -15.774     4.192
svyfeb20_gto105    geo-0001:sv1-20200219-S-26-1A      58899.111848 20-FEB-20 02:41:03.66      1.533600     3  21.10  21.10  40515.52804  0.0000000    4.7761   114.7640     0.0000    53.4255    21.11      0.02316  0.0000000    0.0296     0.4815     0.0000     0.4798  11.09126931   -0.3029276   -21.686     3.834
svyfeb20_gto105    geo-0004:sv1-20200219-S-29-1A      58899.131128 20-FEB-20 03:08:49.45      3.833280     4  19.60  19.70  52811.60334  0.0000000    2.4383    79.2382     0.0000    88.3819  -136.28      0.00918  0.0000000    0.0007     0.3412     0.0000     0.3409  11.04389803   -0.5607397   -29.121     2.437
svyfeb20_gto105    geo-0001:sv1-20200219-S-29-1B      58899.131395 20-FEB-20 03:09:12.52      5.366880     4  19.10  19.10  72134.56681  0.0000000   27.1402   352.2492     0.0000   174.3010  -383.62      0.00000  0.0000000    0.0000     0.0000     0.0000     0.0000  11.04230437    0.1253978   -29.662     2.596
svyfeb20_gto105    geo-0001:sv1-20200219-S-30-1A      58899.142728 20-FEB-20 03:25:31.69      2.299680     4  19.30  19.40  49195.19392  0.0000000    2.7893    80.8632     0.0000    86.8352   -89.99      0.00667  0.0000000    0.0008     0.2348     0.0000     0.2345  11.02264254   -0.4917321   -33.232     2.785
svyfeb20_gto105    geo-0001:sv1-20200219-S-9-1B       58898.958983 20-FEB-19 23:00:56.13      2.299680     4  19.10  19.20  49284.09413  0.0000000    4.0020    49.7178     0.0000   119.3768   -91.13      0.00781  0.0000000    0.0066     0.1675     0.0000     0.1671  11.38343580   -0.0107033    34.557     3.487
svyfeb20_gto105    geo-0001:sv1-20200220-S-10-1A      58899.947832 20-FEB-20 22:44:52.68      3.067200     5  16.70  16.80  49084.00464  0.0000000    1.3008    87.0013     0.0000    82.1960   -88.57      0.00289  0.0000000    0.0007     0.2183     0.0000     0.2182  11.39350167   -2.2223343    37.637     1.289
svyfeb20_gto105    geo-0001:sv1-20200220-S-14-1A      58899.992718 20-FEB-20 23:49:30.83      1.533600     3  19.30  19.40  43604.56898  0.0000000   21.0995   353.2247     0.0000   174.7067   -18.43      0.06942  0.0000000    0.1358     0.0352     0.0000     0.0372  11.33030628   -2.1701785    20.523     1.903
svyfeb20_gto105    geo-0001:sv1-20200220-S-18-1A      58900.037207 20-FEB-21 00:53:34.68      2.299680     4  19.20  19.30  43963.20474  0.0000000    2.7928    37.4856     0.0000   130.9557   -23.02      0.00864  0.0000000    0.0111     0.2600     0.0000     0.2597  11.26031632   -2.0359510     4.654     2.109
svyfeb20_gto105    geo-0003:sv1-20200220-S-18-1A      58900.038272 20-FEB-21 00:55:06.70      0.766080     2  19.40  19.50  40121.86854  0.0000000   29.0423   164.8276     0.0000     4.2690    26.15      0.00000  0.0000000    0.0000     0.0000     0.0000     0.0000  11.27335513   -2.3408815     4.356     2.071
svyfeb20_gto105    geo-0001:sv1-20200220-S-19-1A      58900.044036 20-FEB-21 01:03:24.71      3.067200     4  19.50  19.60  45612.71684  0.0000000    1.7034    75.0583     0.0000    93.1876   -44.14      0.03442  0.0000000    0.0050     2.1602     0.0000     2.1592  11.23154528   -2.2142708     1.961     1.701
svyfeb20_gto105    geo-0001:sv1-20200220-S-23-1B      58900.066617 20-FEB-21 01:35:55.70      3.067200     5  20.40  20.40  49027.15818  0.0000000    2.3565   104.1923     0.0000    63.9423   -87.84      0.01011  0.0000000    0.0076     0.3813     0.0000     0.3809  11.17503782   -1.3521150    -6.322     2.117
svyfeb20_gto105    geo-0001:sv1-20200220-S-24-1A      58900.079568 20-FEB-21 01:54:34.67      3.067200     5  18.30  18.40  78090.22206  0.0000000   26.4328   167.6531     0.0000     0.7996  -459.85      0.01969  0.0000000    0.0203     0.0015     0.0000     0.0015  11.15206745   -2.0001806   -10.744     0.356
svyfeb20_gto105    geo-0002:sv1-20200220-S-24-1B      58900.081432 20-FEB-21 01:57:15.72      6.132960     4  20.30  20.30  77980.83834  0.0000000   26.7034   167.6549     0.0000     1.0647  -458.45      0.02646  0.0000000    0.0273     0.0023     0.0000     0.0021  11.16096617   -1.5220620   -11.179     0.478
svyfeb20_gto105    geo-0003:sv1-20200220-S-24-1B      58900.084094 20-FEB-21 02:01:05.72      2.299680     3  21.00  21.00  78005.04312  0.0000000   26.8758   167.6708     0.0000     1.4338  -458.76      0.02959  0.0000000    0.0306     0.0027     0.0000     0.0026  11.17206229   -1.4121652   -11.797     0.648
svyfeb20_gto105    geo-0004:sv1-20200220-S-24-1B      58900.087288 20-FEB-21 02:05:41.68      2.299680     4  19.20  19.30  46344.54201  0.0000000    3.5871    31.8147     0.0000   136.5058   -53.50      0.00968  0.0000000    0.0129     0.1948     0.0000     0.1945  11.15182183   -1.2618617   -13.523     2.468
svyfeb20_gto105    geo-0001:sv1-20200220-S-30-1A      58900.114869 20-FEB-21 02:45:24.68      1.533600     3  19.10  19.20  47965.72890  0.0000000    9.7352   359.7974     0.0000   168.2851   -74.26      0.01761  0.0000000    0.0305     0.0380     0.0000     0.0374  11.09221136   -1.5113004   -23.609     1.968
svyfeb20_gto105    geo-0001:sv1-20200220-S-30-1B      58900.113538 20-FEB-21 02:43:29.68      3.067200     5  19.50  19.60  47971.02967  0.0000000    9.6401   359.9114     0.0000   167.7767   -74.32      0.00742  0.0000000    0.0128     0.0166     0.0000     0.0164  11.07510977   -1.4650029   -23.520     2.032
svyfeb20_gto105    geo-0002:sv1-20200220-S-30-1B      58900.119927 20-FEB-21 02:52:41.69      2.299680     4  19.20  19.20  39539.62757  0.0000000    3.3053    84.9397     0.0000    83.5498    33.60      0.03356  0.0000000    0.0088     1.2779     0.0000     1.2758  11.08209568   -1.1615807   -25.203     3.284
svyfeb20_gto105    geo-0001:sv1-20200220-S-31-1A      58900.125436 20-FEB-21 03:00:37.67      1.533600     3  16.50  16.60  32493.40646  0.0000000    5.7917   131.6956     0.0000    36.9137   123.79      0.01828  0.0000000    0.0406     0.3057     0.0000     0.3043  11.05129000   -2.1348878   -27.202     3.475
svyfeb20_gto105    geo-0001:sv1-20200221-S-10-1A      58900.955077 20-FEB-21 22:55:18.65      3.065760     5  16.90  17.00  48300.43022  0.0000000    4.9190   348.8576     0.0000   180.0444   -78.54      0.00476  0.0000000    0.0083     0.0039     0.0000     0.0045  11.37463327   -3.5019541    33.743    -0.004
svyfeb20_gto105    geo-0003:sv1-20200221-S-10-1A      58900.955077 20-FEB-21 22:55:18.65      0.766080     2  13.10  13.20  43746.48953  0.0000000   15.9645   349.6567     0.0000   178.6612   -20.25      0.00000  0.0000000    0.0000     0.0000     0.0000     0.0000  11.37584510   -3.5214124    33.211     0.368
svyfeb20_gto105    geo-0001:sv1-20200221-S-11-1B      58900.966431 20-FEB-21 23:11:39.63      3.067200     5  18.20  18.30  46695.89649  0.0000000    2.3770   141.3274     0.0000    27.3858   -58.00      0.00880  0.0000000    0.0142     0.1809     0.0000     0.1806  11.36264882   -2.4933571    29.436     1.093
svyfeb20_gto105    geo-0001:sv1-20200221-S-14-1A      58900.991466 20-FEB-21 23:47:42.66      2.299680     4  16.30  16.40  42492.94377  0.0000000    1.1739    18.9701     0.0000   149.3244    -4.20      0.04307  0.0000000    0.0751     2.1547     0.0000     2.1547  11.33272227   -3.5118413    20.005     0.599
svyfeb20_gto105    geo-0002:sv1-20200221-S-14-1B      58900.989603 20-FEB-21 23:45:01.69      1.533600     3  19.50  19.60  44031.40315  0.0000000    5.3212   154.2893     0.0000    14.1540   -23.90      0.02779  0.0000000    0.0524     0.1481     0.0000     0.1468  11.33199963   -2.5419825    20.762     1.299
svyfeb20_gto105    geo-0001:sv1-20200221-S-17-1A      58901.016524 20-FEB-22 00:23:47.67      2.299680     4  13.00  13.10  42426.78840  0.0000000    0.8640    96.5499     0.0000    71.5990    -3.36      0.00768  0.0000000    0.0049     0.9810     0.0000     0.9809  11.28297821   -3.4017214    10.806     0.820
svyfeb20_gto105    geo-0001:sv1-20200221-S-18-1A      58901.029742 20-FEB-22 00:42:49.70      2.299680     4  17.60  17.70  43630.56306  0.0000000    2.1728     6.7912     0.0000   161.4305   -18.77      0.00653  0.0000000    0.0122     0.1074     0.0000     0.1074  11.25576845   -3.4152631     6.122     0.692
svyfeb20_gto105    geo-0002:sv1-20200221-S-18-1A      58901.034001 20-FEB-22 00:48:57.68      1.533600     3  16.20  16.30  39127.41882  0.0000000    2.4975   132.0944     0.0000    36.2132    38.87      0.05247  0.0000000    0.0941     1.5992     0.0000     1.5972  11.26595465   -3.2312078     4.632     1.475
svyfeb20_gto105    geo-0001:sv1-20200221-S-19-1A      58901.040830 20-FEB-22 00:58:47.71      2.299680     4  17.70  17.80  42348.70988  0.0000000    0.9012    90.1807     0.0000    77.9733    -2.36      0.00733  0.0000000    0.0031     0.9281     0.0000     0.9280  11.23495152   -3.3901191     2.038     0.881
svyfeb20_gto105    geo-0002:sv1-20200221-S-19-1A      58901.044024 20-FEB-22 01:03:23.67      2.299680     4  14.50  14.60  42519.05584  0.0000000    0.8849    97.7325     0.0000    70.5250    -4.54      0.00422  0.0000000    0.0028     0.5221     0.0000     0.5220  11.23355093   -3.4113635     0.988     0.834
svyfeb20_gto105    geo-0001:sv1-20200221-S-23-1B      58901.073758 20-FEB-22 01:46:12.69      3.833280     6  17.20  17.30  57370.98909  0.0000000   13.2019   350.8515     0.0000   177.4453  -194.64      0.01327  0.0000000    0.0191     0.0046     0.0000     0.0048  11.16329454   -2.4121427    -9.637     0.583
svyfeb20_gto105    geo-0001:sv1-20200221-S-24-1A      58901.087636 20-FEB-22 02:06:11.75      2.299680     4  15.60  15.70  41961.90919  0.0000000    1.7950    10.0133     0.0000   158.0015     2.59      0.01451  0.0000000    0.0277     0.3558     0.0000     0.3557  11.13124096   -3.5828782   -14.986     0.672
svyfeb20_gto105    geo-0004:sv1-20200221-S-27-1A      58901.122958 20-FEB-22 02:57:03.57      1.533600     3  11.10  11.20  42207.13125  0.0000000    8.5186   353.7142     0.0000   174.5253    -0.55      0.00915  0.0000000    0.0186     0.0137     0.0000     0.0134  11.06412920   -3.4630287   -27.462     0.810
svyfeb20_gto105    geo-0004:sv1-20200221-S-27-1B      58901.114174 20-FEB-22 02:44:24.63      0.766080     2  12.00  12.00  42186.71810  0.0000000    2.3284   125.9586     0.0000    42.4105    -0.28      0.00000  0.0000000    0.0000     0.0000     0.0000     0.0000  11.08484927   -2.5442447   -24.245     1.570
svyfeb20_gto105    geo-0002:sv1-20200221-S-28-1A      58901.142740 20-FEB-22 03:25:32.73      0.766080     2  20.20  20.30  33587.22088  0.0000000    7.7512     5.2813     0.0000   163.4656   109.79      0.00000  0.0000000    0.0000     0.0000     0.0000     0.0000  11.02022385   -3.3007721   -34.013     2.200
svyfeb20_gto105    geo-0001:sv1-20200221-S-8-1B       58900.941061 20-FEB-21 22:35:07.67      3.067200     5  13.80  13.90  43073.37849  0.0000000   15.8744   353.9368     0.0000   174.1835   -11.63      0.04304  0.0000000    0.0848     0.0308     0.0000     0.0327  11.39446256   -2.3536525    38.241     1.588
svymar20_gto75     geo-0001:sv1-20200320-S-12-1A      58928.987146 20-MAR-20 23:41:29.41      1.465920     3  19.60  19.70  27913.22553  0.0000000   12.9394   351.9016     0.0000   207.4693   182.42      0.03094  0.0000000    0.0864     0.2055     0.0000     0.2023  13.50502949  -13.5426747    24.439    -5.929
svymar20_gto75     geo-0003:sv1-20200320-S-12-1A      58928.995803 20-MAR-20 23:53:57.37      2.933280     5  18.60  18.70  43396.31570  0.0000000   10.1737   315.9472     0.0000   246.5584   -15.77      0.00428  0.0000000    0.0033     0.0435     0.0000     0.0429  13.50425242  -14.3124492    24.714    -9.326
svymar20_gto75     geo-0001:sv1-20200320-S-13-1A      58929.021104 20-MAR-21 00:30:23.38      1.467360     3  19.70  19.80  42007.08201  0.0000000    8.8750   301.0178     0.0000   261.4648     2.01      0.01190  0.0000000    0.0038     0.1550     0.0000     0.1532  13.48190263  -14.1943382    15.789    -8.776
svymar20_gto75     geo-0001:sv1-20200320-S-14-1A      58929.044182 20-MAR-21 01:03:37.32      2.200320     4  20.90  21.00  46166.50787  0.0000000   10.1475   311.5000     0.0000   251.4755   -51.23      0.00830  0.0000000    0.0048     0.0818     0.0000     0.0805  13.44015373  -14.5051517     7.779    -9.617
svymar20_gto75     geo-0002:sv1-20200320-S-21-1A      58929.085919 20-MAR-21 02:03:43.40      2.200320     4  19.50  19.60  42973.82710  0.0000000   13.4398   340.9741     0.0000   221.8094   -10.36      0.00876  0.0000000    0.0129     0.0503     0.0000     0.0489  13.33172483  -14.4118847    -7.995    -8.914
svymar20_gto75     geo-0001:sv1-20200320-S-21-1B      58929.075989 20-MAR-21 01:49:25.44      2.200320     3  17.50  17.60  40792.87885  0.0000000    8.3157   272.3701     0.0000   288.9740    17.56      0.00000  0.0000000    0.0000     0.0000     0.0000     0.0000  13.33428194  -13.4934210    -4.873    -7.861
svymar20_gto75     geo-0002:sv1-20200320-S-26-1A      58929.142051 20-MAR-21 03:24:33.20      1.467360     3  19.40  19.50  42905.85765  0.0000000    9.0113   307.8311     0.0000   254.0384    -9.49      0.01406  0.0000000    0.0078     0.1718     0.0000     0.1697  13.19341920  -14.2327054   -28.572    -8.661
svymar20_gto75     geo-0003:sv1-20200320-S-26-1A      58929.143579 20-MAR-21 03:26:45.22      2.200320     3  17.00  17.00  39691.73480  0.0000000    8.5901   303.7009     0.0000   258.1595    31.65      0.00516  0.0000000    0.0024     0.0736     0.0000     0.0728  13.18466468  -14.3723405   -29.074    -8.406
svymar20_gto75     geo-0004:sv1-20200320-S-26-1A      58929.157838 20-MAR-21 03:47:17.20      1.467360     3  18.50  18.60  42172.69925  0.0000000    8.9159   284.7270     0.0000   277.7211    -0.10      0.00000  0.0000000    0.0000     0.0000     0.0000     0.0000  13.19593218  -14.3840208   -33.410    -8.834
svymar20_gto75     geo-0003:sv1-20200320-S-26-1B      58929.150963 20-MAR-21 03:37:23.20      2.200320     4  15.70  15.80  41694.17134  0.0000000    8.0949   297.2846     0.0000   264.7847     6.02      0.00443  0.0000000    0.0010     0.0645     0.0000     0.0638  13.18568262  -13.5232649   -31.452    -8.061
svymar20_gto75     geo-0004:sv1-20200320-S-26-1B      58929.158602 20-MAR-21 03:48:23.21      1.467360     3  15.80  15.90  40116.96447  0.0000000    8.3006   302.9771     0.0000   259.6384    26.21      0.01522  0.0000000    0.0062     0.2230     0.0000     0.2206  13.19051570  -14.1318733   -33.718    -8.164
svymar20_gto75     geo-0002:sv1-20200321-S-10-1A      58929.984146 20-MAR-21 23:37:10.21      2.200320     4  19.60  19.80  44331.56098  0.0000000   11.9340   318.6408     0.0000   244.0264   -27.74      0.01054  0.0000000    0.0088     0.0876     0.0000     0.0858  13.51300295  -15.4829100    27.935   -10.714
svymar20_gto75     geo-0001:sv1-20200321-S-12-1A      58930.011634 20-MAR-22 00:16:45.17      2.200320     3  19.20  19.30  36735.90249  0.0000000   10.1293   310.7349     0.0000   250.4457    69.49      0.03644  0.0000000    0.0289     0.4605     0.0000     0.4535  13.46024324  -16.0140866    16.736    -9.539
svymar20_gto75     geo-0002:sv1-20200321-S-15-1A      58930.056866 20-MAR-22 01:21:53.22      2.200320     4  19.00  19.10  45735.47008  0.0000000   12.1117   321.6196     0.0000   241.4455   -45.71      0.00885  0.0000000    0.0078     0.0685     0.0000     0.0670  13.40322532  -16.0535279     2.033   -10.620
svymar20_gto75     geo-0003:sv1-20200321-S-15-1B      58930.040315 20-MAR-22 00:58:03.21      0.732960     2  18.40  18.50  40965.49901  0.0000000   10.7453   317.0106     0.0000   245.2047    15.35      0.00000  0.0000000    0.0000     0.0000     0.0000     0.0000  13.42113662  -15.4405682     7.315    -9.745
svymar20_gto75     geo-0001:sv1-20200321-S-15-1B      58930.042352 20-MAR-22 01:00:59.21      2.933280     5  19.90  20.00  42696.49760  0.0000000   10.9679   318.0006     0.0000   243.9955    -6.81      0.00756  0.0000000    0.0066     0.0714     0.0000     0.0701  13.39586932  -15.3547356     6.330    -9.846
svymar20_gto75     geo-0002:sv1-20200321-S-15-1B      58930.049481 20-MAR-22 01:11:15.15      1.467360     3  19.50  19.60  42185.36434  0.0000000    9.5772   302.9027     0.0000   259.2544    -0.27      0.00521  0.0000000    0.0021     0.0623     0.0000     0.0614  13.40406078  -15.1325701     4.187    -9.408
svymar20_gto75     geo-0001:sv1-20200321-S-21-1A      58930.085661 20-MAR-22 02:03:21.11      3.666240     6  18.10  18.20  50537.34948  0.0000000   11.7024   301.4687     0.0000   260.4540  -107.17      0.00375  0.0000000    0.0010     0.0300     0.0000     0.0294  13.30459226  -16.3737407    -9.158   -11.538
svymar20_gto75     geo-0002:sv1-20200321-S-21-1A      58930.088207 20-MAR-22 02:07:01.08      2.933280     5  19.30  19.40  42678.02475  0.0000000   10.9307   311.1298     0.0000   250.9127    -6.57      0.00827  0.0000000    0.0054     0.0825     0.0000     0.0810  13.30580962  -16.1929282   -10.085   -10.323
svymar20_gto75     geo-0003:sv1-20200321-S-21-1A      58930.091263 20-MAR-22 02:11:25.12      2.200320     4  18.30  18.40  42198.45474  0.0000000   10.7982   310.7331     0.0000   251.4898    -0.43      0.01450  0.0000000    0.0094     0.1489     0.0000     0.1462  13.31146714  -16.1820602   -10.991   -10.233
svymar20_gto75     geo-0004:sv1-20200321-S-21-1A      58930.093300 20-MAR-22 02:14:21.12      2.200320     4  16.70  16.80  40581.35427  0.0000000   10.5100   312.4842     0.0000   249.7666    20.26      0.01233  0.0000000    0.0091     0.1346     0.0000     0.1324  13.31017054  -16.0923260   -11.705    -9.855
svymar20_gto75     geo-0024:sv1-20200321-S-21-1A      58930.102467 20-MAR-22 02:27:33.14      0.732960     2  16.40  16.50  32657.73630  0.0000000   14.3665   346.7310     0.0000   216.5810   121.69      0.00000  0.0000000    0.0000     0.0000     0.0000     0.0000  13.31401092  -16.2303134   -14.503    -8.504
svymar20_gto75     geo-0001:sv1-20200321-S-21-1B      58930.091517 20-MAR-22 02:11:47.06      1.467360     3  20.60  20.70  43852.95252  0.0000000   10.8304   313.1163     0.0000   249.1339   -21.61      0.00781  0.0000000    0.0054     0.0754     0.0000     0.0740  13.30598625  -15.5453038   -11.091   -10.112
svymar20_gto75     geo-0011:sv1-20200321-S-21-1B      58930.096610 20-MAR-22 02:19:07.10      0.732960     2  20.60  20.70  40417.09680  0.0000000   11.9369   329.2099     0.0000   233.4821    22.37      0.00000  0.0000000    0.0000     0.0000     0.0000     0.0000  13.30593703  -15.5159417   -12.743    -9.569
svymar20_gto75     geo-0002:sv1-20200321-S-21-1B      58930.097628 20-MAR-22 02:20:35.05      1.465920     3  14.30  14.40  39433.48309  0.0000000    9.0291   301.5495     0.0000   260.6738    34.96      0.04052  0.0000000    0.0155     0.5591     0.0000     0.5522  13.30536876  -15.1757102   -13.093    -8.909
svymar20_gto75     geo-0001:sv1-20200321-S-22-1A      58930.117397 20-MAR-22 02:49:03.10      2.933280     5  14.00  14.10  42171.70691  0.0000000   10.7344   310.3202     0.0000   251.9814    -0.09      0.00576  0.0000000    0.0036     0.0597     0.0000     0.0587  13.25455935  -16.1658714   -20.336   -10.202
svymar20_gto75     geo-0002:sv1-20200321-S-22-1A      58930.120962 20-MAR-22 02:54:11.11      1.467360     3  17.90  18.00  37685.98355  0.0000000    9.6872   293.4421     0.0000   268.8198    57.33      0.00000  0.0000000    0.0000     0.0000     0.0000     0.0000  13.25407228  -16.3102836   -21.380    -9.685
svymar20_gto75     geo-0002:sv1-20200321-S-22-1B      58930.113578 20-MAR-22 02:43:33.13      2.200320     4  19.20  19.30  41942.70247  0.0000000   10.2946   308.9114     0.0000   253.2794     2.84      0.00374  0.0000000    0.0022     0.0409     0.0000     0.0403  13.26176891  -15.5602137   -19.026    -9.855
svymar20_gto75     geo-0003:sv1-20200324-S-14-1B      58933.156289 20-MAR-25 03:45:03.36      2.200320     3  17.50  17.50  42929.28409  0.0000000   12.4645   320.7183     0.0000   241.8741    -9.79      0.00755  0.0000000    0.0071     0.0614     0.0000     0.0599  13.15491464  -16.5056053   -37.314   -10.973
svymar20_gto75     geo-0002:sv1-20200324-S-14-1B      58933.156799 20-MAR-25 03:45:47.43      3.666240     6  18.30  18.30  49919.42667  0.0000000   12.8738   318.7995     0.0000   243.3337   -99.26      0.01500  0.0000000    0.0112     0.1009     0.0000     0.0984  13.15301767  -16.3002768   -37.974   -11.485
svymar20_gto75     geo-0001:sv1-20200324-S-6-1A       58933.075765 20-MAR-25 01:49:06.09      2.200320     4  19.70  19.80  44713.83765  0.0000000   11.6244   288.1607     0.0000   273.8075   -32.63      0.01717  0.0000000    0.0032     0.1608     0.0000     0.1575  13.33111226  -17.2533081    -8.219   -11.598
svymar20_gto75     geo-0002:sv1-20200324-S-6-1A       58933.077293 20-MAR-25 01:51:18.11      2.200320     4  18.40  18.50  46317.69111  0.0000000   13.0348   317.9015     0.0000   244.8734   -53.16      0.00596  0.0000000    0.0046     0.0436     0.0000     0.0425  13.33213193  -17.2430918    -8.623   -11.783
svymar20_gto75     geo-0001:sv1-20200324-S-6-1B       58933.075510 20-MAR-25 01:48:44.06      2.933280     5  19.20  19.30  44695.51853  0.0000000   11.6163   288.5834     0.0000   273.3088   -32.40      0.00000  0.0000000    0.0000     0.0000     0.0000     0.0000  13.32507424  -17.2535565    -8.213   -11.597
svymar20_gto75     geo-0002:sv1-20200324-S-6-1B       58933.076529 20-MAR-25 01:50:12.10      3.666240     6  17.90  17.90  46307.69639  0.0000000   13.0663   318.2102     0.0000   244.3327   -53.03      0.00348  0.0000000    0.0027     0.0253     0.0000     0.0247  13.32239458  -17.2254265    -8.591   -11.757
svymar20_gto75     geo-0003:sv1-20200324-S-6-1B       58933.077038 20-MAR-25 01:50:56.08      2.200320     4  20.20  20.30  41463.58217  0.0000000   11.7948   315.8707     0.0000   246.5501     8.97      0.00540  0.0000000    0.0044     0.0502     0.0000     0.0491  13.32586026  -17.0330240    -8.755   -10.808
svymay20_gto105    geo-0001:sv1-20200517-S-12-1A      58987.032183 20-MAY-18 00:46:20.61      2.299680     4  19.10  19.10  41987.31714  0.0000000    6.6442   293.4520     0.0000   290.6573     2.27      0.01529  0.0000000    0.0113     0.2523     0.0000     0.2506  14.52439899  -11.4821188   -23.522    -6.215
svymay20_gto105    geo-0002:sv1-20200517-S-12-1A      58987.033780 20-MAY-18 00:48:38.59      3.067200     4  17.60  17.60  45856.42259  0.0000000    7.5656   288.3394     0.0000   295.7677   -47.26      0.00806  0.0000000    0.0066     0.1016     0.0000     0.1007  14.53068699  -11.5622805   -24.032    -6.810
svymay20_gto105    geo-0001:sv1-20200517-S-12-1B      58987.032449 20-MAY-18 00:46:43.59      2.299680     4  20.00  20.00  41919.44921  0.0000000    6.6735   292.5925     0.0000   291.6086     3.14      0.01442  0.0000000    0.0112     0.2358     0.0000     0.2342  14.53068668  -11.4807367   -23.520    -6.203
svymay20_gto105    geo-0001:sv1-20200517-S-19-1B      58987.110006 20-MAY-18 02:38:24.51      2.299680     4  18.30  18.40  63780.61458  0.0000000    8.5291   283.2754     0.0000   299.3110  -276.69      0.01476  0.0000000    0.0094     0.1114     0.0000     0.1102  14.38279542  -10.5013405   -52.992    -7.431
svymay20_gto105    geo-0001:sv1-20200517-S-20-1A      58987.116568 20-MAY-18 02:47:51.47      3.833280     6  19.70  19.80  51557.48747  0.0000000    8.7945   283.1262     0.0000   300.0035  -120.23      0.00000  0.0000000    0.0000     0.0000     0.0000     0.0000  14.36418228  -11.5159826   -54.797    -7.608
svymay20_gto105    geo-0002:sv1-20200517-S-23-1A      58987.139735 20-MAY-18 03:21:13.10      3.067200     4  18.60  18.70  45907.31464  0.0000000   12.9806    11.4936     0.0000   213.0247   -47.91      0.02564  0.0000000    0.0397     0.1166     0.0000     0.1134  14.33110479  -11.3847309   -62.739    -7.032
svymay20_gto105    geo-0001:sv1-20200517-S-24-1A      58987.149223 20-MAY-18 03:34:52.86      2.299680     4  15.50  15.50  42674.98255  0.0000000    7.7273   285.8629     0.0000   298.2696    -6.53      0.00000  0.0000000    0.0000     0.0000     0.0000     0.0000  14.32228646  -11.4207946   -65.658    -6.801
svymay20_gto105    geo-0001:sv1-20200517-S-4-1B       58986.938477 20-MAY-17 22:31:24.41      6.900480    10  13.90  17.40  66117.17538  0.0000000   25.1478    28.8761     0.0000   198.5740  -306.59      0.03297  0.0000000    0.0388     0.0314     0.0000     0.0285  15.13207745  -11.0947233    11.863    -7.779
svymay20_gto105    geo-0004:sv1-20200517-S-5-1A       58986.948353 20-MAY-17 22:45:37.69      0.766080     2  14.60  14.60  42906.66475  0.0000000   51.2284    38.7689     0.0000   188.7070    -9.50      0.00000  0.0000000    0.0000     0.0000     0.0000     0.0000  15.10404403  -12.0914137     6.750    -6.778
svymay20_gto105    geo-0002:sv1-20200517-S-5-1A       58986.955274 20-MAY-17 22:55:35.67      3.067200     5  19.20  19.20  51276.40546  0.0000000    8.2894   339.8082     0.0000   245.4685  -116.63      0.00999  0.0000000    0.0067     0.1028     0.0000     0.1017  15.10398740  -12.0236195     5.053    -7.537
svymay20_gto105    geo-0001:sv1-20200517-S-6-1B       58986.962902 20-MAY-17 23:06:34.73      2.299680     4  16.30  16.30  39325.15720  0.0000000    5.2245   322.3949     0.0000   261.8274    36.34      0.00256  0.0000000    0.0008     0.0612     0.0000     0.0610  15.08370769  -10.5745755     1.440    -5.171
svymay20_gto105    geo-0002:sv1-20200517-S-6-1B       58986.965564 20-MAY-17 23:10:24.72      1.533600     3  16.20  16.30  48861.12631  0.0000000   13.2339   253.1773     0.0000   330.9482   -85.72      0.02393  0.0000000    0.0361     0.0874     0.0000     0.0850  15.08124306  -11.0316670     1.065    -6.383
svymay20_gto105    geo-0001:sv1-20200518-S-10-1A      58987.992399 20-MAY-18 23:49:03.27      2.299680     4  17.90  17.90  41748.27845  0.0000000    8.1441   298.3947     0.0000   285.9909     5.33      0.01387  0.0000000    0.0082     0.1932     0.0000     0.1913  15.02284482  -13.3954259    -9.843    -7.827
svymay20_gto105    geo-0001:sv1-20200518-S-15-1A      58988.024830 20-MAY-19 00:35:45.31      2.299680     4  15.40  15.50  40966.58525  0.0000000    7.6812   300.4588     0.0000   284.1540    15.33      0.01487  0.0000000    0.0081     0.2263     0.0000     0.2243  14.55584247  -13.2207827   -21.354    -7.447
svymay20_gto105    geo-0001:sv1-20200518-S-15-1B      58988.024564 20-MAY-19 00:35:22.32      2.299680     4  15.90  15.90  40889.47041  0.0000000    7.7206   299.0492     0.0000   285.4527    16.32      0.00478  0.0000000    0.0028     0.0722     0.0000     0.0715  14.55341343  -13.2225778   -21.358    -7.440
svymay20_gto105    geo-0002:sv1-20200518-S-16-1A      58988.035920 20-MAY-19 00:51:43.48      2.299680     4  16.20  16.30  46559.13315  0.0000000    9.7966   282.5158     0.0000   301.6177   -56.25      0.00918  0.0000000    0.0088     0.0830     0.0000     0.0818  14.53087381  -13.3227359   -25.583    -8.331
svymay20_gto105    geo-0001:sv1-20200518-S-16-1B      58988.031395 20-MAY-19 00:45:12.52      2.299680     4  16.90  16.90  40104.22943  0.0000000    7.5578   287.7697     0.0000   296.3874    26.37      0.04331  0.0000000    0.0423     0.6339     0.0000     0.6285  14.52360890  -12.4343746   -24.103    -6.766
svymay20_gto105    geo-0001:sv1-20200518-S-17-1A      58988.041684 20-MAY-19 01:00:01.49      3.067200     5  17.50  17.50  46196.70471  0.0000000    8.5840   296.6892     0.0000   287.1780   -51.61      0.01088  0.0000000    0.0061     0.1271     0.0000     0.1257  14.49523510  -13.2519716   -28.124    -8.198
svymay20_gto105    geo-0001:sv1-20200518-S-18-1A      58988.053837 20-MAY-19 01:17:31.51      2.299680     4  19.30  19.30  48036.56253  0.0000000   10.3082   346.3930     0.0000   238.1819   -75.16      0.00867  0.0000000    0.0080     0.0722     0.0000     0.0711  14.48208748  -13.4613912   -32.405    -8.746
svymay20_gto105    geo-0002:sv1-20200518-S-18-1A      58988.054902 20-MAY-19 01:19:03.53      3.833280     4  19.10  19.10  55898.86275  0.0000000   12.2728   355.5106     0.0000   228.9602  -175.80      0.01351  0.0000000    0.0130     0.0711     0.0000     0.0694  14.47569075  -13.3103426   -33.132    -9.226
svymay20_gto105    geo-0002:sv1-20200518-S-19-1A      58988.076592 20-MAY-19 01:50:17.54      1.533600     3  15.70  15.70  38492.77829  0.0000000    7.7535   297.1288     0.0000   287.6612    47.00      0.00306  0.0000000    0.0022     0.0486     0.0000     0.0482  14.44282482  -13.3147330   -39.832    -7.386
svymay20_gto105    geo-0001:sv1-20200518-S-5-1B       58987.936601 20-MAY-18 22:28:42.32      3.067200     5  19.20  19.20  48677.60440  0.0000000    8.3336   316.3423     0.0000   268.5914   -83.37      0.00371  0.0000000    0.0004     0.0441     0.0000     0.0436  15.13233740  -13.0620869    10.678    -8.331
svymay20_gto105    geo-0001:sv1-20200518-S-8-1B       58987.969263 20-MAY-18 23:15:44.32      1.533600     3  16.00  16.10  40003.50217  0.0000000   10.8880     4.5140     0.0000   220.4154    27.66      0.03923  0.0000000    0.0644     0.2923     0.0000     0.2873  15.07274381  -12.5926034    -1.615    -7.034
svymay20_gto105    geo-0006:sv1-20200518-S-9-1A       58987.980779 20-MAY-18 23:32:19.30      0.766080     2  20.30  20.30  49344.21994  0.0000000    9.1412   303.1411     0.0000   281.7076   -91.90      0.00000  0.0000000    0.0000     0.0000     0.0000     0.0000  15.05561670  -13.5306461    -5.193    -8.949
svymay20_gto105    geo-0001:sv1-20200518-S-9-1A       58987.981311 20-MAY-18 23:33:05.27      3.067200     5  19.00  19.00  48856.25430  0.0000000    9.1093   307.9014     0.0000   276.7369   -85.65      0.01016  0.0000000    0.0024     0.1092     0.0000     0.1078  15.04408981  -14.0257352    -5.657    -9.046
svymay20_gto105    geo-0001:sv1-20200519-S-12-1A      58988.980958 20-MAY-19 23:32:34.77      3.833280     5  18.40  18.40  53362.59508  0.0000000   12.8189   280.5123     0.0000   303.4159  -143.34      0.00859  0.0000000    0.0074     0.0500     0.0000     0.0487  15.03115744  -15.2217228    -6.642   -10.672
svymay20_gto105    geo-0003:sv1-20200519-S-12-1A      58988.987880 20-MAY-19 23:42:32.83      2.299680     3  17.60  17.60  66218.61992  0.0000000   14.8183   274.5735     0.0000   309.7750  -307.89      0.00000  0.0000000    0.0000     0.0000     0.0000     0.0000  15.04207451  -15.0638604    -8.433   -11.336
svymay20_gto105    geo-0002:sv1-20200519-S-12-1B      58988.985484 20-MAY-19 23:39:05.81      2.299680     4  13.60  13.60  40939.07158  0.0000000    8.8386   299.0109     0.0000   285.3503    15.69      0.00447  0.0000000    0.0026     0.0588     0.0000     0.0582  15.03317294  -14.3414280    -8.336    -8.521
svymay20_gto105    geo-0003:sv1-20200519-S-13-1A      58988.993645 20-MAY-19 23:50:50.92      3.067200     4  18.10  18.10  57269.26666  0.0000000   11.3137   332.1567     0.0000   252.7565  -193.34      0.01168  0.0000000    0.0050     0.0814     0.0000     0.0798  15.00483791  -15.1044365   -11.226   -10.799
svymay20_gto105    geo-0001:sv1-20200519-S-17-1A      58989.020969 20-MAY-20 00:30:11.72      1.533600     3  19.20  19.20  42064.51989  0.0000000    9.5806   304.8312     0.0000   279.5044     1.28      0.00935  0.0000000    0.0035     0.1126     0.0000     0.1111  14.55036799  -15.2650573   -21.214    -9.448
svymay20_gto105    geo-0003:sv1-20200519-S-17-1B      58989.019105 20-MAY-20 00:27:30.67      0.766080     2  15.60  15.60  31925.54193  0.0000000   18.3318    23.4548     0.0000   202.2153   131.06      0.00000  0.0000000    0.0000     0.0000     0.0000     0.0000  14.55268618  -14.3741494   -20.364    -6.830
svymay20_gto105    geo-0004:sv1-20200519-S-17-1B      58989.024430 20-MAY-20 00:35:10.75      0.766080     2  10.30  10.30  29403.14751  0.0000000   56.6088    40.8681     0.0000   187.3502   163.35      0.00000  0.0000000    0.0000     0.0000     0.0000     0.0000  14.54423689  -14.3521893   -22.002    -6.132
svymay20_gto105    geo-0001:sv1-20200519-S-18-1A      58989.031524 20-MAY-20 00:45:23.67      3.833280     6  18.60  18.60  50284.55463  0.0000000   10.7658   300.7286     0.0000   283.1185  -103.94      0.00283  0.0000000    0.0011     0.0244     0.0000     0.0240  14.51515361  -15.2903753   -25.419   -10.482
svymay20_gto105    geo-0001:sv1-20200519-S-22-1A      58989.064510 20-MAY-20 01:32:53.66      1.533600     3  15.70  15.70  40207.76264  0.0000000   29.5967    29.1974     0.0000   197.5413    25.05      0.01185  0.0000000    0.0245     0.0162     0.0000     0.0141  14.45256840  -14.3602793   -36.834    -8.561
svymay20_gto105    geo-0002:sv1-20200519-S-22-1B      58989.063712 20-MAY-20 01:31:44.71      1.533600     3  15.60  15.60  40160.49447  0.0000000   29.5317    29.1731     0.0000   197.2523    25.65      0.01087  0.0000000    0.0225     0.0147     0.0000     0.0128  14.44203275  -14.2608763   -36.818    -8.406
svymay20_gto105    geo-0001:sv1-20200519-S-27-1B      58989.139441 20-MAY-20 03:20:47.70      2.299680     4  19.00  19.10  41304.98602  0.0000000   20.2111    20.1074     0.0000   205.7310    11.00      0.03205  0.0000000    0.0600     0.0856     0.0000     0.0799  14.32180471  -13.5230100   -64.006    -8.626
svymay20_gto105    geo-0001:sv1-20200519-S-8-1A       58988.951862 20-MAY-19 22:50:40.87      3.067200     4  18.60  18.70  53201.21155  0.0000000   10.8328   317.0874     0.0000   268.1990  -141.27      0.03971  0.0000000    0.0039     0.3288     0.0000     0.3230  15.10562927  -15.2713970     4.518   -10.827
svymay20_gto105    geo-0007:sv1-20200519-S-9-1B       58988.967105 20-MAY-19 23:12:37.87      0.766080     2  20.90  20.90  45736.40752  0.0000000    9.6569   328.9580     0.0000   256.1780   -45.72      0.00000  0.0000000    0.0000     0.0000     0.0000     0.0000  15.08245630  -14.4520008    -1.293    -9.375
svymay20_gto105    geo-0001:sv1-20200520-S-12-1A      58989.976233 20-MAY-20 23:25:46.53      2.299680     4  19.10  19.10  38777.14930  0.0000000    7.0814   266.1765     0.0000   318.0342    43.36      0.03672  0.0000000    0.0618     0.4456     0.0000     0.4421  15.04534443  -10.3704920    -6.090    -4.729
svymay20_gto105    geo-0002:sv1-20200520-S-13-1A      58989.986420 20-MAY-20 23:40:26.68      2.299680     3  19.90  19.90  38215.67060  0.0000000    5.5545   347.6774     0.0000   236.8114    50.55      0.03872  0.0000000    0.0483     0.7675     0.0000     0.7640  15.02132466  -10.3836576    -9.831    -4.646
svymay20_gto105    geo-0001:sv1-20200520-S-13-1B      58989.980830 20-MAY-20 23:32:23.71      1.533600     3  16.20  16.30  42115.27739  0.0000000   13.3058    23.9727     0.0000   200.8046     0.63      0.05937  0.0000000    0.1132     0.1903     0.0000     0.1857  15.02286281  -10.0308594    -7.913    -4.689
svymay20_gto105    geo-0001:sv1-20200520-S-29-1A      58990.072395 20-MAY-21 01:44:14.92      3.833280     4  20.00  20.00  51769.83361  0.0000000   10.0821   259.4735     0.0000   323.6004  -122.95      0.03391  0.0000000    0.0442     0.1842     0.0000     0.1815  14.42157426  -10.1411011   -41.733    -5.963
svymay20_gto105    geo-0001:sv1-20200520-S-2-1A       58989.883411 20-MAY-20 21:12:06.71      2.299680     4  17.50  17.50  46195.18321  0.0000000    5.9169   338.2498     0.0000   246.7592   -51.59      0.00863  0.0000000    0.0062     0.1414     0.0000     0.1406  15.21042019   -9.5634747    27.887    -5.435
svymay20_gto105    geo-0001:sv1-20200520-S-2-1B       58989.887404 20-MAY-20 21:17:51.70      2.299680     4  17.50  17.50  38722.36880  0.0000000    4.3079   316.1657     0.0000   267.7131    44.06      0.00168  0.0000000    0.0003     0.0497     0.0000     0.0496  15.20286831   -9.4202192    25.420    -4.304
svymay20_gto105    geo-0004:sv1-20200520-S-33-1A      58990.112682 20-MAY-21 02:42:15.72      0.766080     2  17.20  17.20  43075.04212  0.0000000   11.7143    18.1177     0.0000   206.8845   -11.65      0.00000  0.0000000    0.0000     0.0000     0.0000     0.0000  14.37166422  -10.1240442   -55.256    -5.268
svymay20_gto105    geo-0001:sv1-20200520-S-33-1A      58990.116941 20-MAY-21 02:48:23.70      3.067200     3  18.50  18.60  43548.22252  0.0000000   53.2248   228.5988     0.0000   352.8474   -17.71      0.05775  0.0000000    0.1153     0.0175     0.0000     0.0124  14.35556462  -10.3703594   -57.010    -5.724
svymay20_gto105    geo-0002:sv1-20200520-S-33-1A      58990.116941 20-MAY-21 02:48:23.70      3.067200     4  18.00  18.10  43282.74363  0.0000000   53.7983   228.5255     0.0000   352.9304   -14.31      0.03232  0.0000000    0.0650     0.0096     0.0000     0.0068  14.35560016  -10.3729854   -56.976    -5.700
svymay20_gto105    geo-0005:sv1-20200520-S-33-1B      58990.119337 20-MAY-21 02:51:50.71      0.766080     2  17.50  17.60  43704.04626  0.0000000   52.8139   228.6480     0.0000   353.6186   -19.71      0.00000  0.0000000    0.0000     0.0000     0.0000     0.0000  14.37477750   -9.5333394   -57.396    -5.080
svymay20_gto105    geo-0001:sv1-20200521-S-17-1A      58991.008075 20-MAY-22 00:11:37.68      3.067200     5  18.50  18.60  43763.83639  0.0000000    4.5078   286.2683     0.0000   297.8769   -20.47      0.00620  0.0000000    0.0058     0.1357     0.0000     0.1352  14.55396843   -9.0236517   -18.780    -3.984
svymay20_gto105    geo-0002:sv1-20200521-S-17-1A      58991.010205 20-MAY-22 00:14:41.71      3.833280     6  20.40  20.40  52275.54424  0.0000000    6.1814   350.5785     0.0000   233.8062  -129.42      0.00338  0.0000000    0.0032     0.0406     0.0000     0.0403  14.55323420   -9.1414837   -19.542    -4.985
svymay20_gto105    geo-0003:sv1-20200521-S-17-1A      58991.016061 20-MAY-22 00:23:07.67      2.299680     4  18.30  18.40  43179.28212  0.0000000    4.8932   282.8322     0.0000   301.6549   -12.99      0.00457  0.0000000    0.0048     0.0902     0.0000     0.0899  14.55347748   -9.1914661   -21.301    -4.164
svymay20_gto105    geo-0001:sv1-20200521-S-17-1B      58991.009939 20-MAY-22 00:14:18.72      4.599360     7  16.00  16.00  52746.61850  0.0000000   10.0510   249.2789     0.0000   334.6004  -135.45      0.02199  0.0000000    0.0315     0.0843     0.0000     0.0830  14.55346306   -8.2547424   -19.451    -4.293
svymay20_gto105    geo-0002:sv1-20200521-S-18-1B      58991.024754 20-MAY-22 00:35:38.74      3.833280     6  19.70  19.70  51241.54313  0.0000000    4.1069   304.3523     0.0000   279.8649  -116.19      0.00476  0.0000000    0.0014     0.1067     0.0000     0.1064  14.53003869   -8.1646084   -24.777    -4.046
svymay20_gto105    geo-0001:sv1-20200521-S-28-1A      58991.102763 20-MAY-22 02:27:58.72      4.599360     7  17.50  17.50  54765.27275  0.0000000    5.1294   313.5012     0.0000   269.7685  -161.29      0.00787  0.0000000    0.0006     0.1339     0.0000     0.1334  14.37325064   -8.5707144   -53.911    -5.129
svymay20_gto105    geo-0002:sv1-20200521-S-28-1A      58991.106490 20-MAY-22 02:33:20.73      1.533600     3  17.50  17.60  42536.77493  0.0000000    4.4132   298.3134     0.0000   286.2475    -4.77      0.00560  0.0000000    0.0032     0.1404     0.0000     0.1400  14.37568871   -9.1019891   -53.918    -4.237
svymay20_gto105    geo-0001:sv1-20200521-S-29-1A      58991.110124 20-MAY-22 02:38:34.71      3.067200     5  17.40  17.40  46529.40395  0.0000000    4.8775   341.4839     0.0000   242.4461   -55.87      0.00233  0.0000000    0.0019     0.0445     0.0000     0.0443  14.36013853   -8.4641294   -55.992    -4.323
svymay20_gto105    geo-0002:sv1-20200521-S-29-1A      58991.115980 20-MAY-22 02:47:00.67      3.067200     5  17.30  17.40  47001.29706  0.0000000    9.7147   252.4010     0.0000   331.1928   -61.91      0.00938  0.0000000    0.0148     0.0478     0.0000     0.0472  14.35519999   -9.0412220   -58.009    -4.664
svymay20_gto105    geo-0001:sv1-20200521-S-35-1B      58991.150135 20-MAY-22 03:36:11.66      3.833280     6  18.10  18.20  49487.40223  0.0000000    3.8397   304.4145     0.0000   278.8887   -93.73      0.01192  0.0000000    0.0034     0.3002     0.0000     0.2995  14.30405818   -7.4314918   -70.958    -3.793
svymay20_gto105    geo-0001:sv1-20200521-S-6-1A       58990.914754 20-MAY-21 21:57:14.74      1.533600     3  18.20  18.20  42703.75784  0.0000000    3.7559   311.8848     0.0000   272.5919    -6.90      0.00700  0.0000000    0.0011     0.2139     0.0000     0.2135  15.15526871   -8.4218317    15.171    -3.752
svymay20_gto105    geo-0001:sv1-20200521-S-9-1A       58990.938366 20-MAY-21 22:31:14.82      1.533600     3  20.70  20.70  32048.72243  0.0000000   13.6178    34.1056     0.0000   189.3032   129.48      0.04012  0.0000000    0.1102     0.0842     0.0000     0.0849  15.10357676   -8.5700377     5.317    -2.181
svymay20_gto105    geo-0003:sv1-20200521-S-9-1A       58990.938898 20-MAY-21 22:32:00.78      0.766080     2  19.70  19.70  31805.06623  0.0000000   13.7396    34.3761     0.0000   189.2837   132.60      0.00000  0.0000000    0.0000     0.0000     0.0000     0.0000  15.11475130   -9.0138580     5.372    -2.196
svymay20_gto105    geo-0001:sv1-20200521-S-9-1B       58990.938632 20-MAY-21 22:31:37.80      3.067200     4  20.90  21.00  49660.62470  0.0000000    4.9873   283.9042     0.0000   300.8602   -95.95      0.00522  0.0000000    0.0046     0.0870     0.0000     0.0867  15.11046931   -8.3614423     6.929    -4.280
svymay20_gto105    geo-0002:sv1-20200521-S-9-1B       58990.939697 20-MAY-21 22:33:09.82      1.533600     3  18.10  18.20  37764.90045  0.0000000    6.8381    22.3638     0.0000   201.7843    56.31      0.00248  0.0000000    0.0053     0.0182     0.0000     0.0181  15.11065497   -8.1041284     5.692    -2.533
svymay20_gto105    geo-0004:sv1-20200522-S-10-1A      58991.945390 20-MAY-22 22:41:21.69      0.766080     2  14.30  14.30  59791.01497  0.0000000   25.8757    37.3713     0.0000   189.1610  -225.62      0.00000  0.0000000    0.0000     0.0000     0.0000     0.0000  15.10594092   -7.3015437     4.271    -3.984
svymay20_gto105    geo-0001:sv1-20200522-S-10-1B      58991.949383 20-MAY-22 22:47:06.69      2.299680     4  18.70  18.70  39762.31809  0.0000000   22.5518    40.6929     0.0000   183.9402    30.75      0.03827  0.0000000    0.0835     0.0185     0.0000     0.0199  15.09031277   -6.4339218     1.535    -1.510
svymay20_gto105    geo-0002:sv1-20200522-S-1-1A       58991.882520 20-MAY-22 21:10:49.72      1.533600     3  10.50  15.90  45422.99850  0.0000000   20.8752    37.3109     0.0000   188.3037   -41.71      0.04312  0.0000000    0.0798     0.0338     0.0000     0.0332  15.21352529   -7.2145264    26.416    -2.950
svymay20_gto105    geo-0002:sv1-20200522-S-22-1A      58992.028896 20-MAY-23 00:41:36.61      3.833280     4  19.50  19.60  45627.90288  0.0000000   24.3264    38.2379     0.0000   186.5784   -44.33      0.03199  0.0000000    0.0597     0.0192     0.0000     0.0178  14.51038512   -7.2049980   -27.264    -2.705
svymay20_gto105    geo-0007:sv1-20200522-S-22-1A      58992.032623 20-MAY-23 00:46:58.62      0.766080     2  20.10  20.10  45711.60102  0.0000000    2.9657   294.5942     0.0000   290.2391   -45.40      0.00000  0.0000000    0.0000     0.0000     0.0000     0.0000  14.53099827   -7.2521368   -27.988    -2.782
svymay20_gto105    geo-0001:sv1-20200522-S-22-1B      58992.024903 20-MAY-23 00:35:51.61      2.299680     4  17.50  17.60  43023.86772  0.0000000    7.5966   239.3617     0.0000   344.8498   -11.00      0.02493  0.0000000    0.0481     0.0983     0.0000     0.0977  14.51585319   -6.5102462   -25.721    -1.980
svymay20_gto105    geo-0002:sv1-20200522-S-22-1B      58992.024903 20-MAY-23 00:35:51.61      2.299680     4  17.40  17.50  45375.39630  0.0000000    2.0180   308.2362     0.0000   276.0130   -41.10      0.00099  0.0000000    0.0002     0.0525     0.0000     0.0525  14.51542126   -6.3542767   -25.806    -2.007
svymay20_gto105    geo-0003:sv1-20200522-S-22-1B      58992.025435 20-MAY-23 00:36:37.58      1.533600     3  19.10  19.10  32861.94894  0.0000000    3.3984    31.9866     0.0000   192.6417   119.07      0.03972  0.0000000    0.1061     0.4299     0.0000     0.4288  14.51067938   -7.1033341   -25.644    -0.743
svymay20_gto105    geo-0002:sv1-20200522-S-2-1A       58991.893237 20-MAY-22 21:26:15.67      3.067200     5  18.50  18.50  51690.98262  0.0000000    6.0403     6.8839     0.0000   218.9031  -121.94      0.00795  0.0000000    0.0100     0.0775     0.0000     0.0771  15.19566935   -7.4345827    23.102    -3.789
svymay20_gto105    geo-0001:sv1-20200522-S-30-1B      58992.075508 20-MAY-23 01:48:43.89      1.533600     3  19.10  19.10  49282.04739  0.0000000    2.9436   307.0694     0.0000   276.9642   -91.10      0.01098  0.0000000    0.0025     0.3623     0.0000     0.3619  14.42424917   -7.0615424   -44.284    -2.922
svymay20_gto105    geo-0002:sv1-20200522-S-33-1A      58992.094848 20-MAY-23 02:16:34.86      3.067200     5  18.20  18.30  49221.73963  0.0000000    4.5649   356.3837     0.0000   227.5529   -90.33      0.00490  0.0000000    0.0056     0.0783     0.0000     0.0780  14.38549432   -7.3148370   -51.462    -3.367
svymay20_gto105    geo-0001:sv1-20200522-S-33-1B      58992.095115 20-MAY-23 02:16:57.93      2.299680     4  20.90  21.00  40970.42320  0.0000000   22.3185    41.1671     0.0000   183.8400    15.28      0.02930  0.0000000    0.0622     0.0167     0.0000     0.0143  14.39057559   -6.2043323   -50.684    -1.457
svymay20_gto105    geo-0001:sv1-20200522-S-34-1A      58992.107696 20-MAY-23 02:35:04.93      1.533600     3  20.40  20.50  46443.77407  0.0000000    6.6102    16.6697     0.0000   207.7496   -54.77      0.01506  0.0000000    0.0244     0.1125     0.0000     0.1117  14.37481297   -7.2549003   -55.684    -3.072
svymay20_gto105    geo-0001:sv1-20200522-S-38-1A      58992.125916 20-MAY-23 03:01:19.14      1.533600     3  17.60  17.70  41548.13650  0.0000000    2.6643   305.6065     0.0000   278.9751     7.89      0.00377  0.0000000    0.0013     0.1650     0.0000     0.1648  14.34055810   -7.2500072   -61.932    -2.632
svymay20_gto105    geo-0001:sv1-20200522-S-6-1B       58991.917115 20-MAY-22 22:00:38.73      3.067200     5  17.60  17.60  47388.21167  0.0000000    3.1504   357.4403     0.0000   227.5461   -66.86      0.01365  0.0000000    0.0164     0.3291     0.0000     0.3286  15.15083546   -6.3645119    13.794    -2.324
svymay20_gto105    geo-0002:sv1-20200522-S-6-1B       58991.920309 20-MAY-22 22:05:14.69      3.067200     4  19.90  19.90  51782.19989  0.0000000   14.5243   236.2893     0.0000   348.6909  -123.11      0.01765  0.0000000    0.0282     0.0225     0.0000     0.0216  15.14577445   -6.4544538    13.031    -2.819
svyaug20_gto75     geo-0001:sv1-20200819-S-11-1A      59080.995962 20-AUG-19 23:54:11.11      4.799520     7  19.00  19.10  66646.46728  0.0000000   11.0247    87.5320     0.0000   261.5342  -313.37      0.00505  0.0000000    0.0009     0.0320     0.0000     0.0314  23.28430733  -14.1917503    21.575   -10.903
svyaug20_gto75     geo-0001:sv1-20200819-S-18-1B      59081.054088 20-AUG-20 01:17:53.20      5.600160     6  19.50  19.60  75729.72418  0.0000000   11.2400    95.7407     0.0000   252.3454  -429.63      0.03895  0.0000000    0.0123     0.2001     0.0000     0.1963  23.16157670  -13.5306194    -0.554   -10.704
svyaug20_gto75     geo-0010:sv1-20200819-S-24-1A      59081.113023 20-AUG-20 02:42:45.18      0.800640     2  10.80  10.80  24436.59798  0.0000000   13.6956     7.3485     0.0000   339.7813   226.92      0.00000  0.0000000    0.0000     0.0000     0.0000     0.0000  23.04268198  -14.5449848   -21.932    -4.694
svyaug20_gto75     geo-0001:sv1-20200819-S-24-1B      59081.104968 20-AUG-20 02:31:09.23      0.800640     2  16.60  16.60  43693.33722  0.0000000   14.8519    20.1409     0.0000   326.0817   -19.57      0.00000  0.0000000    0.0000     0.0000     0.0000     0.0000  23.06477296  -13.4821842   -19.566    -8.223
svyaug20_gto75     geo-0001:sv1-20200820-S-18-1A      59082.001831 20-AUG-21 00:02:38.19      3.199680     5  13.90  13.90  44822.14633  0.0000000   15.2738    17.2730     0.0000   328.8018   -34.02      0.00668  0.0000000    0.0109     0.0248     0.0000     0.0239  23.25421604  -12.5340199    16.541    -7.843
svyaug20_gto75     geo-0001:sv1-20200820-S-19-1A      59082.016345 20-AUG-21 00:23:32.20      2.400480     3  11.50  11.60  42594.84168  0.0000000    8.3305    50.1192     0.0000   296.5121    -5.51      0.00099  0.0000000    0.0009     0.0123     0.0000     0.0121  23.23408351  -12.5055940    11.197    -7.449
svyaug20_gto75     geo-0001:sv1-20200820-S-19-1B      59082.021067 20-AUG-21 00:30:20.18      4.799520     6  19.70  19.80  59668.82540  0.0000000    8.6793    66.2031     0.0000   281.7948  -224.06      0.01277  0.0000000    0.0038     0.1138     0.0000     0.1125  23.23318148  -12.1913097    10.748    -8.495
svyaug20_gto75     geo-0001:sv1-20200820-S-28-1A      59082.104736 20-AUG-21 02:30:49.19      3.199680     5  12.90  12.90  42310.94887  0.0000000   13.8316    19.5049     0.0000   326.6740    -1.87      0.05403  0.0000000    0.0921     0.2498     0.0000     0.2427  23.05236453  -13.1451965   -20.638    -7.547
svyaug20_gto75     geo-0001:sv1-20200820-S-30-1B      59082.117896 20-AUG-21 02:49:46.21      4.799520     7  17.50  17.50  62839.67239  0.0000000    8.6396    69.0650     0.0000   277.1209  -264.64      0.00990  0.0000000    0.0018     0.0844     0.0000     0.0834  23.01230261  -12.1923519   -26.070    -8.572
svyaug20_gto75     geo-0001:sv1-20200822-S-10-1A      59083.953153 20-AUG-22 22:52:32.41      4.000320     6  15.90  16.00  51851.87232  0.0000000   10.3297   125.4154     0.0000   223.1016  -124.00      0.02648  0.0000000    0.0312     0.1646     0.0000     0.1620  23.32461522  -11.0114837    33.212    -7.038
svyaug20_gto75     geo-0001:sv1-20200822-S-12-1B      59083.983570 20-AUG-22 23:36:20.44      1.599840     3  13.70  13.80  33901.08323  0.0000000    5.0249    45.1501     0.0000   300.4793   105.77      0.03829  0.0000000    0.0512     0.9742     0.0000     0.9702  23.29034963  -10.4041395    19.908    -4.329
svyaug20_gto75     geo-0001:sv1-20200822-S-14-1A      59083.999725 20-AUG-22 23:59:36.24      4.000320     6  15.80  15.90  55157.01535  0.0000000   14.1824    17.9339     0.0000   329.1205  -166.30      0.04744  0.0000000    0.0617     0.1489     0.0000     0.1442  23.25186185  -11.1309181    16.180    -7.224
svyaug20_gto75     geo-0002:sv1-20200822-S-15-1B      59084.015072 20-AUG-23 00:21:42.22      2.400480     4  20.20  20.30  47860.87881  0.0000000    6.1420    73.6161     0.0000   273.6795   -72.91      0.02661  0.0000000    0.0041     0.4370     0.0000     0.4345  23.22563823  -10.4558272    10.127    -6.129
svyaug20_gto75     geo-0003:sv1-20200822-S-15-1B      59084.018961 20-AUG-23 00:27:18.23      5.600160     8  17.50  17.60  63511.17642  0.0000000    7.8422   100.3548     0.0000   248.0283  -273.24      0.00836  0.0000000    0.0040     0.0731     0.0000     0.0724  23.22388851  -10.4611970     9.602    -7.269
svyaug20_gto75     geo-0002:sv1-20200822-S-16-1A      59084.025454 20-AUG-23 00:36:39.22      0.800640     2  13.50  13.60  42925.15100  0.0000000   14.9245    10.0208     0.0000   336.4155    -9.74      0.00000  0.0000000    0.0000     0.0000     0.0000     0.0000  23.21589930  -11.1016056     6.211    -5.915
svyaug20_gto75     geo-0003:sv1-20200822-S-20-1B      59084.066843 20-AUG-23 01:36:15.23      1.599840     3  16.70  16.80  41790.31338  0.0000000   15.9094     5.5050     0.0000   340.8253     4.79      0.00152  0.0000000    0.0030     0.0038     0.0000     0.0036  23.12578655  -10.3705015    -8.864    -5.166
svyaug20_gto75     geo-0008:sv1-20200822-S-23-1A      59084.105661 20-AUG-23 02:32:09.11      0.800640     2  12.10  12.10  31112.91975  0.0000000    4.9956   108.7354     0.0000   238.8830   141.46      0.00000  0.0000000    0.0000     0.0000     0.0000     0.0000  23.05080826  -11.4819609   -22.369    -4.275
svyaug20_gto75     geo-0003:sv1-20200822-S-24-1A      59084.115175 20-AUG-23 02:45:51.12      1.599840     3  14.90  14.90  35683.44991  0.0000000    6.6140   116.9333     0.0000   230.4438    82.96      0.02374  0.0000000    0.0374     0.3952     0.0000     0.3926  23.01455581  -11.3638602   -26.136    -5.095
svyaug20_gto75     geo-0002:sv1-20200822-S-24-1B      59084.117675 20-AUG-23 02:49:27.12      2.400480     4  19.00  19.00  39431.14584  0.0000000   14.0505     7.9443     0.0000   338.5227    34.99      0.04618  0.0000000    0.0949     0.1525     0.0000     0.1484  23.01189326  -10.5403804   -27.174    -5.100
svyaug20_gto75     geo-0003:sv1-20200822-S-24-1B      59084.117675 20-AUG-23 02:49:27.12      2.400480     4  19.10  19.10  39430.57599  0.0000000   14.0405     7.9571     0.0000   338.5130    34.99      0.04827  0.0000000    0.0992     0.1596     0.0000     0.1553  23.01196294  -10.5358539   -27.172    -5.098
svyaug20_gto75     geo-0004:sv1-20200822-S-24-1B      59084.117675 20-AUG-23 02:49:27.12      2.400480     4  19.10  19.20  39417.76221  0.0000000   14.0482     7.9345     0.0000   338.5384    35.16      0.04546  0.0000000    0.0934     0.1501     0.0000     0.1461  23.01202453  -10.5353926   -27.169    -5.095
svyaug20_gto75     geo-0005:sv1-20200822-S-24-1B      59084.118230 20-AUG-23 02:50:15.07      1.599840     3  13.10  19.80  39318.81592  0.0000000   14.0053     7.9409     0.0000   338.7626    36.42      0.03376  0.0000000    0.0696     0.1116     0.0000     0.1086  23.02130814  -10.5023582   -27.148    -5.029
svyaug20_gto75     geo-0003:sv1-20200822-S-25-1B      59084.133300 20-AUG-23 03:11:57.12      1.599840     3  21.00  21.10  47034.95288  0.0000000   21.2755     2.2714     0.0000   343.6817   -62.34      0.03632  0.0000000    0.0629     0.0505     0.0000     0.0475  22.59250213  -10.3918458   -32.857    -5.852
svyaug20_gto75     geo-0001:sv1-20200823-S-17-1B      59084.991562 20-AUG-23 23:47:50.95      2.400480     4  16.10  16.20  41163.46698  0.0000000    4.1073    52.7692     0.0000   293.8610    12.81      0.01487  0.0000000    0.0128     0.3955     0.0000     0.3945  23.26215699   -8.5143990    16.996    -3.756
svyaug20_gto75     geo-0001:sv1-20200823-S-19-1A      59085.021699 20-AUG-24 00:31:14.79      3.199680     3  19.10  19.10  73197.15896  0.0000000   21.1118     7.6084     0.0000   339.4689  -397.22      0.05516  0.0000000    0.0570     0.0590     0.0000     0.0550  23.21197977  -10.1637852     7.783    -7.257
svyaug20_gto75     geo-0001:sv1-20200823-S-19-1B      59085.022532 20-AUG-24 00:32:26.76      3.199680     5  16.90  16.90  44403.58831  0.0000000   21.0994   358.8214     0.0000   347.4929   -28.66      0.01292  0.0000000    0.0244     0.0152     0.0000     0.0140  23.21235695   -9.2208586     6.260    -4.471
svyaug20_gto75     geo-0001:sv1-20200823-S-22-1B      59085.048440 20-AUG-24 01:09:45.21      6.399360     5  20.10  20.10  74723.53158  0.0000000    6.3799    77.3463     0.0000   270.4379  -416.76      0.01174  0.0000000    0.0005     0.1126     0.0000     0.1119  23.15468145   -9.1927876    -2.434    -6.380
svyaug20_gto75     geo-0001:sv1-20200823-S-23-1A      59085.059528 20-AUG-24 01:25:43.21      6.399360     6  19.10  19.10  66140.95502  0.0000000    8.1935   117.0921     0.0000   230.4205  -306.90      0.01208  0.0000000    0.0094     0.0802     0.0000     0.0794  23.12313924   -9.4024717    -7.000    -6.306
svyaug20_gto75     geo-0001:sv1-20200823-S-23-1B      59085.059250 20-AUG-24 01:25:19.20      4.799520     7  18.80  18.90  66212.68590  0.0000000    8.1798   116.9361     0.0000   230.5253  -307.82      0.01153  0.0000000    0.0089     0.0766     0.0000     0.0758  23.12202350   -9.4005929    -6.949    -6.305
svyaug20_gto75     geo-0001:sv1-20200823-S-28-1B      59085.101738 20-AUG-24 02:26:30.16      4.000320     6  16.10  16.20  58751.14565  0.0000000   10.1990    19.7301     0.0000   326.6838  -212.31      0.01512  0.0000000    0.0177     0.0650     0.0000     0.0640  23.04499342   -9.2113617   -22.629    -5.581
svyaug20_gto75     geo-0003:sv1-20200823-S-29-1A      59085.106531 20-AUG-24 02:33:24.27      0.800640     2  21.50  21.50  45073.67721  0.0000000   18.7088     1.4524     0.0000   344.6373   -37.24      0.00000  0.0000000    0.0000     0.0000     0.0000     0.0000  23.03090398   -9.5039587   -24.325    -4.875
svyaug20_gto75     geo-0001:sv1-20200823-S-29-1A      59085.113198 20-AUG-24 02:43:00.30      2.400480     3  17.10  17.20  43795.43442  0.0000000    4.6733    71.6098     0.0000   275.3628   -20.88      0.00603  0.0000000    0.0013     0.1436     0.0000     0.1431  23.02107617   -9.4452101   -26.607    -4.653
svyaug20_gto75     geo-0002:sv1-20200823-S-29-1B      59085.110142 20-AUG-24 02:38:36.26      0.800640     2  20.90  20.90  45631.04388  0.0000000    9.2627    18.2323     0.0000   328.2729   -44.37      0.00000  0.0000000    0.0000     0.0000     0.0000     0.0000  23.02222357   -9.4457536   -25.654    -4.856
svyaug20_gto75     geo-0001:sv1-20200823-S-30-1A      59085.127712 20-AUG-24 03:03:54.31      3.199680     5  19.00  19.10  55562.35427  0.0000000    5.8596    84.2989     0.0000   262.2575  -171.49      0.00486  0.0000000    0.0010     0.0702     0.0000     0.0698  22.59079483   -9.4804511   -32.321    -5.806
svyaug20_gto75     geo-0002:sv1-20200823-S-30-1A      59085.128823 20-AUG-24 03:05:30.30      1.599840     3  18.00  18.00  48071.48187  0.0000000   18.3072     4.1763     0.0000   341.8478   -75.61      0.01426  0.0000000    0.0238     0.0248     0.0000     0.0236  22.59231090  -10.1656258   -32.351    -5.616
svyaug20_gto75     geo-0001:sv1-20200823-S-30-1B      59085.119101 20-AUG-24 02:51:30.32      2.400480     4  18.90  18.90  65250.30515  0.0000000    8.0179    35.3254     0.0000   310.7564  -295.50      0.03094  0.0000000    0.0252     0.2081     0.0000     0.2060  23.00422833   -9.2708112   -29.368    -6.065
svyaug20_gto75     geo-0001:sv1-20200824-S-12-1A      59085.982062 20-AUG-24 23:34:10.15      1.599840     3  15.90  15.90  41239.50616  0.0000000    3.5139    88.3558     0.0000   258.5014    11.84      0.06486  0.0000000    0.0275     2.1602     0.0000     2.1563  23.28078919   -8.2806193    19.591    -3.443
svyaug20_gto75     geo-0001:sv1-20200824-S-20-1A      59086.065234 20-AUG-25 01:33:56.21      1.599840     3  17.40  17.50  62375.24535  0.0000000   18.7336     3.9691     0.0000   342.9218  -258.70      0.00955  0.0000000    0.0120     0.0114     0.0000     0.0108  23.13515812   -8.5544003    -9.522    -5.412
svyaug20_gto75     geo-0001:sv1-20200824-S-22-1A      59086.087038 20-AUG-25 02:05:20.08      1.599840     3  18.80  18.90  71470.62042  0.0000000   30.4361   355.7144     0.0000   349.5565  -375.12      0.00000  0.0000000    0.0000     0.0000     0.0000     0.0000  23.06093520   -8.1751789   -18.455    -5.269
svyaug20_gto75     geo-0002:sv1-20200824-S-22-1B      59086.087872 20-AUG-25 02:06:32.14      3.199680     5  16.60  16.60  42730.70988  0.0000000    7.4840     8.2369     0.0000   338.3846    -7.25      0.02546  0.0000000    0.0477     0.1436     0.0000     0.1424  23.06002377   -7.4517543   -18.652    -2.750
svyaug20_gto75     geo-0004:sv1-20200824-S-22-1B      59086.087872 20-AUG-25 02:06:32.14      7.200000     7  18.90  18.90  71501.59684  0.0000000   30.8312   355.5794     0.0000   349.8082  -375.51      0.02838  0.0000000    0.0319     0.0107     0.0000     0.0092  23.06341510   -8.1330466   -18.637    -5.203
svyaug20_gto75     geo-0003:sv1-20200824-S-22-1B      59086.088983 20-AUG-25 02:08:08.13      1.599840     3  19.40  19.40  71559.86191  0.0000000   31.3369   355.4119     0.0000   350.1320  -376.26      0.00000  0.0000000    0.0000     0.0000     0.0000     0.0000  23.07069784   -8.0734520   -18.881    -5.113
svyaug20_gto75     geo-0005:sv1-20200824-S-22-1B      59086.091205 20-AUG-25 02:11:20.11      2.400480     4  14.70  14.70  39495.75682  0.0000000   10.0465   152.5444     0.0000   194.7680    34.16      0.01970  0.0000000    0.0420     0.0664     0.0000     0.0655  23.06317977   -7.5940809   -19.548    -2.549
svyaug20_gto75     geo-0001:sv1-20200824-S-28-1A      59086.125788 20-AUG-25 03:01:08.08      2.400480     4  18.60  18.60  43834.63162  0.0000000   15.1454   359.8480     0.0000   346.4015   -21.38      0.05012  0.0000000    0.0952     0.0877     0.0000     0.0853  22.57448313   -8.2606105   -32.423    -3.522
svysep20_gto105    geo-0002:sv1-20200913-S-15-1A      59106.006628 20-SEP-14 00:09:32.65      2.299680     4  16.00  16.10  54025.14401  0.0000000   10.4479    59.0416     0.0000   272.7633  -151.82      0.00379  0.0000000    0.0004     0.0319     0.0000     0.0314  22.03597047  -15.0242581   -23.975   -10.436
svysep20_gto105    geo-0001:sv1-20200913-S-19-1B      59106.084940 20-SEP-14 02:02:18.81      3.067200     5  18.00  18.10  46707.96623  0.0000000   11.7993    22.4454     0.0000   308.4296   -58.16      0.00273  0.0000000    0.0031     0.0188     0.0000     0.0184  21.47447216  -14.0648822   -52.623    -9.218
svysep20_gto105    geo-0002:sv1-20200913-S-20-1B      59106.099916 20-SEP-14 02:23:52.74      3.067200     5  17.70  17.80  44590.32015  0.0000000    8.4797    55.9141     0.0000   275.6586   -31.05      0.00811  0.0000000    0.0018     0.1039     0.0000     0.1028  21.45203361  -13.2406932   -57.866    -8.438
svysep20_gto105    geo-0002:sv1-20200913-S-5-1A       59105.892104 20-SEP-13 21:24:37.78      1.533600     3  19.00  19.00  47183.54949  0.0000000   18.8533     3.0728     0.0000   328.2768   -64.24      0.01605  0.0000000    0.0245     0.0468     0.0000     0.0442  22.28352111  -14.4147863    18.260    -9.783
svysep20_gto105    geo-0001:sv1-20200913-S-9-1B       59105.949985 20-SEP-13 22:47:58.70      3.067200     5  19.50  19.60  48113.51802  0.0000000    9.7376    47.4436     0.0000   284.4093   -76.15      0.00359  0.0000000    0.0016     0.0358     0.0000     0.0353  22.15202585  -14.3112108    -3.324    -9.428
svysep20_gto105    geo-0001:sv1-20200917-S-10-1A      59110.073990 20-SEP-18 01:46:32.73      5.366880     5  18.50  18.60  57308.85498  0.0000000   26.8428   349.8941     0.0000   338.5665  -193.85      0.00000  0.0000000    0.0000     0.0000     0.0000     0.0000  21.47333979  -13.2613079   -53.495    -9.497
svysep20_gto105    geo-0001:sv1-20200917-S-15-1A      59110.112624 20-SEP-18 02:42:10.71      1.533600     3  17.90  18.00  56556.92536  0.0000000   13.0589    12.4008     0.0000   317.5784  -184.22      0.01341  0.0000000    0.0147     0.0590     0.0000     0.0575  21.43552053  -12.2841352   -67.306    -8.767
svysep20_gto105    geo-0005:sv1-20200917-S-15-1B      59110.113422 20-SEP-18 02:43:19.66      0.766080     2  18.40  18.60  56592.49183  0.0000000   13.0825    12.3143     0.0000   317.8460  -184.68      0.00000  0.0000000    0.0000     0.0000     0.0000     0.0000  21.44384664  -12.2633463   -67.411    -8.738
svysep20_gto105    geo-0003:sv1-20200917-S-9-1B       59110.062635 20-SEP-18 01:30:11.66      0.766080     2  11.00  11.20  28528.94553  0.0000000    9.9855     1.7537     0.0000   331.9899   174.54      0.00000  0.0000000    0.0000     0.0000     0.0000     0.0000  21.49515449  -12.3943740   -45.882    -4.671
svysep20_gto105    geo-0005:sv1-20200917-S-9-1B       59110.062635 20-SEP-18 01:30:11.66      0.766080     2   9.60   9.70  26316.76430  0.0000000   55.4018   152.4767     0.0000   184.4543   202.85      0.00000  0.0000000    0.0000     0.0000     0.0000     0.0000  21.51344336  -12.1734164   -44.977    -3.665
svyoct20_gto75     geo-0001:sv1-20201017-S-25-1B      59139.994215 20-OCT-17 23:51:40.17      3.199680     5  16.20  16.30  49374.59497  0.0000000    9.6543   348.0678     0.0000    53.6943   -92.29      0.02597  0.0000000    0.0263     0.2159     0.0000     0.2127   3.01282596    4.4430607    16.514     7.767
svyoct20_gto75     geo-0001:sv1-20201017-S-44-1A      59140.130616 20-OCT-18 03:08:05.22      4.799520     7  18.60  18.60  63018.05262  0.0000000    6.7907   299.1705     0.0000   100.3714  -266.93      0.01386  0.0000000    0.0034     0.1497     0.0000     0.1487   2.31374710    4.1924471   -34.482     6.679
svyoct20_gto75     geo-0001:sv1-20201017-S-44-1B      59140.130893 20-OCT-18 03:08:29.15      2.400480     4  18.80  18.90  63030.76610  0.0000000    6.8031   298.6134     0.0000   100.9790  -267.09      0.00272  0.0000000    0.0007     0.0293     0.0000     0.0291   2.31496446    4.1921542   -34.528     6.678
svyoct20_gto75     geo-0002:sv1-20201018-S-23-1B      59141.017572 20-OCT-19 00:25:18.22      4.000320     6  18.50  18.60  57559.86962  0.0000000    7.2707   349.7779     0.0000    52.1264  -197.06      0.01138  0.0000000    0.0100     0.1030     0.0000     0.1021   2.56512571    3.0114671     7.406     5.733
svyoct20_gto75     geo-0003:sv1-20201018-S-23-1B      59141.019794 20-OCT-19 00:28:30.20      3.199680     5  14.90  15.00  48693.50900  0.0000000    7.1957   281.6214     0.0000   119.5036   -83.57      0.00979  0.0000000    0.0085     0.1180     0.0000     0.1171   2.56566665    3.0328475     6.243     6.259
svyoct20_gto75     geo-0010:sv1-20201020-S-14-1A      59142.967319 20-OCT-20 23:12:56.36      0.800640     2  18.70  18.70  67333.24327  0.0000000   17.7160   232.7391     0.0000   169.6422  -322.16      0.00000  0.0000000    0.0000     0.0000     0.0000     0.0000   3.05003325    0.3728943    24.758     3.136
svyoct20_gto75     geo-0002:sv1-20201020-S-21-1B      59142.995883 20-OCT-20 23:54:04.29      0.800640     2  14.80  14.80  32136.85952  0.0000000   12.3721   253.6309     0.0000   145.0323   128.35      0.00000  0.0000000    0.0000     0.0000     0.0000     0.0000   2.59214546    2.0047679    10.877     7.053
svynov20_gto105    geo-0001:sv1-20201110-S-34-1A      59164.094071 20-NOV-11 02:15:27.73      2.299680     4  12.60  12.60  41990.52896  0.0000000   14.7529     1.3869     0.0000    60.0686     2.23      0.01705  0.0000000    0.0175     0.1205     0.0000     0.1165   3.57578523   10.0223141   -23.941    12.749
svynov20_gto105    geo-0001:sv1-20201110-S-34-1B      59164.091142 20-NOV-11 02:11:14.66      1.533600     3  15.10  15.20  43146.48533  0.0000000   13.2993   342.1822     0.0000    78.7368   -12.57      0.00598  0.0000000    0.0023     0.0511     0.0000     0.0498   3.58442730   10.2752627   -22.885    13.039
svynov20_gto105    geo-0001:sv1-20201110-S-40-1B      59164.145529 20-NOV-11 03:29:33.70      1.533600     3  19.50  19.60  37995.90346  0.0000000   14.0017   347.3859     0.0000    73.9752    53.36      0.04185  0.0000000    0.0266     0.3853     0.0000     0.3739   3.46168247   10.2006929   -42.238    13.447
svynov20_gto105    geo-0001:sv1-20201113-S-9-1A       59166.985922 20-NOV-13 23:39:43.66      1.533600     3  15.10  15.10  37590.18885  0.0000000   12.1338   250.9488     0.0000   142.8658    58.55      0.01472  0.0000000    0.0277     0.0992     0.0000     0.0970   2.19426357    3.1213768   -14.040     7.290
svynov20_gto105    geo-0001:sv1-20201115-S-4-1A       59168.876466 20-NOV-15 21:02:06.66      3.067200     5  17.90  18.00  52532.56818  0.0000000    8.1011   250.0380     0.0000   145.1672  -132.71      0.00992  0.0000000    0.0131     0.0640     0.0000     0.0634   2.39329814    1.2745591    24.539     4.617
svynov20_gto105    geo-0002:sv1-20201115-S-4-1A       59168.876466 20-NOV-15 21:02:06.66      1.533600     3  19.10  19.10  40803.43209  0.0000000    8.9474   357.9513     0.0000    36.6051    17.42      0.00472  0.0000000    0.0080     0.0389     0.0000     0.0383   2.39398141    1.1414339    23.286     5.321
svynov20_gto105    geo-0001:sv1-20201110-S-34-1A      59164.094071 20-NOV-11 02:15:27.73      2.299680     4  12.60  12.60  41990.52896  0.0000000   14.7529     1.3869     0.0000    60.0686     2.23      0.01705  0.0000000    0.0175     0.1205     0.0000     0.1165   3.57578523   10.0223141   -23.941    12.749
svynov20_gto105    geo-0001:sv1-20201110-S-34-1B      59164.091142 20-NOV-11 02:11:14.66      1.533600     3  15.10  15.20  43146.48533  0.0000000   13.2993   342.1822     0.0000    78.7368   -12.57      0.00598  0.0000000    0.0023     0.0511     0.0000     0.0498   3.58442730   10.2752627   -22.885    13.039
svynov20_gto105    geo-0001:sv1-20201110-S-40-1B      59164.145529 20-NOV-11 03:29:33.70      1.533600     3  19.50  19.60  37995.90346  0.0000000   14.0017   347.3859     0.0000    73.9752    53.36      0.04185  0.0000000    0.0266     0.3853     0.0000     0.3739   3.46168247   10.2006929   -42.238    13.447
svynov20_gto105    geo-0001:sv1-20201113-S-9-1A       59166.985922 20-NOV-13 23:39:43.66      1.533600     3  15.10  15.10  37590.18885  0.0000000   12.1338   250.9488     0.0000   142.8658    58.55      0.01472  0.0000000    0.0277     0.0992     0.0000     0.0970   2.19426357    3.1213768   -14.040     7.290
svynov20_gto105    geo-0001:sv1-20201115-S-4-1A       59168.876466 20-NOV-15 21:02:06.66      3.067200     5  17.90  18.00  52532.56818  0.0000000    8.1011   250.0380     0.0000   145.1672  -132.71      0.00992  0.0000000    0.0131     0.0640     0.0000     0.0634   2.39329814    1.2745591    24.539     4.617
svynov20_gto105    geo-0002:sv1-20201115-S-4-1A       59168.876466 20-NOV-15 21:02:06.66      1.533600     3  19.10  19.10  40803.43209  0.0000000    8.9474   357.9513     0.0000    36.6051    17.42      0.00472  0.0000000    0.0080     0.0389     0.0000     0.0383   2.39398141    1.1414339    23.286     5.321
