geo-0018:sv1-20100111-S-1-1A         E10011A  55207.943468917   322.050176362    36 40755654.743 0.05638277010  10.27404780  -16.39132860  237.64384930 -148.68866595 55207.943468917 40755654.743 0.05638277010  10.27404780  -16.39132860  237.64384930  148.68866583    60941.102 0.00091273960   0.00123810    0.00240660    0.71029230    0.39911504   0.0000   0.0000  15.85 0.71 15.59 0.72 svyjan10
geo-0001:sv1-20100111-U-31-1         E10011C  55208.226119365     0.029026630    20 33681473.362 0.37347636480   4.69791930   -1.06682370  309.61575210 -126.47126481 55208.226119365 33681473.361 0.37347636480   4.69791930   -1.06682370  309.61575210  126.47126474   339180.622 0.00533496760   0.00644790    0.24695830    0.62984520    0.87754207   0.0000   0.0000  15.44 1.11 15.03 1.08 follow_aiub
geo-0002:sv1-20100111-U-33-1         E10011B  55208.243375155     0.046505787    10 37878821.895 0.10969217230   4.32654260  -90.42283430 -171.36932340   64.28819408 55208.243375155 37878821.895 0.10969217230   4.32654260  -90.42283430 -171.36932340  -64.28819591    36000.395 0.00014032640   0.00143050    0.00570050    0.36211380    0.26098309   0.0000   0.0000  17.82 0.63 16.87 0.74 followjan10
geo-0011:sv1-20100112-U-15-1         E10012A  55208.972137878     0.063652793    16 44535876.035 0.10849991100  18.64826090   -9.38984510   51.54385130   82.97491603 55208.972137878 44535876.034 0.10849991100  18.64826090   -9.38984510   51.54385130  -82.97491900   119044.016 0.00045092270   0.00056060    0.00363310    1.04668610    0.65740681   0.0000   0.0000  17.73 0.70 17.39 0.69 follow_aiub
geo-0001:sv1-20100112-U-19-1         E10012B  55208.990654086  4092.000292248  4187 42492308.697 0.00066904160   8.46246450   61.59637740  223.66590210 -140.41498221 58433.998289006 42490691.052 0.00136664420  13.50827200   25.59943010  -49.22893600  -54.89542475        0.132 0.00000187540   0.00004619    0.00015824    0.06996766    0.00018335   0.0147   0.0040  13.68 0.53 12.46 0.72 followjan10
geo-0004:sv1-20100112-U-20-1         E10012D  55208.996362454     0.133622665    16 46726802.371 0.26890610210   4.44746580  -73.43797740 -234.68690630   45.83510885 55209.129985119 46724026.456 0.26888023240   4.44682710  -73.44519430 -234.68966990  -87.19578005    54698.786 0.00017805850   0.00104213    0.01310891    0.18833765    0.01455558   0.0200   0.0000  18.00 1.01 17.56 1.19 followjan10
geo-0003:sv1-20100112-U-24-1         E10012C  55209.018108982     0.056552087     5 38598094.121 0.06384387950  11.16465000  -53.03216610  -95.03243570  -70.84778136 55209.018108982 38598094.120 0.06384387950  11.16465000  -53.03216610  -95.03243570   70.84777945    68629.395 0.00067920600   0.00115620    0.00932970    1.00734800    0.87153044   0.0000   0.0000  17.17 1.27 16.75 1.39 followjan10
geo-0002:sv1-20100112-U-29-1         E10012E  55209.055066148    33.735845989    11 43892256.071 0.04538927520  16.34375840   -5.44909140    0.58076260  137.89450632 55242.790912137 46938924.187 0.26794348980   4.52582830  -77.05021200  129.70202540    7.91786462       66.013 0.00017708060   0.00080271    0.01354360    0.01887855    0.01375753   0.0200   0.0000  17.99 1.04 17.54 1.00 followjan10
03053E:  "YAMAL 202 SL-12 R/B(2)"    none     55209.228897489     0.036201038    15 42143326.167 0.02118956320   5.85607000   68.54924400  139.32904760   20.46081899 55209.228897489 42143326.167 0.02118956320   5.85607000   68.54924400  139.32904760   20.46081899    96827.644 0.00147097190   0.00071040    0.02027680    2.38150200    2.25434687   0.0000   0.0000  14.71 0.75 11.89 0.65 followjan10
geo-0005:sv1-20100114-S-18-1A        E10014A  55211.008220054  3482.938855868    50 43892256.071 0.04538927520  16.34375840   -5.44909140    0.58076260  137.89450632 57858.793674540 43802840.000 0.05557820000  14.93289380  329.91732180   73.15082290  137.89450632        1.916 0.00002410670   0.00042247    0.00066763    0.08685301    0.00067454   1.4080   0.0000  16.92 0.71 16.53 0.58 svyjan10_gto105
geo-0008:sv1-20100114-S-25-1A        E10014B  55211.099111291   664.661484306   436 41882414.658 0.00699376810  10.04575280   53.89889540  236.26212050 -152.37410666 57859.336352490 41910618.000 0.00659260000  13.99195930   22.52119280  331.84860170 -152.37410666      573.771 0.00029227120   0.00060589    0.01097164    1.58514358    0.01085883   0.0950   0.0621  16.78 0.57 16.34 0.75 svyjan10_gto105
geo-0011:sv1-20100114-S-33-1A        E10014C  55211.153912188     0.028934050     9 38635224.768 0.24583176430  16.64949440   -8.80915070  312.64545610 -160.28882365 55211.182846238 38634953.923 0.24583924460  16.64948070   -8.80911470  312.64618120  148.38158344   273168.984 0.00526907720   0.00326594    0.04194948    0.42465941    0.03678787   0.0200   0.0000  18.20 0.67 18.03 0.68 svyjan10_gto105
geo-0006:sv1-20100114-U-34-1         E10014D  55211.161096259     0.053094872    14 39366029.950 0.17348367710   7.16394640   42.25724760  219.50233840  -82.73876563 55211.214191131 39365614.240 0.17349930750   7.16397520   42.25704160  219.50743700   61.49561049    27908.824 0.00008709510   0.00043595    0.00540778    0.16482301    0.00551176   0.0200   0.0000  18.51 0.43 17.97 0.41 followjan10
geo-0006:sv1-20100114-U-40-1         none     55211.192465432     0.058228025    10 42068148.670 0.00258123560   5.51477740   59.74773700  -23.19280990  134.75808505 55211.192465432 42068148.670 0.00258123560   5.51477740   59.74773700  -23.19280990  134.75808505   302151.704 0.00459230250   0.00650680    0.04228770   64.91233860   63.29423384   0.0000   0.0000  11.65 0.29 10.86 0.20 followjan10
geo-0013:sv1-20100115-U-10-1         E10015D  55211.968262923  2776.886149863   518 42166478.410 0.00010198520   8.29942410   61.86048030  -25.36008410   87.24987901 58008.083084400 42165385.000 0.00008220000  12.93428220   29.21748740  139.32935240   87.24987901        0.178 0.00000080230   0.00006381    0.00017628    0.70854029    0.00019877   0.0180   0.0000  11.96 1.17 11.48 1.10 followjan10
geo-0004:sv1-20100115-U-18-1         E10015C  55212.044522140    45.783947222    22 40384384.806 0.17191151110  10.65814470    3.34996040  244.10778460 -109.34414355 55257.828469362 40405679.508 0.11917071210  10.65158300    2.75100960  253.64742530  131.35306106     3293.239 0.00002328860   0.00015131    0.00127897    0.02057926    0.00127037   6.5566   0.1723  16.67 0.36 16.50 0.39 follow_aiub
geo-0002:sv1-20100115-U-30-1         E10015B  55212.156649497   514.259418751   253 44374880.004 0.10289105150  16.30599750   -6.41792620  333.98970370 -158.71755284 55252.142895487 44383555.133 0.10529466620  16.21440400   -6.59437770  -16.21946020  121.51489208       80.063 0.00000553880   0.00013911    0.00024682    0.01102382    0.00030256   1.7134   0.0000  16.57 0.35 15.95 0.43 follow_aiub
geo-0001:sv1-20100115-S-37-1B        E10015A  55212.200009449  1088.690257273   543 42475767.675 0.00987642840  15.39244660   -7.05474910   28.11094210  114.05251895 57858.870619560 42521018.000 0.00946100000  13.79573050  325.81104810  108.69065750  114.05251895      145.161 0.00026761210   0.00133379    0.00306424    3.33003444    0.00295458   0.0270   0.7639  18.21 0.83 17.94 0.79 svyjan10_gto105
geo-0001:sv1-20100117-U-22-1         E10017B  55214.064186490  4870.219844278  3536 42175381.892 0.00012426730   6.96336830   46.03176170  136.44982170  -45.52790298 58541.802386791 41938703.520 0.00561682710  14.34154650  -20.13010370  107.75303180  -40.13581310     2738.015 0.00005068260   0.00007680    0.00040790    3.82485340    3.82425120   0.0082   0.0000  14.70 0.83 13.91 0.59 follow_aiub
geo-0004:sv2-20100118-S-6-1B         E10018A  55214.972861285  2598.367015638  1302 42168420.126 0.00002256870   6.96351350   46.03263450  236.93609570 -146.02411681 58008.006964870 42165857.000 0.00037480000  10.86246930   22.71811830  153.78747850 -146.02411681        0.498 0.00000031290   0.00002083    0.00011485    0.07814888    0.00011703   0.0180   0.0052  14.95 2.43 13.47 1.65 svyjan10_gto105
geo-0001:sv2-20100118-S-17-1A        E10018B  55215.127861274  2806.871815294  1291 42213416.240 0.00429897720   6.27665760   63.46130240  202.62304620 -128.51730153 58021.999676568 42145862.652 0.00296059400  11.11985610   33.57507640  137.41377020  121.58415620     1977.661 0.00002562130   0.00012892    0.00051069    0.52034506    0.00046968   0.0190   0.0000   9.85 0.42  9.39 0.28 svyjan10_gto105
geo-0009:sv2-20100118-U-36-1         none     55215.266767546     0.017488411     4 59379895.558 0.30125556370   9.44106630   49.98078880 -176.93684980    4.90226970 55215.266767546 59379895.558 0.30125556370   9.44106630   49.98078880 -176.93684980    4.90226970 24682583.106 0.24187765680   0.09268190    1.40642990   11.90411340    5.13964668   0.0000   0.0000  18.18 0.79 15.10 0.59 followjan10
geo-0001:sv3-20100119-U-16-1         none     55216.047934218     0.031443274    13 46716347.160 0.13828782510  15.38863110   -0.90884930  261.13440130 -106.30912890 55216.047934218 46716347.160 0.13828782510  15.38863110   -0.90884930  261.13440130 -106.30912890   122869.476 0.00043726790   0.00043930    0.00797350    0.79302270    0.43655698   0.0000   0.0000  17.44 0.43 17.27 0.42 follow_aiub
E07310A                              none     55216.961564998     0.077352981    16 37803416.495 0.08819942120   5.90814890  -19.68123550  226.94073160  -65.27263527 55216.961564998 37803416.495 0.08819942120   5.90814890  -19.68123550  226.94073160  -65.27263527    13430.475 0.00016986630   0.00023840    0.00360370    0.12574040    0.10592533   0.0000   0.0000  18.44 0.63 18.12 0.54 follow_aiub
geo-0077:sv1-20100208-S-1-1A         E10039A  55235.869823118  2704.108353315   457 42265422.282 0.00779009770  12.25883680   40.87236450  -68.62637020  158.33690820 57939.978176433 42255407.202 0.00647184150  15.34295960   10.73916600   10.18550650  112.78551967        1.732 0.00000424810   0.00003374    0.00032622    0.01458429    0.00034334   0.0409   0.0414  15.51 1.22 14.66 0.91 svyfeb10
geo-0014:sv1-20100208-S-10-1A        E10039C  55235.955299942  4142.325705386  4580 42701864.799 0.00198503790  12.25219100   29.15752710  118.61939770  -17.02787889 58532.145736801 42703312.974 0.00218506840  14.28830400   -2.49543540  223.13828310   61.97587668        0.058 0.00000026010   0.00004958    0.00013913    0.01309695    0.00014628   0.0134   0.0013  13.43 1.27 12.81 0.73 svyfeb10
geo-0007:sv1-20100208-S-15-1B        E10039B  55236.000215447    12.025684683     8 66899558.945 0.28459205070  38.76230400    0.69241100   80.24352720   54.79369236 55248.025900130 65256203.958 0.35328975460  38.73058240    0.59540090   78.55481160  -59.87420316    17177.127 0.01130030260   0.02029911    0.00432551    1.03140013    0.01895371   0.0200   0.0000  17.75 1.34 17.52 1.36 svyfeb10_gto75
geo-0001:sv1-20100208-S-33-1A        E10039D  55236.142314964     0.066538201    15 39356357.902 0.15000528200  12.66207060   30.36175820  -37.65971390  173.28738399 55236.208853165 39356000.517 0.15001746180  12.66217010   30.36147360  322.33550130  160.07043491    90755.156 0.00182262540   0.00076619    0.01419816    0.07252632    0.01367978   0.0200   0.0000  18.11 0.96 17.81 0.93 svyfeb10_gto75
geo-0001:sv1-20100208-U-35-1         E10039E  55236.157442295     0.043644684    17 43050042.735 0.20599303120  18.57088940   60.58408020  -59.96759090   98.23541830 55236.201086979 43049808.255 0.20599925540  18.57084850   60.58378750  -59.96874390 -113.50782312   187785.929 0.00130679110   0.00292265    0.00299928    0.85025609    0.00602066   0.0200   0.0000  16.54 0.39 16.41 0.37 follow_aiub
geo-0001:sv1-20100208-U-44-1         E10039F  55236.220810370    52.620594115    24 42114096.334 0.14435193420   3.87368700   35.61610280  291.45946990 -139.82797677 55288.841404485 42114329.715 0.14349309560   3.75184970   44.82464280  -76.24707940 -167.54466387       14.951 0.00012146070   0.00113224    0.00951350    0.05065926    0.00941146   0.0000   0.0000  11.74 0.51 11.39 0.54 follow_aiub
09058D:  "ARIANE 5 DEB (SYLDA)"      none     55236.230030267     0.038506962    17 24179989.512 0.72735229120   6.01651220  121.50864100  -96.67128000  132.67221539 55236.230030267 24179989.512 0.72735229120   6.01651220  121.50864100  -96.67128000  132.67221539    22657.917 0.00043719450   0.00236890    0.01555610    0.02639090    0.15466080   0.0000   0.0000  13.24 1.14 12.75 1.15 followfeb10
geo-0006:sv1-20100209-S-2-1A         E10040D  55236.845459653     1.061178256    10 41910523.427 0.02173577800  13.21412450   19.27263920  270.99546190 -159.18713560 55237.906637909 41908493.228 0.02149853510  13.21428160   19.26544520  272.19299070  133.71582892     5513.494 0.00005531320   0.00019621    0.00088342    0.24825756    0.00111013   2.6203   1.4719  18.47 0.69 18.28 0.60 svyfeb10
geo-0023:sv1-20100209-S-2-1B         E10040E  55236.856582348  4276.899537017  3915 42625339.616 0.00056431300  14.75252050   12.75205080   98.79644530   18.52195642 58499.857547562 42617769.921 0.00062854400  14.65032950  -20.45860300  245.25003800   99.17336263        0.878 0.00000317730   0.00007261    0.00019567    0.32125315    0.00021569   0.0121   0.0134  12.67 0.84 12.50 0.74 svyfeb10
geo-0001:sv2-20100209-U-2-1          E10040A  55237.210540694  3752.812887616  1188 42329364.618 0.00059401220   2.67500510   68.21139230  177.50674810  -69.05576857 58345.847844898 42291319.475 0.00061854750   8.43756930   43.72664500  -52.38613550  119.30016427        0.252 0.00000155400   0.00005049    0.00039568    0.07977522    0.00040882   0.0059   0.0024  13.54 0.52 13.13 0.58 follow_aiub
geo-0001:sv2-20100209-S-3-1A         E10040B  55237.215228167    36.719700913    34 51577056.916 0.32628278430  10.21111590   24.34386960   -3.60144030  119.23316769 55273.934929080 49909276.524 0.32720699940  10.27340410   24.01972040    0.59350810  170.14490269     6489.286 0.00017421260   0.00102910    0.00283476    0.03036759    0.00289277   0.0200   0.0000  16.92 0.83 16.75 0.83 svyfeb10_gto75
geo-0004:sv2-20100209-U-5-1          E10040C  55237.235158720   133.761583232    13 35984991.566 0.01147406980   3.15595920   78.74849590   -6.74909780  112.50177330 55370.996741952 35985891.283 0.01176800520   2.81871670   76.03035850    0.18425220 -155.59336360        2.099 0.00008626140   0.00032235    0.01139528    0.25884070    0.01137947   0.0200   0.0000  18.59 0.65 18.16 0.66 followfeb10
geo-0043:sv1-20100210-S-2-1A         E10041A  55237.876555750  1824.930822345  1729 41792301.490 0.00241650400  12.35070960   32.92467000  275.24657640 -177.34898406 57062.807378095 41784711.596 0.00212289730  14.49601600   12.91160350  -12.30253700 -132.10982867       46.234 0.00005708900   0.00017641    0.00104026    0.32587500    0.00094777   0.0199   0.0000  14.34 1.42 13.46 1.10 svyfeb10
geo-0003:sv1-20100313-U-6-1          E10072A  55268.865334673     3.106518638    24 24475634.114 0.71637780860   2.03375090  125.00558830 -131.16341120  103.14344181 55271.971853311 24310552.779 0.72057550340   2.05278330  125.05976670 -129.79789240 -116.98243217     1026.551 0.00010031250   0.00299448    0.07550776    0.08529248    0.07408797   0.0200   0.0000  16.59 0.66 16.54 0.65 followmar10
geo-0005:sv1-20100314-S-20-1B        none     55270.048578893     0.040063635    11 23631444.888 0.71048077530   5.86583210 -118.35260650  131.32681570 -174.81786882 55270.048578893 23631444.888 0.71048077530   5.86583210 -118.35260650  131.32681570 -174.81786882    35185.042 0.00075734150   0.00573580    0.04378180    0.06163680    0.27916485   0.0000   0.0000  16.95 0.22 16.77 0.23 svymar10_gto105
geo-0005:sv1-20100317-S-20-1A        E10076A  55273.149817337     0.048718735    21 39198224.121 0.40905152700   4.37898530   70.22161550  292.85128720 -156.84745417 55273.149817337 39198224.121 0.40905152700   4.37898530   70.22161550  292.85128720  156.84746125    98234.965 0.00173633090   0.00175500    0.05163810    0.06903060    0.43048202   0.0000   0.0000  15.85 0.34 15.74 0.35 svymar10_gto105
geo-0002:sv1-20100410-U-9-1          E10100A  55296.935634408     0.181833306    12 42386154.121 0.05141879100  14.61809730   -0.73619450  341.25152730 -168.51579197 55297.864128680 41901696.615 0.00506634980   8.39757790   59.58430450  114.50355810  -12.62762764   179089.110 0.00307281400   0.00251950    0.01793460    1.14133760    0.22610821   0.0000   0.0000  16.96 0.37 16.83 0.39 follow_aiub
geo-0002:sv1-20100417-U-21-1         none     55304.090818468     0.051516199    11 40911345.428 0.01439987300   8.42784680  -35.69642560 -312.34090870  162.09956020 55304.090818468 40911345.428 0.01439987300   8.42784680  -35.69642560 -312.34090870  162.09956020   564526.687 0.01027850640   0.01575110    0.10301220    8.20908020    5.23420357   0.0000   0.0000  18.22 0.57 18.05 0.52 followapr10
geo-0003:sv1-20100510-U-8-1          none     55326.915459649     0.018687488    13 35759189.498 0.26316938910   4.21553150   36.20055630  -81.33553090  160.69563229 55326.915459649 35759189.498 0.26316938910   4.21553150   36.20055630  -81.33553090  160.69563229  3989804.559 0.08524101030   0.15580710    0.74941730    6.22443530   20.81146738   0.0000   0.0000  12.13 1.04 10.22 1.05 follow_aiub
geo-0009:sv1-20100510-U-10-1         none     55326.928426069     0.018385429     9 21472599.449 0.69096680870   7.85445980 -105.54806450 -193.76204600  101.75277997 55326.928426069 21472599.449 0.69096680870   7.85445980 -105.54806450 -193.76204600  101.75277997   188849.993 0.00353034810   0.06349340    0.13817130    0.28985810    0.99977409   0.0000   0.0000  17.63 0.36 17.58 0.35 follow_aiub
E10039A                              none     55326.986200574     0.020289184    12 39139645.241 0.05226005520  12.78858950   34.55898910  293.71604830 -179.08389505 55326.986200574 39139645.241 0.05226005520  12.78858950   34.55898910  293.71604830 -179.08389505  1106562.042 0.02174826990   0.01999690    0.15458500    1.49090760    7.18676231   0.0000   0.0000  15.10 1.19 13.97 1.17 follow_aiub
geo-0003:sv1-20100510-U-36-1         none     55327.106350888     0.017991850     9 41262261.795 0.01709443920  13.30972610  -22.43718060 -293.64370570  157.84821582 55327.106350888 41262261.795 0.01709443920  13.30972610  -22.43718060 -293.64370570  157.84821582  1750922.642 0.02983283610   0.05584300    0.18703970   39.38368760   29.47881422   0.0000   0.0000  13.11 0.18 12.94 0.17 follow_aiub
geo-0006:sv1-20100517-U-9-1          none     55333.941663399     0.015681702     9 36745681.014 0.21773907130   7.29663180  -36.09458040 -323.02814310  157.11891489 55333.941663399 36745681.014 0.21773907130   7.29663180  -36.09458040 -323.02814310  157.11891489  2245841.105 0.04604231970   0.06165470    0.72971200    4.77001610   10.38320153   0.0000   0.0000  18.83 0.55 18.07 0.55 followmay10
geo-0004:sv1-20100517-U-28-1         none     55334.200841593     0.012283604    10 29372294.712 0.47872869890   9.85310810  -65.38365150   83.08873600  -86.41873320 55334.200841593 29372294.712 0.47872869890   9.85310810  -65.38365150   83.08873600  -86.41873320  1114305.982 0.00971566870   0.02997520    0.51752000    3.55019440    1.57762114   0.0000   0.0000  15.40 0.36 15.36 0.36 follow_aiub
geo-0004:sv1-20100519-U-32-1         E10139A  55336.069487454   178.093251879    13 46565924.701 0.09223083640   6.06977930   65.99047180  133.78679530   -5.35772206 55514.161662938 46566149.096 0.09414011320   6.51619010   65.21822560  121.28941480   40.00883205       55.710 0.00036561110   0.00647029    0.07540537    1.39779368    0.07502061   0.0200   0.0000  18.22 0.48 17.89 0.52 follow_aiub
geo-0005:sv1-20100607-U-6-1          E10158A  55354.905273345  2486.317663075    50 20196209.856 0.66241548770   6.73871110 -102.37781950  118.21403700 -153.71265453 58008.221572250 19210244.000 0.64545640000   6.71055150  121.01987090  348.33892600 -153.71265453        3.682 0.00000580960   0.00017007    0.00166136    0.00131651    0.00167848   0.1010   0.5959  17.58 0.41 17.22 0.38 followjun10
geo-0004:sv1-20100607-U-16-1         E10158B  55354.962982809     1.139064832    14 39541078.713 0.18100739130   9.94193700    2.73926830 -239.74236450   78.93748204 55356.102047641 39568648.612 0.18340156650   9.94190470    2.79900960 -238.96261800 -170.53471093      947.412 0.00005594960   0.00005257    0.00060289    0.00599344    0.00062157  17.6107   0.0181  19.31 0.39 19.15 0.39 followjun10
geo-0013:sv1-20100607-U-21-1         none     55354.986001320     0.012848384     8 37945344.980 0.31768660950   5.66729470   67.44045270   39.14102110   67.03359929 55354.986001320 37945344.980 0.31768660950   5.66729470   67.44045270   39.14102110   67.03359929  2663212.622 0.00483428580   0.05391490    0.69278430    9.54304070    2.33477525   0.0000   0.0000  16.72 0.95 16.30 0.97 follow_aiub
geo-0007:sv1-20100607-U-25-1         none     55355.016929551     0.013162068     8 35520933.102 0.22432731830   9.77685610    3.31343940 -260.34811490  120.67128316 55355.016929551 35520933.102 0.22432731830   9.77685610    3.31343940 -260.34811490  120.67128316   944993.789 0.01397615690   0.04324170    0.18309520    4.09146630    1.00639593   0.0000   0.0000  20.04 0.50 19.95 0.50 followjun10
geo-0007:sv1-20100807-U-7-1          E10219A  55416.050795283     0.124641249     8 43564247.482 0.04889109880  16.46547660   -7.81237190   34.01443920  -37.35050750 55416.050795283 43564247.481 0.04889109880  16.46547660   -7.81237190   34.01443920   37.35050905    28530.246 0.00046568110   0.00030630    0.00313330    0.19842640    0.17787625   0.0000   0.0000  18.99 0.72 18.54 0.88 follow_aiub
geo-0003:sv1-20100902-U-12-1         E10245B  55442.050887899     1.166922460    24 43166403.801 0.02402251430  16.11542230    1.51372640  -71.62396690   15.51796666 55443.217810359 43166514.495 0.02381018010  16.11546720    1.50654790  -71.08084900  -61.61145433     3228.537 0.00003890930   0.00035563    0.00122841    0.11081983    0.00114831  -1.4652  32.3696  18.87 0.55 18.70 0.50 follow_aiub
geo-0001:sv1-20100902-U-23-1         E10245A  55442.128605576   318.797076254   306 40822843.732 0.11200069260   2.16395070  109.38511040    8.68712020 -142.66910546 55760.925681830 40811052.413 0.18912142450   5.09537600   85.26975230   -1.31101780 -167.43019370       41.179 0.00000817450   0.00019936    0.00395480    0.01319388    0.00393417  13.5278   0.0000  17.29 0.41 17.23 0.41 follow_aiub
geo-0005:sv1-20100902-S-24-1A        E10245C  55442.137488618     0.068434023    15 21457915.994 0.68127257380   7.28566010   75.75189220 -250.78578940  178.65776057 55442.137488618 21457915.994 0.68127257380   7.28566010   75.75189220 -250.78578940 -178.65776204     2022.760 0.00005221280   0.00034390    0.00414920    0.00545180    0.03408691   0.0000   0.0000  19.72 0.48 19.52 0.51 svysep10_gto105
geo-0001:sv1-20100902-U-36-1         none     55442.209117055     0.018552136     8 35560741.779 0.06348960130   0.83804280  133.08467810  -95.24656420  -36.67170209 55442.209117055 35560741.779 0.06348960130   0.83804280  133.08467810  -95.24656420  -36.67170209  1996969.839 0.03268339580   0.07128910    2.72107960   20.23575010   19.70699001   0.0000   0.0000  16.75 0.29 16.69 0.31 follow_sep10
89006N:  "ARIANE 2 DEB"              none     55442.951965428     0.104952574    26 24267435.883 0.71681498630   8.10361650  138.20049610 -317.23444920  157.50940866 55442.951965428 24267435.883 0.71681498630   8.10361650  138.20049610 -317.23444920  157.50940866     2085.157 0.00004343070   0.00028510    0.00217550    0.00116530    0.03219133   0.0000   0.0000  15.66 0.21 15.51 0.21 follow_sep10
88063E:  "ARIANE 3 DEB"              none     55443.107242082     0.041287021    24 24127289.199 0.71756071280   7.60971140   89.53252030   86.86944800 -172.03478645 55443.107242082 24127289.199 0.71756071280   7.60971140   89.53252030   86.86944800 -172.03478645    14968.035 0.00031711840   0.00246230    0.01846810    0.02013930    0.13128863   0.0000   0.0000  12.73 0.96 12.62 0.95 follow_aiub
geo-0012:sv1-20100906-U-13-1         none     55446.016281440     0.025300948    10 41666568.167 0.01808573180   8.39538710  -37.81897040  130.00820700  -66.19467663 55446.016281440 41666568.167 0.01808573180   8.39538710  -37.81897040  130.00820700  -66.19467663   733645.293 0.00672457640   0.01385180    0.10003270   36.02449170   34.41289220   0.0000   0.0000  18.16 0.34 17.73 0.31 follow_aiub
geo-0001:sv1-20100907-U-9-1          E10250A  55446.955415846  3376.137172045   234 42171284.205 0.00392745000   1.17111580  -66.13627360  -75.00306730  149.38121130 55497.984132414 42142252.373 0.00542455170   1.10471970  -63.55314270  299.05892670  152.87749463        2.126 0.00000128970   0.00004374    0.00388851    0.03133296    0.00389715   0.1905   0.0280  16.90 0.54 16.42 0.69 follow_aiub
geo-0005:sv1-20100909-U-13-1         none     55448.981269863     0.016759223     6 31666578.016 0.27508371350  10.51752410  -21.82221620 -133.18803920  165.79799067 55448.981269863 31666578.016 0.27508371350  10.51752410  -21.82221620 -133.18803920  165.79799067  1541094.266 0.03896775180   0.02439360    0.57373090    0.76900480   12.39090580   0.0000   0.0000  19.29 0.59 19.03 0.56 follow_aiub
geo-0003:sv1-20100909-U-18-1         none     55449.028596220     0.041143544     7 42971234.520 0.00652849750   9.02709200  -31.41815250   92.22406580  -17.85096714 55449.028596220 42971234.520 0.00652849750   9.02709200  -31.41815250   92.22406580  -17.85096714   651283.117 0.01131691690   0.01346200    0.07089000   10.51762250   10.35034550   0.0000   0.0000  14.30 0.27 13.44 0.21 follow_aiub
geo-0001:sv1-20101001-U-13-1         none     55470.919141382     0.032106535     7 39706953.423 0.33132458630   6.22017060  -83.78164100  253.14755200 -115.90220813 55470.919141382 39706953.423 0.33132458630   6.22017060  -83.78164100  253.14755200 -115.90220813  1820098.124 0.01629664190   0.04739860    0.11832120    5.16312060    1.31512361   0.0000   0.0000  18.69 0.61 18.51 0.63 follow_Oct10
geo-0003:sv1-20101001-U-39-1         none     55471.115953876     0.020663181    10 44602469.703 0.10900246230  11.36597620   -5.91843140 -160.07770150  146.53172975 55471.115953876 44602469.703 0.10900246230  11.36597620   -5.91843140 -160.07770150  146.53172975  3855957.842 0.05802917220   0.03470230    0.33689450   17.23089760    1.98727086   0.0000   0.0000  17.98 0.87 17.85 0.86 follow_Oct10
geo-0005:sv1-20101004-U-5-1          E10277A  55473.934007153  4003.191931838  4317 43430269.099 0.02599710830   1.58438320 -110.45958290  201.15423880  -54.55218875 58500.149136641 43445539.498 0.02389634620   5.45719140   72.52270340   68.52737900   -1.98014088        0.188 0.00000078110   0.00004714    0.00051586    0.00234414    0.00052622   0.0101   0.0021  12.35 1.30 11.50 1.30 follow_aiub
geo-0017:sv1-20101004-S-22-1B        E10277B  55474.229244429     0.026653896     9 42298565.962 0.00147533930  13.61701890  -21.29635930   13.12048400   38.57858203 58007.290971890 42166313.000 0.00183960000  10.81855970  312.60587850  307.34021840   38.57858203   710278.546 0.00972198910   0.01156780    0.00869280  311.75930930  310.79949670   0.0040   0.0000  12.78 0.61 12.69 0.62 svyoct10_gto75
geo-0003:sv1-20101005-U-22-1         none     55475.216642684     0.022994057     8 36834690.644 0.19539450760  16.40787790  -12.09323480 -127.86349460  158.51563491 55475.216642684 36834690.644 0.19539450760  16.40787790  -12.09323480 -127.86349460  158.51563491  1898378.690 0.03913096400   0.02515650    0.07358800    3.44339970    8.65688397   0.0000   0.0000  18.37 0.70 18.30 0.72 follow_aiub
geo-0011:sv1-20101008-U-12-1         none     55478.178306973     0.016401535    13 23735893.763 0.72214093980   1.87725810   51.13531050  183.00216200 -159.67543175 55478.178306973 23735893.763 0.72214093980   1.87725810   51.13531050  183.00216200 -159.67543175   245302.121 0.00515278530   0.02714640    0.98551810    1.17705880    2.06646690   0.0000   0.0000  14.63 0.31 14.26 0.30 follow_aiub
geo-0005:sv1-20101009-S-8-1A         E10282B  55479.036421483   152.995655087   102 40389710.623 0.06881412590  13.11475070  -17.05153680  202.30572040 -151.35754722 55632.032076570 40455481.339 0.01792828640  13.05870560  -18.46488900    9.66005910 -144.28799975        5.920 0.00001659110   0.00009044    0.00181023    0.02269518    0.00175547   3.9114   0.0009  18.46 1.04 18.32 1.01 svyoct10_gto75
geo-0001:sv1-20101009-U-13-1         E10282A  55479.093598837     0.034232354     7 42948930.060 0.66106457740  24.37039220   23.84947390  173.94575610 -125.17657552 55479.093598837 42948930.059 0.66106457740  24.37039220   23.84947390  173.94575610  125.17657499   800523.197 0.00785477930   0.05030050    0.07412210    0.78614300    2.19934014   0.0000   0.0000  18.09 0.77 17.99 0.80 followoct10
geo-0001:sv1-20101009-U-15-1         none     55479.104290668     0.013203732     7 68667039.133 0.32518711880  14.05970450   -4.10030660   64.02042570   -2.55095267 55479.104290668 68667039.133 0.32518711880  14.05970450   -4.10030660   64.02042570   -2.55095267 11943638.664 0.10044540930   0.04455990    0.25442530    0.97080100    0.39091757   0.0000   0.0000  18.52 0.37 18.21 0.34 followoct10
87022F:  "GOES 7 AKM"                none     55480.087401780     0.078613450    12 45707528.245 0.02566685840   7.61998440  -24.44599940  -55.22960230  109.38391870 55481.901096254 45707528.245 0.02566685840   7.61998440  -24.44599940  -55.22960230  109.38391870   852379.219 0.00792172750   0.01279590    0.13975250   26.00726200   22.69131469   0.0000   0.0000  16.59 0.89 16.32 0.87 followoct10
geo-0002:sv2-20101101-U-9-1          E10305A  55501.970376337  3489.930031136  3559 39452611.150 0.06438745970  10.16706480   22.89941890  -82.88695460  133.77904658 58486.962330537 39454883.701 0.06347710710  10.86818380  -12.77036020   17.24016580  -59.63626311       10.490 0.00001773110   0.00012140    0.00040996    0.02473580    0.00040730   0.0408   0.1928  14.89 0.71 13.37 1.23 follownov10
geo-0018:sv2-20101101-S-22-1B        E10305B  55502.108092832     0.102702461    42 43798760.420 0.22281534640  13.47555120    1.93991430  227.84658480 -163.92935429 55502.108092832 43798760.420 0.22281534640  13.47555120    1.93991430  227.84658480  163.92935109    11466.117 0.00018284040   0.00018010    0.00055250    0.02567230    0.03199314   0.0000   0.0000  16.92 0.38 16.70 0.35 svynov10_gto105
geo-0009:sv1-20101104-S-18-1A        E10308A  55505.080303420     0.057748912    17 44484871.208 0.21085475830   9.82004230  -79.98125930  -11.97566910  137.97056499 55505.080303420 44484871.207 0.21085475830   9.82004230  -79.98125930  -11.97566910 -137.97056454    67586.874 0.00105468440   0.00038640    0.00992450    0.16324890    0.17884876   0.0000   0.0000  15.67 0.32 15.49 0.33 svynov10_gto105
geo-0001:sv1-20101104-U-32-1         none     55505.250570770     0.011905099    14 35340648.357 0.56368530890  23.45937510   27.61593840  185.01203450 -113.30396519 55505.250570770 35340648.357 0.56368530890  23.45937510   27.61593840  185.01203450 -113.30396519  5405386.957 0.07282672060   0.07335970    0.03391100    8.20646680   16.60813215   0.0000   0.0000  17.14 0.73 17.07 0.74 follow_aiub
geo-0013:sv1-20101105-S-13-1A        none     55506.000349704     0.029656246     5 45087009.772 0.19163968820  11.03075690  -14.26806390  218.18342140 -128.09978238 55506.000349704 45087009.772 0.19163968820  11.03075690  -14.26806390  218.18342140 -128.09978238  1626822.419 0.01790203200   0.02733490    0.08409320    6.48123760    0.38216882   0.0000   0.0000  18.04 0.42 17.88 0.41 svynov10_gto105
geo-0012:sv1-20101105-S-16-1B        none     55506.119620522     0.042008105    10 42756419.558 0.08272129240   7.67089560  -24.69346650  -78.75314760  160.06977786 55506.119620522 42756419.558 0.08272129240   7.67089560  -24.69346650  -78.75314760  160.06977786   639765.876 0.01137225860   0.01384030    0.01904310    1.67527500    2.20517850   0.0000   0.0000  16.50 0.28 16.33 0.25 svynov10_gto105
geo-0018:sv1-20101108-S-21-1B        E10312C  55509.149297620     0.049369321    18 41966191.112 0.19091905320  12.13463870    1.21774790  214.94870280 -146.21225589 55509.149297620 41966191.112 0.19091905320  12.13463870    1.21774790  214.94870280  146.21225759   107952.561 0.00167523000   0.00213200    0.00181970    0.34323680    0.19732424   0.0000   0.0000  17.98 0.44 17.87 0.44 svynov10_gto105
geo-0004:sv1-20101108-U-22-1         none     55509.155795313     0.021391213     5 50374889.316 0.25277950260  20.18147610   33.26160720  126.70556330  -69.95479710 55509.149668049 50374889.316 0.25277950260  20.18147610   33.26160720  126.70556330  -69.95479710 12685556.357 0.02492772090   0.01700800    0.35973840   40.63622180   15.79031020   0.0000   0.0000  18.06 1.20 17.92 1.20 follownov10
geo-0005:sv1-20101110-U-7-1          E10314B  55510.872010602     0.046148146     9 42244049.486 0.08587952890  10.06496630   53.75472950 -205.09070600  176.86183056 55510.872010602 42244049.485 0.08587952890  10.06496630   53.75472950 -205.09070600 -176.86183115    89304.069 0.00163098480   0.00181460    0.01604750    0.15142750    0.71970044   0.0000   0.0000  18.59 0.83 18.45 0.81 follownov10
geo-0001:sv1-20101110-U-11-1         E10314A  55510.892635561     0.102384294    15 42337568.553 0.00599599880  14.61696680   -2.85437030  -88.39612360  110.59423386 55510.892635561 42337568.553 0.00599599880  14.61696680   -2.85437030  -88.39612360 -110.59423562    30971.314 0.00033242600   0.00035740    0.00306070    4.33429270    4.19870357   0.0000   0.0000  16.55 0.43 16.42 0.42 follow_aiub
geo-0042:sv1-20101201-S-1-1A         E10335A  55531.823202741     0.047627314    14 42563725.183 0.03020372730   9.48838000  -28.03003330  247.49942140 -176.49474312 55531.823202741 42563725.183 0.03020372730   9.48838000  -28.03003330  247.49942140  176.49473917    45212.373 0.00078048910   0.00090950    0.00473840    0.42103580    0.16839395   0.0000   0.0000  15.35 0.25 15.26 0.26 svydec10
geo-0003:sv1-20101203-U-40-1         none     55534.060302259     0.018479225     9 47164966.897 0.06719208520   6.78373430   60.39093860   80.20009840  -20.88540753 55534.060302259 47164966.897 0.06719208520   6.78373430   60.39093860   80.20009840  -20.88540753  5082617.044 0.07466400530   0.06828240    0.66737540   20.04026460   16.99261153   0.0000   0.0000  17.89 0.59 17.37 0.61 follow_aiub
geo-0038:sv1-20110104-S-16-1B        none     55565.936466687     0.023157315     6 42045489.104 0.08050183630  10.62489160  -18.81439470  -28.96759840  106.93717085 55565.936466687 42045489.104 0.08050183630  10.62489160  -18.81439470  -28.96759840  106.93717085  2017722.972 0.01564503440   0.03736430    0.03494920   23.50138110   15.60690457   0.0000   0.0000  18.74 0.48 18.48 0.47 svyjan11
geo-0007:sv1-20110104-S-33-1A        none     55566.056139081     0.022321743     9 37855376.983 0.08269413090  14.67971580   -3.54822780  -35.87373100  171.76847553 55566.056139081 37855376.983 0.08269413090  14.67971580   -3.54822780  -35.87373100  171.76847553  3437305.918 0.07068780680   0.03250930    0.24356240    2.26608390   24.38912738   0.0000   0.0000  18.09 0.68 17.80 0.70 svyjan11_gto105
geo-0002:sv1-20110106-U-5-1          none     55567.849767508     0.018912085     7 76484336.607 0.47165843090  17.49644870   52.91691210  -38.89598700   23.26397969 55567.849767508 76484336.607 0.47165843090  17.49644870   52.91691210  -38.89598700   23.26397969 79626970.032 0.37410221370   0.27268320    2.78924980   47.20146390   12.52880604   0.0000   0.0000  18.60 0.85 18.43 0.83 followjan11
geo-0002:sv1-20110106-U-9-1          E11006A  55567.870436552     0.048424711    22 39934548.777 0.22482346350   9.55993140  -52.09687100  267.22185690 -133.15187355 55567.870436552 39934548.776 0.22482346350   9.55993140  -52.09687100  267.22185690  133.15187304    78872.877 0.00099040830   0.00125730    0.00877020    0.29098160    0.05156247   0.0000   0.0000  17.04 0.67 16.80 0.64 followjan11
geo-0008:sv1-20110106-S-25-1A        E11006B  55567.988729317   292.778540766    29 42467602.139 0.19037680910   8.49248010   46.31175210  220.86802400 -114.14480003 55567.988729317 42467602.138 0.19037680910   8.49248010   46.31175210  220.86802400  114.14480109   108906.484 0.00076057420   0.00239070    0.00441150    0.54332510    0.16106795   0.0000   0.0000  16.77 0.43 16.43 0.39 svyjan11_gto105
89070C:  "HIMAWARI 4 AKM"            none     55568.162589291     0.064292805    17 42542862.288 0.02553393620  13.22470240   28.15284680  270.64071820 -153.48512397 55568.162589291 42542862.288 0.02553393620  13.22470240   28.15284680  270.64071820 -153.48512397    50524.758 0.00071939090   0.00051280    0.00428110    1.23391190    0.98670550   0.0000   0.0000  15.85 0.68 15.41 0.65 svyjan11
geo-0015:sv1-20110106-S-46-1A        E11006C  55568.182143683     0.055071744    22 28862661.138 0.45002297000   8.09477040   82.86443680  223.00336120 -158.58516347 55568.182143683 28862661.137 0.45002297000   8.09477040   82.86443680  223.00336120  158.58515997    11948.686 0.00027861230   0.00074650    0.00198340    0.02104440    0.06657351   0.0000   0.0000  14.02 0.41 13.76 0.37 svyjan11_gto105
geo-0013:sv1-20110106-S-50-1B        E11006D  55568.215037209   189.740467702    27 43046657.170 0.32072326680   8.75763090   38.92779190  -72.62707950  157.07215130 55568.215037209 43046657.169 0.32072326680   8.75763090   38.92779190  -72.62707950 -157.07215527   135398.682 0.00240897620   0.00301070    0.01658770    0.11887140    0.65734998   0.0000   0.0000  18.05 0.71 17.85 0.70 svyjan11_gto105
geo-0003:sv1-20110106-U-55-1         none     55568.241126351     0.031377309    12 41535420.337 0.00664594910  16.98710270   17.25638980   -7.18407890  160.87047338 55568.241126351 41535420.337 0.00664594910  16.98710270   17.25638980   -7.18407890  160.87047338   980381.280 0.01736816950   0.00642900    0.09255900   35.97520760   30.21011533   0.0000   0.0000  13.54 1.28 12.77 1.27 followjan11
geo-0001:sv1-20110106-S-57-1B        none     55568.252509404     0.025343767     8 39932861.732 0.06416982650  15.19663110   -1.01195660  -41.13005770  174.82970577 55568.252509404 39932861.732 0.06416982650  15.19663110   -1.01195660  -41.13005770  174.82970577  1067693.579 0.02066464500   0.00852400    0.15017600    1.48184310    6.42718350   0.0000   0.0000  17.87 0.42 17.67 0.43 svyjan11_gto105
geo-0004:sv1-20110108-S-7-1A         E11008A  55569.894811523     0.068866891    11 41237106.531 0.18221612090  10.73536330  -44.10583070  -35.01163820  132.55762700 55569.894811523 41237106.531 0.18221612090  10.73536330  -44.10583070  -35.01163820 -132.55762102   145019.359 0.00248878010   0.00290090    0.00814390    0.40457670    0.38720794   0.0000   0.0000  18.38 0.46 18.18 0.44 svyjan11
geo-0002:sv1-20110108-S-17-1A        E11008B  55569.991856657     0.099248841    21 42420914.521 0.18775439930   8.51096860   46.40235800  223.28472760 -117.59767438 55569.991856657 42420914.521 0.18775439930   8.51096860   46.40235800  223.28472760  117.59767480    11847.283 0.00006174200   0.00025540    0.00101230    0.06200590    0.02366248   0.0000   0.0000  16.72 0.46 16.36 0.37 svyjan11_gto105
geo-0014:sv1-20110108-S-17-1B        E11008C  55570.000375165  4604.886025357   459 41911024.496 0.00176270460   9.53575390   54.95118720  208.18701310 -127.97287147 58421.977376366 41912769.660 0.00158145740  13.43015470   22.32889670  -55.11779760  -69.35085870        1.263 0.00000389220   0.00006341    0.00018302    0.08103430    0.00021938   0.0294   0.0540  14.21 1.10 13.64 0.91 svyjan11_gto105
geo-0018:sv1-20110108-S-34-1B        E11008D  55570.132571918  3196.766558611   344 42412038.638 0.00204341880   9.29204340   57.19957350  -92.95915680  170.59344406 58605.108309119 42490699.373 0.00149711950  13.61706040   24.07727510  -33.32286150  101.28948697        0.188 0.00000068190   0.00003649    0.00017974    0.03054970    0.00019048   0.0137   0.0023  12.46 0.49 11.92 0.42 svyjan11_gto105
geo-0005:sv1-20110204-S-2-1A         E11035A  55596.856152957     1.385961865    39 41532494.323 0.13106107710  16.05531900  -78.15960340  319.96352900 -171.51696350 55596.856152957 41532494.322 0.13106107710  16.05531900  -78.15960340  319.96352900  171.51697110    89525.320 0.00160323890   0.00100960    0.00960810    0.23649130    0.27052654   0.0000   0.0000  13.68 1.17 13.12 1.17 svyfeb11
geo-0003:sv1-20110204-U-7-1          none     55596.898282595     0.025091395     9 46039586.008 0.15186511650  10.78627620  -66.64686660   52.73388210   77.13654903 55596.898282595 46039586.008 0.15186511650  10.78627620  -66.64686660   52.73388210   77.13654903  5049573.832 0.00413219450   0.02559730    0.53092240   31.11761340   17.72688635   0.0000   0.0000  17.10 0.39 16.60 0.40 followfeb11
geo-0007:sv1-20110206-S-1-1A         E11037A  55598.827195797    33.234213478   104 42100774.675 0.01673802800  13.26297340   26.10953470  186.87241500 -141.87960997 55632.061409275 42061853.496 0.01275099620  13.30518650   25.73706430 -185.59958730  -32.22165526        1.255 0.00000184760   0.00003093    0.00013136    0.00210649    0.00013543   1.1040   0.0000  16.02 2.24 15.52 2.28 svyfeb11
geo-0002:sv1-20110206-U-10-1         E11037C  55598.923968909     0.065958430    15 49423081.704 0.35480692840   0.77702980  103.08622220  100.46927950  -37.56543605 55598.923968909 49423081.703 0.35480692840   0.77702980  103.08622220  100.46927950   37.56543508    54129.802 0.00050083360   0.00070440    0.05278480    0.11820810    0.02835941   0.0000   0.0000  18.05 0.95 17.91 0.95 follow_aiub
geo-0001:sv1-20110206-U-19-1         E11037D  55598.967728223     0.110023119    45 41430092.985 0.55313081320  16.96823940  -30.55929720 -316.46093590   83.33940664 55598.967728223 41430092.984 0.55313081320  16.96823940  -30.55929720 -316.46093590  -83.33940697    29301.615 0.00027467540   0.00077480    0.00230440    0.04522910    0.05619276   0.0000   0.0000  17.27 0.39 17.06 0.40 followfeb11b
geo-0001:sv1-20110206-U-50-1         E11037B  55599.186408723     0.098877304    26 41398198.156 0.03431549630   7.55182600  -39.43330580  -87.97884430  -35.73637477 55599.186408723 41398198.155 0.03431549630   7.55182600  -39.43330580  -87.97884430   35.73637348    13833.126 0.00023903910   0.00051030    0.00199880    0.12794510    0.12005466   0.0000   0.0000  17.64 0.49 16.64 0.54 follow_aiub
geo-0015:sv1-20110206-S-51-1B        E11037E  55599.202661046     1.022297467    41 27240506.493 0.53661541790  12.99817380   24.35152030  311.74011750 -178.70965754 55599.202661046 27240506.493 0.53661541790  12.99817380   24.35152030  311.74011750  178.70965896     9433.874 0.00023983990   0.00047930    0.00587050    0.00617470    0.07045983   0.0000   0.0000  18.59 0.40 18.47 0.41 svyfeb11_gto75
geo-0023:sv1-20110208-S-9-1B         E11039A  55600.908144827   214.003087969    19 39045106.327 0.05829135670  10.45485050  -35.89756910  -40.79568260  142.51615929 55814.911232796 39046185.131 0.05769777880  10.10452250  -37.98418480  -34.44480840  -73.10226126        5.584 0.00011261120   0.00062779    0.00708932    0.20373883    0.00697363   0.0200   0.0000  17.89 0.46 17.24 0.45 svyfeb11
89006L:  "ARIANE 2 DEB"              none     55654.951503638     0.037008084    30 23273276.950 0.71065410770   7.93059830  -60.47170590   76.23665740 -140.91269325 55654.951503638 23273276.950 0.71065410770   7.93059830  -60.47170590   76.23665740 -140.91269325     9360.787 0.00014310300   0.00128380    0.00625610    0.01673030    0.03656271   0.0000   0.0000  14.31 0.72 14.18 0.72 svyapr11_gto75
95011D:  "HIMAWARI 5 AKM"            none     55655.074405266     0.055961818    16 41791932.883 0.02247098910  11.52047540   42.64179780  223.09620760  -84.42650350 55655.074405266 41791932.883 0.02247098910  11.52047540   42.64179780  223.09620760  -84.42650350    28707.873 0.00011781810   0.00017120    0.00439340    1.28273110    1.20862330   0.0000   0.0000  15.26 0.41 15.19 0.42 svyapr11
geo-0002:sv1-20110403-S-42-1A        E11093A  55655.135019830  2368.918687303   946 42133061.282 0.01252308970   9.37754930  -29.96759650  -43.01350810  -70.99428089 58024.053707133 42128823.151 0.01147847320   6.46960580  -45.14157400   24.84956890  -70.86967778        1.849 0.00000280720   0.00011555    0.00050176    0.01789801    0.00050760   0.0410   0.0281  17.84 0.62 17.53 0.56 svyapr11
geo-0016:sv1-20110504-S-34-1B        E11124A  55686.108729321     1.928293693    39 41500840.618 0.13735878320  10.44167280  -55.93138020 -173.08995150   92.86536611 55688.037023014 41508270.713 0.14011493720  10.43744580  -55.94710880 -173.00487100  -85.85853230      525.915 0.00001611960   0.00004430    0.00029634    0.00191151    0.00027651   8.3570   0.0181  18.70 0.57 18.50 0.55 svymay11_gto105
geo-0011:sv1-20110504-S-38-1B        E11124C  55686.145902929    23.789059256    25 32045087.001 0.36479483870   9.42792580  -32.65380830   90.20666020 -176.27510771 55709.934962185 32131223.349 0.36547713760   9.43185390  -36.41381900   95.26865290  175.02153279    15268.608 0.00036346690   0.00109954    0.00601088    0.02071894    0.00630931   0.0200   0.0000  19.77 0.53 19.65 0.51 svymay11_gto105
geo-0001:sv1-20110504-S-46-1A        none     55686.195960808     0.017474552     6 37348807.133 0.45309449990  13.82493310  -72.81757380   86.28896720  -87.58726422 55686.195960808 37348807.133 0.45309449990  13.82493310  -72.81757380   86.28896720  -87.58726422  2975071.288 0.01833191090   0.07404170    0.43273900    7.25460190    2.66054835   0.0000   0.0000  18.32 0.36 18.23 0.38 svymay11_gto105
geo-0011:sv1-20110504-S-46-1B        none     55686.203738575     0.014811369    10 37283210.676 0.09537212940  13.29493050   17.16533510   43.28090070 -179.90711697 55686.203738575 37283210.676 0.09537212940  13.29493050   17.16533510   43.28090070 -179.90711697  1614834.233 0.03367592000   0.06875860    0.22064670    1.58492880   11.62065404   0.0000   0.0000  16.57 0.23 16.48 0.23 svymay11_gto105
geo-0010:sv1-20110601-S-1-1B         E11152A  55713.884661063  2474.097116716   245 42093249.774 0.00231925440  12.74502100  -27.43314640 -153.30210680   52.82835597 58187.981777779 42107915.926 0.00307793180   9.45096860  -53.41590800  -64.79030450   49.77721342        0.666 0.00000113180   0.00004485    0.00027037    0.02039495    0.00027085   0.0149   0.0087  14.33 0.99 14.27 0.98 svyjun11
geo-0016:sv1-20110601-S-29-1B        none     55714.063387916     0.032825221     5 23618699.668 0.69231128450   8.77297540  -55.57658810  107.44634050 -162.84173817 55714.063387916 23618699.668 0.69231128450   8.77297540  -55.57658810  107.44634050 -162.84173817   116700.471 0.00268320170   0.01502270    0.14101650    0.19255500    1.06024795   0.0000   0.0000  18.83 1.10 18.76 1.09 svyjun11_gto75
geo-0009:sv1-20110601-S-37-1B        E11152B  55714.174518702     0.035364587    21 45305011.474 0.09077721870  18.71791190  -11.44948180   77.77051220 -120.14296067 55714.174518702 45305011.473 0.09077721870  18.71791190  -11.44948180   77.77051220  120.14296473   168387.278 0.00134547410   0.00523380    0.00922300    1.57393180    0.93869297   0.0000   0.0000  17.02 0.34 16.56 0.36 svyjun11
geo-0004:sv1-20110602-S-17-1B        E11153A  55714.967270978     0.037159769    20 35377217.031 0.40351816680  14.29443220  -64.61661140 -231.58508120  161.37319719 55714.967270978 35377217.031 0.40351816680  14.29443220  -64.61661140 -231.58508120 -161.37318836    51945.600 0.00111407380   0.00357220    0.00625310    0.02088650    0.35347378   0.0000   0.0000  18.42 0.38 18.36 0.37 svyjun11_gto75
geo-0014:sv1-20110602-S-26-1A        E11153B  55715.048836966  3874.463959666   306 41944486.731 0.03966657100  13.64828100  -23.18182100 -211.07403230  102.12389409 58044.738746388 42082155.965 0.04312232290  10.91453240  -48.31229130  202.35825400  154.60213155      602.732 0.00082208440   0.00786985    0.04937470    0.88097103    0.04898179   3.5787   0.1679  17.84 0.33 17.78 0.32 svyjun11
geo-0027:sv1-20110602-S-34-1A        none     55715.161235148     0.017731444     4 37363089.937 0.11591669970  14.76214700   12.35539400 -244.36913560  168.96738435 55715.161235148 37363089.937 0.11591669970  14.76214700   12.35539400 -244.36913560  168.96738435   399462.800 0.00828736450   0.02068880    0.03108710    0.58402770    2.29657555   0.0000   0.0000  20.61 0.26 20.20 0.24 svyjun11
geo-0011:sv1-20110603-S-26-1A        E11154A  55716.043271002     0.047304422    19 42612994.143 0.09107445130  15.26057530  -13.61049940 -285.88918770  170.29381232 55716.043271002 42612994.142 0.09107445130  15.26057530  -13.61049940 -285.88918770 -170.29381053   129580.616 0.00235211830   0.00513800    0.00762360    0.11444560    0.77528312   0.0000   0.0000  13.31 0.44 13.24 0.44 svyjun11
geo-0004:sv1-20110604-S-26-1A        E11155A  55717.049791853  2727.984152544   416 42466450.876 0.09372224550  15.25390620  -13.61638730 -285.98617490  169.99223532 58445.033944397 42454954.916 0.09515169940  12.50484230  -43.75359540  152.47748830   76.59700435        7.795 0.00000391750   0.00008737    0.00009001    0.00427711    0.00009020   0.0129   0.1084  13.54 0.80 13.46 0.82 svyjun11
geo-0004:sv1-20110604-S-26-1B        E11155C  55717.053020987  2601.964692390    52 41723777.115 0.04765587820  13.82566880  -17.27514900 -255.65232390  142.10200344 58007.898169720 41717279.000 0.04870160000  11.46817320  318.22720120  179.70202920  142.10200344      496.085 0.00002153930   0.00007010    0.00138887    0.02936136    0.00137053   1.4920   0.0579  18.43 0.49 18.35 0.51 svyjun11
geo-0031:sv1-20110604-S-26-1A        E11155D  55717.064861382     0.063237189    16 41848822.068 0.04768496230  13.58187230  -25.32623510 -179.93941420   72.71374723 55717.064861382 41848822.068 0.04768496230  13.58187230  -25.32623510 -179.93941420  -72.71374500    38365.177 0.00008204340   0.00146850    0.00191050    0.82090880    0.71042101   0.0000   0.0000  17.45 0.89 17.38 0.92 svyjun11
geo-0008:sv1-20110605-S-18-1A        E11156A  55717.995216599     0.031702436    21 40763499.827 0.25383046890  14.38909130  -59.90313670 -184.26586390   96.33148333 55718.020285010 40763499.826 0.25383046890  14.38909130  -59.90313670 -184.26586390  -96.33148682    83212.800 0.00059148960   0.00361400    0.00409970    0.31801730    0.03703039   0.0000   0.0000  17.05 0.63 16.98 0.63 svyjun11
geo-0006:sv1-20110822-U-11-1         E11234A  55795.956860135    31.956759932    18 41257394.877 0.09525729310  10.31303990  -46.21420120  -56.10040780   31.49014982 55827.913620067 41259806.571 0.10061493550  10.14785660  -45.62620460  -56.40570750  -70.18121673     2289.911 0.00003841960   0.00042138    0.00044722    0.02498979    0.00045161   0.9700   0.7986  18.46 0.56 18.36 0.53 follow_aiub
geo-0057:sv1-20110822-U-19-1         E11234B  55795.995380973   189.939699723  1554 42127616.453 0.08878071550  14.40205630  -45.31319650   91.91580560  -84.50931203 55795.995380973 42127616.453 0.08878071550  14.40205630  -45.31319650   91.91580560   84.50930988   323838.526 0.00058873860   0.00303990    0.03484590    3.72001370    2.77804644   0.0000   0.0000  15.78 0.34 15.69 0.35 followaug11
geo-0002:sv1-20111022-U-2-1          E11295A  55857.081084662     0.035532381    25 42323615.763 0.68613993030   8.49869370  -84.74019030  291.90036440  -80.08679792 55857.116617043 42323786.225 0.68614698580   8.49874130  -84.74037870  291.90045990   67.33108779   211717.642 0.00059479980   0.00297064    0.05429692    0.18169770    0.05707557   0.0200   0.0000  16.90 0.64 16.65 0.65 follow_aiub
geo-0003:sv1-20111022-U-11-1         none     55857.170529092     0.047118066    19 42070985.568 0.28394235710  10.99404380   50.99107200  156.15415890 -105.22160680 55857.170529092 42070985.568 0.28394235710  10.99404380   50.99107200  156.15415890 -105.22160680    89121.345 0.00056910740   0.00087180    0.01058820    0.31150390    0.01707604   0.0000   0.0000  17.82 0.78 17.36 0.85 followoct11
geo-0001:sv1-20111023-U-4-1          E11296A  55857.854753637     5.014198130    25 41800410.602 0.41522073700  11.31187870   59.97819200 -229.77877050  165.31940121 55862.868951767 41460225.232 0.41379796910  10.94977310   62.34141260  128.01298510  160.42956696    25669.002 0.00046764140   0.00070999    0.00687075    0.01578795    0.00584156   0.0200   0.0000  18.39 0.54 18.24 0.55 followoct11
geo-0004:sv1-20111023-S-9-1B         none     55857.878561534     0.033783625     8 44789888.040 0.04042052280  12.91140790   38.79524820  -38.79419660   -4.70227227 55857.878561534 44789888.040 0.04042052280  12.91140790   38.79524820  -38.79419660   -4.70227227   624664.861 0.01022054300   0.01629880    0.05993250    1.20565490    1.12713460   0.0000   0.0000  14.13 0.49 13.91 0.50 svyoct11
geo-0001:sv1-20111023-U-39-1         E11296B  55858.199302270     0.059108795    22 40533989.345 0.14763780290  18.28804740   57.72058780 -155.55868500  133.98431288 55858.258411065 40533049.297 0.14765527400  18.28844080   57.72052420 -155.56616260 -156.63080076    55939.717 0.00087948430   0.00081792    0.00315711    0.24058256    0.00555930   0.0200   0.0000  16.97 0.61 16.81 0.57 follow_aiub
geo-0001:sv1-20111024-U-13-1         E11297A  55859.041108978  2272.850156102   273 42489505.417 0.10079975660  10.61917890   55.44134680 -205.82793770  149.42528005 58007.566785530 42523033.000 0.17077500000  16.28037230   27.82487780  146.38422140  149.42528005      751.413 0.00184231680   0.00545983    0.04169722    1.08783372    0.03985702   5.3350   0.0122  15.79 0.28 15.58 0.29 followoct11
geo-0001:sv1-20111024-U-14-1         E11297B  55859.045205097  3573.103130626  3513 41846177.282 0.00226941290  12.51538360   38.35478570 -200.15722950  169.11513657 58498.077135406 41888819.592 0.00227967800  14.82136900    8.64171940  249.40240220   72.71061441        0.195 0.00000223130   0.00005703    0.00017591    0.07300718    0.00023527   0.0310   0.0039  12.77 0.85 12.42 0.82 followoct11
geo-0002:sv1-20111024-S-27-1B        E11297D  55859.128585887     8.027781333    76 42377603.123 0.00911563530  15.53375780   -5.85764170  -67.35744360  126.41299239 55867.156367220 42411161.427 0.00863479920  15.53745200   -5.92686490  -65.32935020 -117.21977737        6.844 0.00000143020   0.00002732    0.00011779    0.00151668    0.00012448   0.0361   0.0621  17.18 0.48 16.87 0.50 svyoct11
geo-0006:sv1-20111024-S-27-1B        E11297C  55859.129303426  3885.736210451   148 42470196.250 0.03312214450  14.56128560  -15.12574430   70.63407830   -1.84723660 58385.902440583 42473549.566 0.02272854920  11.97991610  -42.61830500   94.73576940  109.63829795       87.740 0.00597807890   0.03964542    0.20991515   21.53044941    0.20308563   0.0200   0.0000  17.09 0.45 16.82 0.41 svyoct11
geo-0042:sv1-20111024-S-27-1A        none     55859.141861259     0.023518539    10 37716327.336 0.08657088110  14.82749760   -6.09922250 -110.07726510  169.09513208 55859.141861259 37716327.336 0.08657088110  14.82749760   -6.09922250 -110.07726510  169.09513208  1405172.914 0.02895190070   0.02150330    0.06194640    1.98477400    7.84577579   0.0000   0.0000  17.55 0.38 17.38 0.39 svyoct11
geo-0007:sv1-20111025-S-19-1A        E11298A  55859.995505962    76.963982542    20 41775270.249 0.00522414420  13.80173950  -21.51346380  -91.02376820  165.83224262 55936.959488504 41775642.795 0.00680477470  13.72425730  -21.65314710  312.14778060  143.36321145       77.921 0.00001205810   0.00020975    0.00690969    3.58411129    0.00648042   0.3483   0.0234  17.06 0.58 16.80 0.56 svyoct11
geo-0009:sv1-20111025-S-19-1A        E11298B  55859.997658754  3213.025081022   213 41555572.900 0.02136035530  14.15007280  -10.85051710  -32.86576630   95.17887488 57832.850237749 41511816.369 0.02695068340  12.56470970  -32.46813130   34.65254640 -117.93701355     1274.138 0.00225327490   0.06111366    0.14910832    5.95432651    0.14324332   3.2484   0.3962  15.74 0.44 15.42 0.44 svyoct11
geo-0004:sv1-20111025-S-30-1A        E11298C  55860.079915677     0.054548619    15 42090765.462 0.01528120230  13.97412920  -17.45015730  181.05283010 -108.43581418 55879.928004244 41845284.480 0.01535292740  13.90691400  -17.50401100  165.00444440  107.76730871    42606.799 0.00017160450   0.00085755    0.00433621    2.82950388    0.00428231   0.0200   0.0000  15.39 0.38 15.16 0.33 svyoct11
geo-0012:sv1-20111025-S-39-1A        E11298D  55860.158156407  4109.886046249   233 41411844.341 0.09632538490  14.07637220  -12.27946160  -90.94430280  152.26624755 57781.991814289 41365465.911 0.12487347480  12.36479390  -32.44758670  -13.21626280  138.85828510       19.762 0.00000296520   0.00002572    0.00010811    0.00139515    0.00010776   4.4940   0.0067  16.89 0.42 16.65 0.43 svyoct11
geo-0023:sv1-20111026-S-11-1B        E11299A  55860.889985118  2609.257786513  3163 42511543.300 0.00033304230  10.24177940   52.44819450 -140.32285380   83.52070671 58226.910121654 42513202.738 0.00092194830  13.62896650   26.35738430  -77.32794900 -172.93514865        0.117 0.00000056730   0.00003582    0.00018557    0.02512809    0.00020160   0.0156   0.0016  14.88 0.75 14.64 0.73 svyoct11
geo-0015:sv2-20111026-S-1-1A         E11299B  55860.939140235   420.044181151   204 41972201.138 0.02171878480  14.35950910   -8.89782650  120.90250360  -55.66375918 56280.983321386 41978671.605 0.01831327660  14.31993950  -13.08010660  129.87332740   45.20812003      296.518 0.00134850400   0.01328521    0.02861428    3.11722838    0.03446966   0.5726   0.0930  18.62 0.81 17.99 0.74 svyoct11
geo-0024:sv2-20111026-S-17-1A        E11299C  55861.068978250  4396.101990983  2439 41970590.247 0.01589050220  13.97660280  -17.46132480  189.18645280 -116.26253680 60257.170969233 42597280.523 0.00096419720   9.32796330  -54.91672180  264.05531600  125.86365917        0.196 0.00000087700   0.00003277    0.00018526    0.03278746    0.00019394   0.0152   0.0021  15.46 0.36 15.20 0.36 svyoct11
geo-0006:sv2-20111026-S-28-1A        E11299D  55861.158237437  2626.904686785  1109 42674338.617 0.01803785450  15.39084590   -4.30548990  -62.75510050  119.16270256 58488.062924222 42683450.802 0.01821779440  13.67150860  -31.72557370    9.27777880 -156.98799238        1.298 0.00001312720   0.00090255    0.00163393    0.02685636    0.00208497   0.0212   0.0352  15.51 0.31 15.31 0.29 svyoct11
geo-0012:sv2-20111026-S-40-1A        E11299E  55861.241946942    18.529328341    27 41610196.185 0.30586091800  11.95764150    1.97108400 -131.23885680  169.62860409 55879.771275283 40906261.830 0.30008307940  11.96902760    1.84822120 -130.15883760 -152.55605605    11045.823 0.00057893110   0.00470638    0.02263747    0.40908751    0.02251196   0.0200   0.0000  15.88 0.29 15.81 0.29 svyoct11_gto105
88040C:  "ARIANE 2 DEB"              none     55890.063996698     0.043913189    38 24350073.082 0.71929637900   7.64927860  -73.57778170  299.06172330 -168.91050377 55890.063996698 24350073.082 0.71929637900   7.64927860  -73.57778170  299.06172330 -168.91050377    16734.368 0.00035217800   0.00089740    0.02458290    0.01915580    0.14462909   0.0000   0.0000  11.88 0.78 11.77 0.78 svynov11_gto75
geo-0037:sv2-20111124-S-8-1A         E11328A  55890.242971218   265.774772320    16 42353986.475 0.00395255610  18.99615190  -11.77394210  165.08502620  -29.57194171 55890.242971218 42353986.474 0.00395255610  18.99615190  -11.77394210  165.08502620   29.57194106   225278.058 0.00363948830   0.00068080    0.01773640   24.28747760   24.10676766   0.0000   0.0000  11.72 0.24 10.98 0.27 svynov11
geo-0021:sv1-20111125-S-26-1B        none     55891.232610099     0.035361307    11 41879059.136 0.01203384170  14.05950350   25.12545020  -73.93757780  172.76836023 55891.232610099 41879059.136 0.01203384170  14.05950350   25.12545020  -73.93757780  172.76836023   757232.892 0.01370024020   0.01089560    0.02879920    3.19879900    5.54280776   0.0000   0.0000  14.77 0.28 14.02 0.26 svynov11
geo-0025:sv1-20111125-S-26-1A        none     55891.239427312     0.024447832    11 39952974.005 0.04096306210  18.99228030  -11.58364200  313.51841600 -178.68302798 55891.239427312 39952974.005 0.04096306210  18.99228030  -11.58364200  313.51841600 -178.68302798   964219.244 0.01842592250   0.00244160    0.07875730    2.97783810    3.73579132   0.0000   0.0000  11.53 0.27 10.83 0.22 svynov11
geo-0035:sv1-20111127-S-11-1A        E11331A  55892.886150626     0.959726861    23 41509393.282 0.01691035510   9.99037900   55.02377730   18.08360050  -49.57805941 55893.845877487 41511048.683 0.01681391400   9.99259220   55.01980890   17.64971880   54.43899867      880.543 0.00001552240   0.00017349    0.00062758    0.03527710    0.00061584   0.9034   0.6254  18.36 0.51 18.12 0.43 svynov11
geo-0001:sv1-20111127-U-21-1         E11331D  55892.975155337   265.101887157    25 42250978.304 0.00060853460   7.39078810   55.96597380  122.42106350 -142.30796673 55892.975155337 42250978.303 0.00060853460   7.39078810   55.96597380  122.42106350  142.30797070    16303.928 0.00019071670   0.00016910    0.00359740   20.84929230   20.77013347   0.0000   0.0000  14.33 0.27 14.13 0.32 follownov11b
geo-0019:sv1-20111127-S-33-1B        E11331B  55893.089282586     0.049151671    29 25071669.318 0.72045619250  10.04704680    9.78729470 -140.84794750  179.72004719 55893.138434257 25071803.062 0.72044777660  10.04711340    9.78763210  219.15124290  141.58225649    16632.166 0.00035255380   0.00202094    0.00316521    0.00896453    0.00440767   0.0200   0.0000  16.64 0.23 16.50 0.22 svynov11_gto75
89070C:  "HIMAWARI 4 AKM"            none     55893.115157554     0.091471134    21 42694566.327 0.02245012140  13.69514740   24.86964180  277.57666590 -178.04252561 55893.115157554 42694566.327 0.02245012140  13.69514740   24.86964180  277.57666590 -178.04252561    39345.684 0.00066096870   0.00060600    0.00152270    0.64108870    0.42650711   0.0000   0.0000  15.63 0.36 14.53 0.44 svynov11
geo-0016:sv1-20111127-S-42-1A        none     55893.158291848     0.017156249    14 39723426.368 0.30241981240  11.81441110   12.76722940  198.56771790 -151.34714587 55893.158291848 39723426.368 0.30241981240  11.81441110   12.76722940  198.56771790 -151.34714587  3292319.668 0.06081575910   0.06751310    0.18059950    4.95955090   14.19421171   0.0000   0.0000  17.49 0.56 17.34 0.56 svynov11_gto75
geo-0004:sv1-20111127-S-49-1A        E11331C  55893.233260589   173.975105319   397 42166346.919 0.00170627670  18.99568490  -11.78878820  220.81918530  -86.15571269 56067.208365908 42188864.001 0.00118832150  18.95845570  -13.79146660 -164.60191190  -71.65163737        0.173 0.00000052820   0.00002221    0.00007142    0.01232380    0.00008706   0.0443   0.0010  12.10 1.33 11.35 1.32 svynov11
geo-0029:sv1-20111221-S-1-1B         none     55916.822207332     0.026516216    10 40524754.478 0.02833777160  13.81509030  -22.10189180  -82.93506440  164.23753384 55916.822207332 40524754.478 0.02833777160  13.81509030  -22.10189180  -82.93506440  164.23753384  1412090.212 0.02640557530   0.02871480    0.10194820    6.07879480    4.34297082   0.0000   0.0000  16.73 0.59 16.61 0.59 svydec11
E11400B                              E11355A  55916.984996727    94.004952541    52 41898296.089 0.00834827890  13.17419180  -23.86968320   -4.54218210   87.48918016 56010.989949268 41895121.347 0.00862735480  13.08455910  -24.73717110    3.09865020 -142.87744823        7.856 0.00000121720   0.00003723    0.00013440    0.00819487    0.00013619   0.0531   0.0300  18.61 0.69 18.22 0.44 svydec11
E11400C                              E11355B  55916.986073069   297.010961032   201 42050961.591 0.00616038850  14.26563440  -16.34040940  200.79159740 -123.46929642 56213.997034101 42072899.496 0.01070264340  13.89281120  -18.75649410  187.45006860  161.52724696      185.261 0.00005496610   0.00232021    0.00142150    5.06574354    0.00072810   0.3289   0.1403  15.41 0.51 15.26 0.53 svydec11
E11400E                              E11355D  55917.041048927    29.860362122    67 41984582.726 0.00462776240  14.19258470  -16.66506860  -92.12962610  168.65047433 55946.901411049 41984641.389 0.00444406670  14.17814710  -16.89703880  271.01699040  145.21750647       56.051 0.00000144490   0.00002404    0.00034977    0.04899643    0.00033960   0.0483   0.2578  17.65 0.50 17.51 0.46 svydec11
E11400D                              E11355C  55917.045713148   271.058161517    22 42250411.994 0.10559336310  13.77210400  -45.41957980   -3.13510480   96.03990808 55917.045713148 42250411.993 0.10559336310  13.77210400  -45.41957980   -3.13510480  -96.03990707    57603.509 0.00035960700   0.00070300    0.00578160    0.53644080    0.32222824   0.0000   0.0000  18.30 0.60 18.14 0.61 svydec11
geo-0029:sv2-20111221-S-21-1A        E11355E  55917.092129782     0.809473407    26 41808682.612 0.01122431920  14.10806400   -8.73005180  115.93345050  -45.78992021 55917.901603189 41865939.761 0.01087187270  14.10887980   -8.73250440  113.72799220  107.86129928    11979.622 0.00020980910   0.00025600    0.00092487    0.53136371    0.00050576   6.2227   0.6266  18.33 0.49 18.11 0.49 svydec11
E11401A                              E11356A  55917.836272148     1.078525462    26 40635116.094 0.06446976620  13.54206500  -20.68577110  -78.49639600  156.11753729 55918.914797610 40607376.136 0.07727490920  13.53655140  -20.46074150  261.89370060  129.55766258    79149.069 0.00146253450   0.00150813    0.00607624    0.41456081    0.00430679   0.0200   0.0000  17.25 0.45 17.12 0.42 svydec11
geo-0009:sv1-20111222-S-7-1B         none     55917.842371875     0.031364404    11 41946947.871 0.08604304430  14.21002660  -18.62784760  206.68343800 -119.67454671 55917.842371875 41946947.871 0.08604304430  14.21002660  -18.62784760  206.68343800 -119.67454671   982569.814 0.00745912510   0.01704360    0.05750420   10.84787220    7.00599589   0.0000   0.0000  17.62 0.23 17.52 0.23 svydec11
E11401C                              E11356B  55918.074478239   217.881608062    48 41642135.401 0.00888955190  13.11888040   29.54153620  -11.36357840  107.85590485 56135.956086301 41651693.815 0.01100153360  13.54095400   27.19911570   32.10735730  104.32013314       88.897 0.00001337460   0.00015159    0.00072425    0.08657103    0.00069910   0.3035   0.7067  14.70 1.41 13.94 1.16 svydec11_gto105
geo-0005:sv1-20111223-S-14-1A        E11357A  55918.874382139     0.182174754    20 41896027.956 0.00485622590  14.37612400   -8.61825450  152.34366980  -83.10996331 55918.874382139 41896027.955 0.00485622590  14.37612400   -8.61825450  152.34366980   83.10996443     2197.721 0.00002931070   0.00006230    0.00025610    0.34763230    0.34410589   0.0000   0.0000  17.38 0.46 17.17 0.51 svydec11
geo-0010:sv1-20111223-S-22-1B        E11357B  55918.934899451   208.988309463    18 42018999.190 0.00364413470  14.15356290  -16.93824760  243.83252420 -166.94309003 55918.934899451 42018999.190 0.00364413470  14.15356290  -16.93824760  243.83252420  166.94308500     6562.853 0.00009662160   0.00009990    0.00042800    1.17359190    1.14077493   0.0000   0.0000  16.63 0.40 16.50 0.37 svydec11
geo-0015:sv1-20111223-S-58-1B        E11357C  55919.207627471   238.883593272    11 35859405.117 0.47218433490  11.89418210   53.63380910  224.96346480 -113.81517663 55919.207627471 35859405.116 0.47218433490  11.89418210   53.63380910  224.96346480  113.81518316   143002.927 0.00162901130   0.00456280    0.01157090    0.28712310    0.28539114   0.0000   0.0000  17.92 0.59 17.69 0.59 svydec11_gto105
geo-0001:sv1-20111223-S-60-1B        none     55919.219486271     0.001481488     3 44025644.881 0.08535873210  15.71129310   -5.26200210   34.77463500   86.34266843 55919.219486271 44025644.881 0.08535873210  15.71129310   -5.26200210   34.77463500   86.34266843   866024.635 0.27051134540   0.63367150    2.70153970    4.19151060   30.10171386   0.0000   0.0000  17.17 0.12 16.97 0.15 svydec11_gto105
geo-0028:sv1-20120120-S-56-1A        E12020A  55947.182102031   238.876508904    26 41910162.220 0.10035354110  11.41654370   48.36024530  -75.62467650  169.64180234 56186.058610935 41909391.485 0.10058414770  11.73875460   46.65146330  -68.67351900  -65.46398384        2.031 0.00000283710   0.00008258    0.00153380    0.02366371    0.00149578   0.0200   0.0000  18.13 0.52 17.95 0.50 svyjan12
geo-0001:sv1-20120120-U-65-1         none     55947.238650646     0.028672433    14 44680865.691 0.03615423870  13.23509150   35.71817990  126.41532970   -0.96954615 55947.238650646 44680865.691 0.03615423870  13.23509150   35.71817990  126.41532970   -0.96954615  1148098.512 0.01895166000   0.00891210    0.11129800    1.81220970    1.65058400   0.0000   0.0000  12.15 0.53 11.86 0.55 followjan12
geo-0008:sv1-20120323-U-40-1         E12083A  56010.107968930     0.826821759    32 42232034.095 0.07089975080  14.73327960  -18.25550980 -229.95970480   88.71877057 56010.934790689 42250693.561 0.07112909860  14.73454540  -18.26799090  130.13496790  -26.28676545     1830.393 0.00002842790   0.00004701    0.00050636    0.02278617    0.00054308   2.6167   1.0917  18.47 0.47 18.10 0.45 followmar12
geo-0007:sv1-20120323-U-48-1         none     56010.160458516     0.049133107    11 41906514.227 0.04147777900  14.54987290  -18.21046990  -39.33061890  -70.93554419 56010.160458516 41906514.227 0.04147777900  14.54987290  -18.21046990  -39.33061890  -70.93554419   275984.854 0.00219604920   0.01111790    0.01276240    6.06447500    5.46678128   0.0000   0.0000  17.67 0.47 15.67 5.08 followmar12
geo-0006:sv1-20120324-S-52-1A        E12084A  56011.127890235     0.120023121    26 43034591.794 0.00280346660  13.48514990   40.31834670  119.46732170   38.74420522 56011.127890235 43034591.793 0.00280346660  13.48514990   40.31834670  119.46732170  -38.74420650     7841.887 0.00007011250   0.00018830    0.00103490    2.47032940    2.45299890   0.0000   0.0000  16.09 0.47 15.76 0.37 svymar12
geo-0001:sv1-20120517-S-17-1A        none     56064.955574267     0.081320651    10 42336019.701 0.00094502380  10.22133740  -38.01920680 -127.39945570   27.26057817 56064.955574267 42336019.701 0.00094502380  10.22133740  -38.01920680 -127.39945570   27.26057817   174682.872 0.00213369420   0.00690100    0.00963430  139.18288590  138.88319774   0.0000   0.0000  14.85 0.81 14.77 0.81 svymay12
geo-0006:sv1-20120518-S-45-1B        none     56066.183735148     0.027224500    14 36310296.090 0.30276117680   8.73770610  -52.87273070 -240.59350470  178.99478930 56066.183735148 36310296.090 0.30276117680   8.73770610  -52.87273070 -240.59350470  178.99478930  1232598.244 0.02687187020   0.05479130    0.14810140    0.42048650    9.34027453   0.0000   0.0000  17.93 0.66 17.86 0.66 svymay12_gto75
geo-0001:sv1-20130109-S-18-1         none     56302.069169043     0.027549768    10 24098117.602 0.65845917550  64.51553490    0.70471580  261.50731750 -114.46789175 56302.069169043 24098117.602 0.65845917550  64.51553490    0.70471580  261.50731750 -114.46789175   143567.489 0.00224621660   0.01665950    0.01000380    0.28099700    0.53385491   0.0000   0.0000  16.02 0.77 15.65 0.78 svyjan13_meo2
geo-0001:sv1-20130109-U-22-1         none     56302.093709554     0.012983815     8 28563338.862 0.07489232770  63.12176540   56.43892360   80.03661690   10.57930391 56302.093709554 28563338.862 0.07489232770  63.12176540   56.43892360   80.03661690   10.57930391  2028575.873 0.04915867400   0.13930200    0.04159930   13.17571580   11.21744285   0.0000   0.0000  16.15 1.19 15.48 1.17 followjan13
geo-0002:sv1-20130109-U-24-1         E13009A  56302.100814873     4.894250910    53 20117704.976 0.66219757570  63.39717730   75.75236170  -91.50509440  154.84111315 56306.995065783 20103895.416 0.66286941010  63.39268370   74.46919370  -91.47325610 -120.52921634        8.357 0.00000200290   0.00001378    0.00011711    0.00070768    0.00008051   0.0200   0.0000  17.07 0.34 16.40 0.36 followjan13
geo-0001:sv1-20130109-S-37-1         E13009B  56302.206136628   196.901023291   137 26669502.572 0.70125612220  63.49052030   16.38128370  -81.81839790  158.40128170 56499.107159919 26662295.171 0.69991577780  63.61665530   -7.47211060  -82.27471840  -48.31864970        2.675 0.00003241580   0.00098028    0.00285674    0.01220076    0.00172627   0.0200   0.0000  16.94 1.22 16.55 1.24 svyjan13_meo2
geo-0002:sv1-20130109-S-38-1         E13009C  56302.218636627     0.040879627    26 24655665.648 0.68005993440  64.31530360    3.81533650  271.73606210 -152.40472021 56302.218636627 24655665.648 0.68005993440  64.31530360    3.81533650  271.73606210  152.40472533    39291.542 0.00088621560   0.00200720    0.01639010    0.03713210    0.29048077   0.0000   0.0000  15.17 1.10 14.89 1.09 svyjan13_meo2
geo-0001:sv1-20130110-S-9-1          E13010A  56302.905270912   235.172596923    47 26519878.309 0.72963949580  63.45646460   26.01326740  269.08888720 -154.93490590 56363.226854229 26518222.229 0.71742950750  63.48195410   16.02144700  270.76679640   37.96269655       19.259 0.00000439400   0.00001706    0.00010075    0.00036072    0.00006420   3.5958   0.0038  18.81 1.00 18.46 0.93 svyjan13_meo2
geo-0001:sv1-20130110-U-10-1         E13010D  56302.922094980   103.917915937    38 23829460.907 0.65079615900  64.57907710   57.35233080  -87.79291590  153.59496746 56302.922094980 23829460.907 0.65079615900  64.57907710   57.35233080  -87.79291590 -153.59496805     6519.394 0.00016978880   0.00004220    0.00218600    0.00456120    0.09156019   0.0000   0.0000  17.13 1.04 16.53 1.03 followjan13
geo-0001:sv1-20130110-S-12-1         E13010B  56302.930245432    88.817885186    55 26924809.424 0.68945738440  63.77310910   45.77678760  -83.10531620  134.68339154 56395.834097856 26932510.827 0.68874519710  63.90140870   35.32828290  276.87528170   43.75240764        0.620 0.00000113630   0.00003670    0.00009970    0.00013702    0.00009176   0.2286   0.0013  17.03 0.95 16.44 1.72 svyjan13_meo2
geo-0001:sv1-20130110-S-18-1         E13010C  56302.976119291    88.087459492   130 24578127.583 0.68525906270  64.04224630   50.02119090  -85.15399370  133.84125014 56391.063578783 24584730.939 0.68575208800  64.11777030   37.17788310  274.43844960   86.56114405        1.158 0.00000408680   0.00005998    0.00042464    0.00076169    0.00027535   0.0749   0.0210  18.37 0.86 17.87 0.79 svyjan13_meo2
geo-0002:sv1-20130110-U-22-1         none     56302.994034791     0.023097223     7 27343460.158 0.71685463810  63.87848120   37.32088100  256.86407490 -117.59348338 56302.994034791 27343460.158 0.71685463810  63.87848120   37.32088100  256.86407490 -117.59348338  1100084.380 0.01146506380   0.07625790    0.17405680    1.66548910    2.82098080   0.0000   0.0000  19.93 0.44 19.47 0.45 followjan13
geo-0001:sv2-20130111-S-9-1          E13011B  56304.240189877    28.821502331    35 25652411.275 0.71620240980  63.89831100   31.09583660  267.09481850 -141.99375107 56304.240189877 25652411.274 0.71620240980  63.89831100   31.09583660  267.09481850  141.99375719    12649.645 0.00022285590   0.00094170    0.00410910    0.01422810    0.07124851   0.0000   0.0000  18.73 0.54 18.39 0.53 follow_aiub2
geo-0001:sv1-20130208-S-13-1         E13039A  56331.924863484   697.864100198   724 26272297.005 0.71882037930  63.90426550   42.79336680  256.38608900 -106.33076598 56964.870845380 26313649.555 0.72902999600  62.96243230  -49.88960100  256.79982720   46.66202318        0.871 0.00002833610   0.00023106    0.00066797    0.00117531    0.00031439   0.0145   0.0000  16.06 0.33 15.52 0.35 svyfeb13_meo2
geo-0001:sv1-20130208-S-22-1         E13039B  56331.982110026   128.965080584   150 26681697.054 0.72282703010  63.81530780   64.59276710  258.08061950 -147.49925912 56460.947190610 26666342.170 0.72797519720  63.74803100   46.92340090  257.83541190   96.28336702        0.231 0.00000092680   0.00002386    0.00010189    0.00008965    0.00005140   0.0437   0.0013  18.56 0.63 17.98 0.63 svyfeb13_meo2
geo-0001:sv1-20130208-S-31-1         E13039C  56332.037055621     0.055586850    19 25042935.906 0.68124164980  63.21234320   68.31375730  -75.36321550  104.67871872 56332.037055621 25042935.905 0.68124164980  63.21234320   68.31375730  -75.36321550 -104.67871915     9569.374 0.00017606820   0.00134090    0.00088370    0.01365750    0.05102152   0.0000   0.0000  19.49 0.58 18.99 0.56 svyfeb13_meo2
geo-0001:sv1-20130209-S-35-1         E13040A  56333.098289427    64.031053079    88 26434241.660 0.70759471570  63.93403340   55.18865400  -85.14928400  175.74810532 56397.129342506 26432763.366 0.70764375980  64.01340190   46.96401550  274.56271140   53.59557273        0.254 0.00000055880   0.00001205    0.00005660    0.00006412    0.00002724   0.0059   0.0902  18.55 1.12 18.05 1.12 svyfeb13_meo2
geo-0001:sv2-20130210-S-16-1         E13041A  56333.995860009     0.047244218    42 26301490.634 0.68471705080  63.67569370   90.53195080  -88.22831840  145.18393980 56333.995860009 26301490.633 0.68471705080  63.67569370   90.53195080  -88.22831840 -145.18393771    26268.188 0.00057703350   0.00217520    0.00637140    0.00577810    0.25158644   0.0000   0.0000  17.28 0.95 16.71 0.91 svyfeb13_meo2
geo-0001:sv2-20130210-S-44-1         E13041B  56334.197386645   256.854530486    29 22592915.755 0.66800558240  63.89180260   55.86928490  274.78807630 -164.28426519 56591.051917131 22592783.479 0.67045940270  63.98798980   10.51022540  -86.96204860  -59.81875380        0.797 0.00002707250   0.00021841    0.00102328    0.00738059    0.00050960   0.0200   0.0000  17.62 1.61 17.16 1.60 svyfeb13_meo2
geo-0001:sv1-20130407-S-28-1         E13097B  56390.020118114    96.953013060    75 26322634.621 0.66460244850  64.40043170  103.82530400  259.71670760 -174.44767143 56486.973131174 26307264.914 0.66934813030  64.42343580   94.06517850  258.76840630   78.26680503        0.653 0.00000152160   0.00004822    0.00027305    0.00019534    0.00013249   0.0892   0.0061  17.43 0.22 16.49 0.22 svyapr13_meo2
geo-0001:sv1-20130407-S-56-1         E13097A  56390.190500058    91.728101847    68 25573973.607 0.69906657750  63.68278360   68.24754700  270.59876870 -154.07977881 56481.918601905 25622158.956 0.69872456190  63.71951120   55.91959100  270.12775400   80.54385364        2.335 0.00000312590   0.00006613    0.00035392    0.00037088    0.00016605   0.4167   0.0020  16.80 0.39 16.00 0.37 svyapr13_meo2
geo-0001:sv1-20130409-S-33-1         E13099A  56392.048555625    16.043171062    41 26071527.916 0.70694759620  63.15494430  136.76476290  -90.46146170  177.71939544 56392.048555625 26071527.916 0.70694759620  63.15494430  136.76476290  -90.46146170 -177.71939938    19905.264 0.00040388580   0.00240270    0.00284740    0.01024970    0.24884476   0.0000   0.0000  18.37 0.34 17.33 0.33 svyapr13_meo2
geo-0001:sv1-20130409-S-41-1         none     56392.109632010     0.003564810    15 44864079.375 0.11246525930  64.09122990  151.37897040   -6.91670900   76.38430174 56392.146304463 44864079.375 0.11246525930  64.09122990  151.37897040   -6.91670900   76.38430174  3691599.801 0.34134389110   0.24772940    2.04041130    1.18986820   29.31697765   0.0000   0.0000  13.68 0.38 12.69 0.38 svyapr13_meo2
geo-0001:sv1-20130409-S-47-1         none     56392.146304463     0.001273145     6 45159246.014 0.11320677900  64.09999100  151.37831250   -4.49386640   73.94236365 56392.146304463 45159246.014 0.11320677900  64.09999100  151.37831250   -4.49386640   73.94236365  3754261.057 0.34274490310   0.24737470    2.03739940    8.29962480   22.24001836   0.0000   0.0000  18.48 0.93 17.53 0.94 svyapr13_meo2
geo-0001:sv1-20130708-S-19-1         E13189A  56481.986819500   562.249391756   105 25823192.217 0.69756033960  63.10958290 -172.02771620  -76.24033160  106.77381330 57044.236211256 25825336.749 0.69057242440  63.44936760  117.52222640  -78.08437190 -147.76239197       56.691 0.00007095660   0.00058292    0.00274465    0.01070089    0.00065226   0.1691   0.0192  18.65 1.21 17.30 1.22 svyjul13_meo2
geo-0001:sv1-20130708-S-20-1         E13189B  56481.990916748  2600.179201397    68 24636923.009 0.68570593040  62.56148210 -179.76028760  -89.51495520  169.01531673 56486.949337863 24619506.641 0.68566643050  62.56739760  179.43689420  270.56603940  139.37620212        0.978 0.00000119770   0.00001626    0.00021191    0.00055688    0.00009138   2.0398   0.0064  18.58 0.31 17.31 0.32 svyjul13_meo2
geo-0001:sv1-20130708-S-32-1         E13189C  56482.075155150    29.820113428    90 22853027.824 0.65965804170  63.83906990 -162.88773140  -90.46089110  145.91800339 56511.895268578 22847058.732 0.65917014210  63.85559890 -167.70996840  -90.72299850 -132.70067084        0.604 0.00000400470   0.00002498    0.00029996    0.00096018    0.00013254   0.2667   0.0036  15.47 1.79 14.09 1.78 svyjul13_meo2
geo-0001:sv1-20130709-S-11-1         E13190B  56482.925719980     1.061141199    64 27172120.963 0.66130992120  63.67032360 -171.55308060  -86.58483380  162.44947982 56482.925719980 27172120.963 0.66130992120  63.67032360 -171.55308060  -86.58483380 -162.44947613    39105.336 0.00085938020   0.00401590    0.00474810    0.00704690    0.37490531   0.0000   0.0000  17.46 0.20 16.17 0.20 svyjul13_meo2
geo-0001:sv1-20130709-S-34-1         E13190A  56483.120638953     0.982546303    32 26812963.343 0.22101661180  62.46059070 -165.91047920  263.75176300 -174.87327497 56484.103185256 26804463.218 0.22167017840  62.45897490 -165.97711190  -96.08877350 -165.27243395     8235.459 0.00024086830   0.00058396    0.00260058    0.02718493    0.00058791  20.6030   1.0267  18.37 0.51 17.09 0.48 svyjul13_meo2
geo-0001:sv1-20130710-S-24-1         E13191C  56483.988664429    98.804133773    42 26456853.821 0.69343498370  63.23261810 -162.32864590  -90.06938600  175.33959482 56483.993757014 26456853.820 0.69343498370  63.23261810 -162.32864590  -90.06938600 -175.33959081     5259.004 0.00010721660   0.00068000    0.00048520    0.00336740    0.04100657   0.0000   0.0000  16.70 0.73 15.46 0.67 svyjul13_meo2
geo-0001:sv1-20130710-S-49-1         E13191A  56484.169307930    43.875916576    41 25525048.172 0.71026552190  63.15478530 -156.07495010  -88.91392330  156.95577165 56484.169307930 25525048.172 0.71026552190  63.15478530 -156.07495010  -88.91392330 -156.95577504    37417.492 0.00077683300   0.00288710    0.00997870    0.02039690    0.30453251   0.0000   0.0000  16.85 0.30 15.64 0.31 svyjul13_meo2
