Campaign           Name                              Osc_epoch     Date      Time        arcl [min]    # obs mag_c   mag_u  a(km)        e          i(dg)     raan(dg)   w(dg)      s(dg)      dn(dg/d) da(km)       de         di(dg)    draan(dg)  dw(dg)     ds(dg)     R.A.(h)      Decl.(dg)    lon(dg)   lat(dg)  
svyfeb21_gto105    geo-0001:sv1-20210212-S-11-1A      59257.982137 21-FEB-12 23:34:16.63      1.533600     3  19.60  19.60  60909.20822  0.0000000   31.0901   356.8838     0.0000   165.0895  -239.93      0.07337  0.0000000    0.0975     0.0499     0.0000     0.0434  11.12016274    5.0827534    27.235     7.636
followfeb21        geo-0001:sv1-20210212-U-13-1       59258.004468 21-FEB-13 00:06:26.03      3.666240    11  17.50  17.60  60079.87340  0.0000000   31.3727   356.7576     0.0000   169.8196  -229.32      0.00000  0.0000000    0.0000     0.0000     0.0000     0.0000  11.27030681    2.3514327    23.176     5.280
followfeb21        geo-0002:sv1-20210212-U-13-1       59258.004468 21-FEB-13 00:06:26.03      1.833120     6  16.30  16.40  38980.98485  0.0000000    8.2604    40.3738     0.0000   125.3885    40.75      0.00600  0.0000000    0.0078     0.0756     0.0000     0.0749  11.27136222    2.3440867    21.181     6.726
followfeb21        geo-0001:sv1-20210212-U-14-1       59258.008565 21-FEB-13 00:12:20.01      1.833120     6  18.50  18.60  44615.82610  0.0000000    9.5133    44.0306     0.0000   125.2039   -31.38      0.00796  0.0000000    0.0089     0.0753     0.0000     0.0743  11.39094617    4.1748609    23.266     7.761
followfeb21        geo-0001:sv1-20210212-U-16-1       59258.025507 21-FEB-13 00:36:43.80      3.300480    10  17.00  17.10  44082.73672  0.0000000   15.4711    14.1716     0.0000   155.8953   -24.55      0.00228  0.0000000    0.0040     0.0067     0.0000     0.0065  11.42156458    2.3558524    18.386     6.254
followfeb21        geo-0001:sv1-20210212-U-23-1       59258.097561 21-FEB-13 02:20:29.27      2.200320     7  19.50  19.60  35747.23290  0.0000000   29.3927   358.2365     0.0000   172.5191    82.14      0.00864  0.0000000    0.0214     0.0058     0.0000     0.0055  11.34168322   -1.2337678    -6.760     3.664
followfeb21        geo-0001:sv1-20210212-U-26-1       59258.127470 21-FEB-13 03:03:33.40      2.200320     5  19.80  19.90  59872.82297  0.0000000    9.0193    43.0618     0.0000   123.0655  -226.67      0.01227  0.0000000    0.0092     0.0901     0.0000     0.0890  11.03181913    5.0904283   -22.812     7.549
followfeb21        geo-0001:sv1-20210212-U-35-1       59258.248692 21-FEB-13 05:58:06.98      0.732960     3  18.20  18.80  42429.25750  0.0000000    4.9442    85.2433     0.0000   125.6375    -3.39      0.01149  0.0000000    0.0137     0.2205     0.0000     0.2197  14.00413513   -0.0409320   -22.044     4.017
followfeb21        geo-0001:sv1-20210212-U-39-1       59258.282307 21-FEB-13 06:46:31.32      2.933280     9  17.20  17.70  45916.66021  0.0000000   18.7157    33.4518     0.0000   174.3593   -48.03      0.00460  0.0000000    0.0086     0.0029     0.0000     0.0027  13.41258565   -2.1219944   -37.053     1.807
follow_aiub2       geo-0001:sv1-20210212-U-7-1        59257.945904 21-FEB-12 22:42:06.10      1.100160     4  14.90  16.40  26085.75522  0.0000000   25.8166    48.3881     0.0000    12.2292   205.81      0.02716  0.0000000    0.0897     0.0459     0.0000     0.0443   3.15239421   -1.3205382   -64.295     5.293
followfeb21        geo-0001:sv1-20210213-S-16-1A      59259.042631 21-FEB-14 01:01:23.31      1.833120     6  17.60  17.70  41360.64877  0.0000000   11.3439   124.8234     0.0000    44.4200    10.29      0.01022  0.0000000    0.0153     0.0770     0.0000     0.0754  11.30198619    4.1516320     9.052     7.913
followfeb21b       geo-0001:sv2-20210213-U-9-1        59259.168231 21-FEB-14 04:02:15.15      0.732960     3  17.80  17.90  39377.56693  0.0000000    7.5324    67.8155     0.0000   103.9611    35.67      0.01730  0.0000000    0.0095     0.2846     0.0000     0.2821  11.16509347    3.2250233   -33.073     7.309
followfeb21b       geo-0003:sv2-20210213-U-15-1       59259.225211 21-FEB-14 05:24:18.23      2.200320     5  18.90  19.70  39849.37376  0.0000000    4.0700    86.9814     0.0000   132.4813    29.63      0.00572  0.0000000    0.0085     0.1294     0.0000     0.1291  14.45083889   -1.3320009    -6.000     3.000
follow_aiub2       geo-0002:sv2-20210213-S-3-1A       59259.125581 21-FEB-14 03:00:50.19      0.732960     3  13.80  13.80  42720.23750  0.0000000    6.8697    61.2777     0.0000    75.8556    -7.11      0.05667  0.0000000    0.0282     0.9262     0.0000     0.9196   8.48201632    2.5457510   -52.535     6.661
followfeb21b       geo-0001:sv2-20210213-U-5-1        59259.132945 21-FEB-14 03:11:26.44      1.833120     6  18.60  18.70  40836.38917  0.0000000   13.2154    15.2282     0.0000   153.7876    17.00      0.00643  0.0000000    0.0123     0.0265     0.0000     0.0258  11.14452005    1.4822083   -22.608     5.795
followfeb21b       geo-0001:sv2-20210213-S-8-1A       59259.164644 21-FEB-14 03:57:05.24      2.566080     8  17.40  17.40  41911.48791  0.0000000   10.8248    27.5085     0.0000   143.4120     3.24      0.00333  0.0000000    0.0056     0.0218     0.0000     0.0214  11.16099479    2.3829715   -32.260     6.427
followfeb21        geo-0001:sv1-20210214-U-12-1       59259.975339 21-FEB-14 23:24:29.28      2.566080     8  18.40  18.60  50860.74309  0.0000000   23.9052   357.1902     0.0000   171.1239  -111.31      0.00000  0.0000000    0.0000     0.0000     0.0000     0.0000  11.37005274    0.1210807    32.744     3.585
followfeb21        geo-0002:sv1-20210215-U-11-1       59260.982837 21-FEB-15 23:35:17.11      2.200320     5  20.10  20.20  48032.16822  0.0000000    5.0771    86.0808     0.0000    82.7664   -75.11      0.00759  0.0000000    0.0017     0.1509     0.0000     0.1503  11.36107384    1.3347196    28.806     5.037
followfeb21        geo-0001:sv1-20210215-U-16-1       59261.029354 21-FEB-16 00:42:16.18      2.566080     7  18.20  18.30  40142.48040  0.0000000    4.6935    59.5136     0.0000   114.0116    25.88      0.00333  0.0000000    0.0030     0.0801     0.0000     0.0798  11.54295767   -0.0130044    16.792     4.287
follow_aiub2       geo-0001:sv1-20210215-U-19-1       59261.058671 21-FEB-16 01:24:29.17      2.933280     8  18.30  18.40  42397.83867  0.0000000    3.0272   305.8673     0.0000   213.2745    -2.99      0.00499  0.0000000    0.0084     0.1066     0.0000     0.1065  10.41360799   -6.3429620    -8.283    -1.660
followfeb21        geo-0001:sv1-20210215-U-25-1       59261.128660 21-FEB-16 03:05:16.22      3.666240    11  17.60  17.70  48223.01954  0.0000000    4.6129    51.1873     0.0000   120.5700   -77.55      0.00371  0.0000000    0.0034     0.0695     0.0000     0.0693  11.25135427    0.2556159   -20.814     3.971
followfeb21        geo-0001:sv1-20210215-U-27-1       59261.145756 21-FEB-16 03:29:53.31      3.666240    10  19.60  19.70  51380.60712  0.0000000    5.6148    23.8039     0.0000   145.1800  -117.97      0.00503  0.0000000    0.0068     0.0477     0.0000     0.0474  11.10099594   -0.1106418   -29.711     3.203
followfeb21        geo-0002:sv1-20210215-U-27-1       59261.146265 21-FEB-16 03:30:37.29      0.732960     3  16.70  16.80  43066.99530  0.0000000   18.6411     1.0820     0.0000   167.9788   -11.55      0.05064  0.0000000    0.0998     0.0684     0.0000     0.0647  11.11141579   -0.1352225   -29.334     3.817
followfeb21        geo-0001:sv1-20210215-U-28-1       59261.150362 21-FEB-16 03:36:31.27      2.933280     9  18.20  18.30  44371.39588  0.0000000   14.8695   359.5293     0.0000   170.6989   -28.25      0.00584  0.0000000    0.0112     0.0073     0.0000     0.0070  11.14353792   -1.4407319   -29.953     2.377
followfeb21        geo-0001:sv1-20210215-U-29-1       59261.154646 21-FEB-16 03:42:41.41      2.566080     7  18.20  18.20  68430.79401  0.0000000    6.2842    18.1721     0.0000   146.1712  -336.21      0.00738  0.0000000    0.0073     0.0445     0.0000     0.0442  10.50467346    1.0244670   -37.531     3.494
followmar21        geo-0001:sv1-20210309-U-11-1       59282.977386 21-MAR-09 23:27:26.15      2.566080     8  16.50  16.50  41018.70385  0.0000000    7.7861   291.9928     0.0000   227.9331    14.67      0.00554  0.0000000    0.0077     0.0640     0.0000     0.0635  10.49065945  -11.2303048    -0.067    -5.772
followmar21        geo-0001:sv1-20210309-U-14-1       59283.009329 21-MAR-10 00:13:26.02      0.732960     3  18.30  18.30  52346.48054  0.0000000    8.4558   301.4986     0.0000   216.5159  -130.33      0.04254  0.0000000    0.0544     0.2746     0.0000     0.2716  10.32261082   -9.1619142   -13.545    -5.020
followmar21        geo-0001:sv1-20210309-U-16-1       59283.026135 21-MAR-10 00:37:38.06      0.732960     3  16.10  16.10  39763.22978  0.0000000   12.4649   309.7976     0.0000   210.0013    30.74      0.00991  0.0000000    0.0187     0.0505     0.0000     0.0493  10.35582496  -12.0942703   -18.117    -6.196
followmar21        geo-0002:sv1-20210309-U-16-1       59283.027409 21-MAR-10 00:39:28.13      1.833120     6  17.90  18.00  56512.12674  0.0000000    8.7654   277.1754     0.0000   241.8319  -183.65      0.00000  0.0000000    0.0000     0.0000     0.0000     0.0000  10.33537782  -11.5326052   -19.061    -7.721
followmar21        geo-0001:sv1-20210309-U-17-1       59283.030926 21-MAR-10 00:44:32.00      3.666240    11  17.00  17.10  51822.47904  0.0000000    8.4592   301.9393     0.0000   221.7506  -123.62      0.00222  0.0000000    0.0027     0.0163     0.0000     0.0161  10.54037305   -9.5919507   -15.678    -5.621
followmar21        geo-0002:sv1-20210309-U-17-1       59283.030926 21-MAR-10 00:44:32.00      1.467360     5  17.40  17.50  43330.45680  0.0000000   12.3938   319.7152     0.0000   204.1663   -14.92      0.01795  0.0000000    0.0323     0.0686     0.0000     0.0670  10.54117352  -10.1809683   -15.676    -5.041
followmar21        geo-0001:sv1-20210309-U-20-1       59283.062616 21-MAR-10 01:30:10.02      2.933280     8  17.50  17.50  43445.18688  0.0000000   12.4245   319.7079     0.0000   215.1327   -16.39      0.00440  0.0000000    0.0070     0.0234     0.0000     0.0229  11.37067102  -12.3726112   -16.292    -7.112
followmar21        geo-0001:sv1-20210309-U-32-1       59283.214955 21-MAR-10 05:09:32.11      3.666240    11  18.50  18.80  57349.14498  0.0000000   10.6985    37.4017     0.0000   174.5654  -194.36      0.00476  0.0000000    0.0068     0.0037     0.0000     0.0036  14.01076179   -2.1237219   -33.427     1.007
followmar21        geo-0002:sv1-20210309-U-32-1       59283.216992 21-MAR-10 05:12:28.10      0.732960     3  17.00  17.30  39217.96040  0.0000000    3.4802   165.8875     0.0000    47.1941    37.72      0.05245  0.0000000    0.0793     1.4141     0.0000     1.4116  14.01195399   -2.0847358   -33.195     2.553
followmar21        geo-0001:sv1-20210309-U-35-1       59283.248280 21-MAR-10 05:57:31.39      3.666240    11  16.80  17.00  63696.03944  0.0000000    5.9299   178.6778     0.0000    28.9932  -275.60      0.00575  0.0000000    0.0065     0.0351     0.0000     0.0350  13.38112693    0.1017994   -49.977     2.870
followmar21        geo-0002:sv1-20210309-U-35-1       59283.249808 21-MAR-10 05:59:43.41      0.367200     2  19.30  19.50  41640.84050  0.0000000    5.7229    79.3623     0.0000   129.7095     6.70      0.00000  0.0000000    0.0000     0.0000     0.0000     0.0000  13.38154218    0.1656523   -48.857     4.400
followmar21        geo-0001:sv1-20210311-U-10-1       59284.948319 21-MAR-11 22:45:34.76      2.566080     5  19.20  19.20  63379.02845  0.0000000   11.1136   314.6191     0.0000   203.4178  -271.55      0.01104  0.0000000    0.0131     0.0296     0.0000     0.0291  10.39199076   -7.4304288     6.436    -4.394
followmar21        geo-0001:sv1-20210311-U-26-1       59285.139240 21-MAR-12 03:20:30.33      3.666240    10  17.50  17.70  70725.96255  0.0000000   31.7016   323.3683     0.0000   188.8481  -365.59      0.00000  0.0000000    0.0000     0.0000     0.0000     0.0000   9.48273456   -7.2410499   -69.215    -4.636
followmar21        geo-0001:sv1-20210311-U-30-1       59285.180662 21-MAR-12 04:20:09.19      1.100160     4  18.00  18.20  39460.32129  0.0000000    7.1322   167.0980     0.0000    44.7057    34.61      0.01962  0.0000000    0.0308     0.2474     0.0000     0.2455  14.01500670    0.4351084   -23.499     5.011
followmar21        geo-0002:sv1-20210311-U-30-1       59285.182445 21-MAR-12 04:22:43.24      1.467360     5  17.60  17.80  44641.81058  0.0000000   11.2813    53.9677     0.0000   156.8405   -31.71      0.00633  0.0000000    0.0112     0.0245     0.0000     0.0240  14.00220345    0.3657274   -24.514     4.413
followmar21        geo-0001:sv1-20210311-U-32-1       59285.207331 21-MAR-12 04:58:33.39      1.467360     5  17.00  17.40  38984.37918  0.0000000   10.2306    57.4936     0.0000   162.0326    40.71      0.00383  0.0000000    0.0082     0.0151     0.0000     0.0148  14.33411161   -1.3030321   -24.914     3.141
followmar21        geo-0002:sv1-20210311-U-32-1       59285.207586 21-MAR-12 04:58:55.43      2.933280     9  17.60  17.90  44268.33441  0.0000000   11.3742    53.9723     0.0000   165.2167   -26.93      0.00224  0.0000000    0.0042     0.0056     0.0000     0.0055  14.32532699   -1.0957799   -25.333     2.884
follow_aiub2       geo-0002:sv1-20210311-U-33-1       59285.212701 21-MAR-12 05:06:17.36      1.833120     4  16.50  16.60  52953.45660  0.0000000   11.2298   247.8725     0.0000   312.2980  -138.10      0.01695  0.0000000    0.0180     0.1009     0.0000     0.0990  13.09408246  -12.3632531   -45.924    -8.282
followmar21        geo-0002:sv1-20210311-U-34-1       59285.216291 21-MAR-12 05:11:27.54      2.200320     7  16.70  17.10  39256.78726  0.0000000   10.2213    57.3005     0.0000   165.8440    37.22      0.00534  0.0000000    0.0116     0.0165     0.0000     0.0163  14.48129243   -2.1346174   -24.581     2.487
follow_aiub2       geo-0001:sv1-20210311-U-36-1       59285.242889 21-MAR-12 05:49:45.60      0.367200     2  17.30  17.80  25182.98302  0.0000000    8.2730   306.4383     0.0000   283.2643   217.36      0.00000  0.0000000    0.0000     0.0000     0.0000     0.0000  15.06437141  -18.3508971   -27.706    -8.051
followmar21        geo-0001:sv1-20210311-U-6-1        59284.912977 21-MAR-11 21:54:41.21      3.666240     9  18.60  18.60  72124.45975  0.0000000   10.3036   304.2800     0.0000   214.5462  -383.49      0.00743  0.0000000    0.0069     0.0267     0.0000     0.0263  10.45013613   -8.4314149    19.942    -5.821
followmar21        geo-0001:sv1-20210311-U-7-1        59284.917582 21-MAR-11 22:01:19.08      2.933280     9  17.70  17.70  42972.11206  0.0000000   12.0744   320.1210     0.0000   197.4427   -10.34      0.00428  0.0000000    0.0081     0.0125     0.0000     0.0123  10.47334901   -8.2752899    17.088    -3.595
follow_aiub2       geo-0004:sv1-20210312-U-3-1        59285.872492 21-MAR-12 20:56:23.30      0.367200     2  13.70  14.20  53685.26916  0.0000000   41.1692   107.4540     0.0000     8.8739  -147.47      0.00000  0.0000000    0.0000     0.0000     0.0000     0.0000   7.39315684    2.5517261   -10.664     5.828
follow_aiub2       geo-0001:sv1-20210414-U-11-1       59319.113671 21-APR-15 02:43:41.17      0.732960     3  15.30  15.40  42520.29255  0.0000000   13.6090   350.5990     0.0000   193.5110    -4.55      0.09569  0.0000000    0.1882     0.2003     0.0000     0.1923  11.51478437   -7.5333039   -60.666    -3.151
followapr21        geo-0002:sv1-20210414-U-17-1       59319.204201 21-APR-15 04:54:02.96      0.732960     3  20.50  20.60  51355.34668  0.0000000    2.1552   160.1437     0.0000    65.5537  -117.64      0.05155  0.0000000    0.0350     2.0460     0.0000     2.0446  14.47032073   -1.3150574   -51.408     1.962
followapr21        geo-0001:sv1-20210414-U-9-1        59319.097421 21-APR-15 02:20:17.17      4.033440    12  17.60  17.60  68922.68585  0.0000000    5.6998   277.5388     0.0000   301.8627  -342.50      0.00000  0.0000000    0.0000     0.0000     0.0000     0.0000  14.37182211   -7.5812788   -19.015    -4.839
followmay21        geo-0001:sv1-20210508-U-13-1       59343.024611 21-MAY-09 00:35:26.39      3.300480     9  17.70  17.80  64197.44198  0.0000000   23.9973    39.3080     0.0000   207.7062  -282.02      0.00836  0.0000000    0.0095     0.0123     0.0000     0.0112  16.29237002  -14.3808784     9.022   -10.900
followmay21        geo-0001:sv1-20210508-U-14-1       59343.028454 21-MAY-09 00:40:58.42      1.100160     4  18.20  18.30  54483.46450  0.0000000   13.4812   279.2753     0.0000   327.1809  -157.68      0.00000  0.0000000    0.0000     0.0000     0.0000     0.0000  16.40287667  -11.2408595     9.878    -7.259
followmay21        geo-0001:sv1-20210508-U-15-1       59343.033570 21-MAY-09 00:48:20.44      2.200320     6  17.90  18.00  43319.17444  0.0000000   16.0502    33.9559     0.0000   217.0026   -14.78      0.00796  0.0000000    0.0124     0.0342     0.0000     0.0330  16.55112794  -15.0738529    10.720    -9.579
followmay21        geo-0001:sv1-20210508-U-16-1       59343.037667 21-MAY-09 00:54:14.42      2.200320     5  17.30  17.40  43444.66722  0.0000000   16.0555    33.9057     0.0000   218.4838   -16.39      0.01150  0.0000000    0.0176     0.0509     0.0000     0.0490  17.00468389  -15.2832423    10.656    -9.910
followmay21        geo-0001:sv1-20210508-U-32-1       59343.215510 21-MAY-09 05:10:20.06      2.933280     8  15.80  16.00  42513.06015  0.0000000    1.6424    91.8924     0.0000   165.3723    -4.46      0.00384  0.0000000    0.0075     0.0682     0.0000     0.0681  16.51349019   -4.0447665   -47.557     0.415
followmay21        geo-0002:sv1-20210508-U-32-1       59343.216274 21-MAY-09 05:11:26.07      2.200320     7  14.00  14.10  42496.83390  0.0000000    1.6521    91.8585     0.0000   165.4963    -4.25      0.00819  0.0000000    0.0160     0.1446     0.0000     0.1444  16.51506891   -4.0454320   -47.743     0.414
follow_aiub2       geo-0001:sv1-20210509-U-10-1       59343.971808 21-MAY-09 23:19:24.21      1.100160     4  17.70  18.30  42599.82514  0.0000000    7.7467   293.1651     0.0000   232.7497    -5.57      0.00737  0.0000000    0.0089     0.0875     0.0000     0.0867  10.42567552  -11.1903726   -52.179    -6.159
followmay21        geo-0001:sv1-20210509-U-12-1       59343.990755 21-MAY-09 23:46:41.23      1.833120     6  16.70  16.80  40462.33505  0.0000000    6.3882    69.1076     0.0000   165.0695    21.79      0.00351  0.0000000    0.0073     0.0174     0.0000     0.0174  15.53097828   -2.5941951     9.586     1.643
followmay21        geo-0001:sv1-20210509-U-13-1       59343.995361 21-MAY-09 23:53:19.19      2.933280     7  18.40  18.90  42760.76248  0.0000000    7.8227   293.6831     0.0000   240.5728    -7.63      0.00431  0.0000000    0.0042     0.0553     0.0000     0.0548  11.16234966  -12.0013644   -52.317    -6.808
followmay21        geo-0001:sv1-20210509-U-14-1       59343.998948 21-MAY-09 23:58:29.10      2.566080     8  17.30  17.40  41823.90587  0.0000000   10.1259    48.8343     0.0000   160.5993     4.36      0.01489  0.0000000    0.0291     0.0581     0.0000     0.0572  13.58076317   -0.5439747   -17.924     3.348
followmay21        geo-0001:sv1-20210509-U-19-1       59344.045685 21-MAY-10 01:05:47.18      1.467360     5  18.20  18.30  48175.30970  0.0000000    7.9939     8.2766     0.0000   237.8781   -76.94      0.01201  0.0000000    0.0112     0.1279     0.0000     0.1267  16.33017624  -11.3241505     1.393    -6.764
followmay21        geo-0002:sv1-20210509-U-19-1       59344.046958 21-MAY-10 01:07:37.17      1.467360     5  19.50  19.60  45024.69585  0.0000000    7.9400   294.8921     0.0000   310.2275   -36.61      0.01416  0.0000000    0.0174     0.1475     0.0000     0.1461  16.31120631  -11.0808215     0.423    -6.054
followmay21        geo-0001:sv1-20210509-U-20-1       59344.050037 21-MAY-10 01:12:03.19      3.300480    10  17.50  17.50  52923.28546  0.0000000   21.7724    42.9838     0.0000   204.3518  -137.71      0.00216  0.0000000    0.0031     0.0038     0.0000     0.0036  16.30533599  -13.1853879    -0.298    -8.798
followmay21        geo-0001:sv1-20210509-U-22-1       59344.066983 21-MAY-10 01:36:27.33      2.200320     7  18.70  18.90  44603.14838  0.0000000    7.8351   295.1361     0.0000   316.5570   -31.21      0.00347  0.0000000    0.0048     0.0334     0.0000     0.0330  16.57125407  -10.2620361    -0.236    -5.379
followmay21        geo-0001:sv1-20210509-U-26-1       59344.110387 21-MAY-10 02:38:57.43      1.833120     3  20.60  20.60  62457.86739  0.0000000    9.6647   293.8522     0.0000   310.1067  -259.76      0.00971  0.0000000    0.0082     0.0575     0.0000     0.0567  16.14451848  -11.0423468   -23.502    -7.377
followmay21        geo-0002:sv1-20210509-U-28-1       59344.126311 21-MAY-10 03:01:53.27      0.367200     2  12.50  12.50  42891.65201  0.0000000   10.8096    34.9806     0.0000   209.8912    -9.31      0.00000  0.0000000    0.0000     0.0000     0.0000     0.0000  16.10152792  -10.4027944   -29.183    -5.363
followmay21        geo-0001:sv1-20210509-U-28-1       59344.126566 21-MAY-10 03:02:15.30      3.300480     9  18.70  18.70  64241.33205  0.0000000   11.4399   281.8520     0.0000   321.1145  -282.58      0.00000  0.0000000    0.0000     0.0000     0.0000     0.0000  16.08578490  -10.4142045   -30.179    -7.153
follow_aiub2       geo-0001:sv1-20210509-U-3-1        59343.903613 21-MAY-09 21:41:12.16      1.833120     5  18.70  18.70  48899.51407  0.0000000    9.4255   295.8829     0.0000   274.7119   -86.21      0.00656  0.0000000    0.0011     0.0685     0.0000     0.0676  14.19124836  -14.0725575    17.436    -9.393
followmay21        geo-0001:sv1-20210509-U-5-1        59343.921021 21-MAY-09 22:06:16.21      2.933280     7  18.50  18.60  47005.58893  0.0000000    9.1761   298.9533     0.0000   276.6853   -61.97      0.01551  0.0000000    0.0038     0.1730     0.0000     0.1708  14.39405843  -14.0257401    16.218    -9.113
followmay21        geo-0001:sv1-20210510-U-12-1       59344.984780 21-MAY-10 23:38:04.99      3.300480    10  17.50  17.60  50439.16999  0.0000000   17.3557    43.9004     0.0000   204.4071  -105.92      0.00426  0.0000000    0.0064     0.0100     0.0000     0.0095  16.47308719  -11.2202934    23.810    -7.081
followmay21        geo-0003:sv1-20210510-U-12-1       59344.985035 21-MAY-10 23:38:27.02      1.100160     4  16.40  16.50  25440.46345  0.0000000    3.0812   327.1086     0.0000   275.7903   214.07      0.02266  0.0000000    0.0118     1.5040     0.0000     1.5020  16.47389217  -11.4230787    19.307    -3.065
followmay21        geo-0001:sv1-20210510-U-20-1       59345.072837 21-MAY-11 01:44:53.11      2.200320     7  18.60  18.70  42350.40943  0.0000000    9.4045   271.8358     0.0000   337.3524    -2.38      0.00000  0.0000000    0.0000     0.0000     0.0000     0.0000  16.44281920   -8.4646455    -5.834    -3.607
followmay21        geo-0001:sv1-20210510-U-23-1       59345.101610 21-MAY-11 02:26:19.10      0.367200     2  19.00  19.00  57569.78735  0.0000000   33.4263    52.0388     0.0000   192.6691  -197.19      0.00000  0.0000000    0.0000     0.0000     0.0000     0.0000  16.07551565  -10.5620129   -23.018    -6.939
followmay21        geo-0001:sv1-20210510-U-24-1       59345.105707 21-MAY-11 02:32:13.08      3.666240    10  18.90  18.90  48813.79505  0.0000000    6.4154   286.6071     0.0000   320.7843   -85.11      0.00473  0.0000000    0.0064     0.0459     0.0000     0.0456  16.28462243   -8.3139016   -19.594    -4.051
followmay21        geo-0002:sv1-20210510-U-25-1       59345.111171 21-MAY-11 02:40:05.17      0.732960     3  18.60  18.70  47889.05494  0.0000000    6.0011   288.1514     0.0000   320.1470   -73.27      0.00878  0.0000000    0.0119     0.0947     0.0000     0.0942  16.31422078   -8.2316707   -20.681    -3.841
followmay21        geo-0003:sv1-20210510-U-25-1       59345.112445 21-MAY-11 02:41:55.24      2.200320     6  17.50  17.50  48245.41082  0.0000000    8.8470   273.7697     0.0000   333.9756   -77.84      0.00000  0.0000000    0.0000     0.0000     0.0000     0.0000  16.29295914   -8.2247606   -21.579    -3.869
followmay21        geo-0004:sv1-20210510-U-25-1       59345.112954 21-MAY-11 02:42:39.22      1.100160     4  14.60  14.70  30565.93116  0.0000000   12.9770   254.8704     0.0000   353.4902   148.46      0.03117  0.0000000    0.0926     0.0545     0.0000     0.0544  16.30013278   -8.3756272   -21.252    -1.459
followmay21        geo-0001:sv1-20210510-U-26-1       59345.115269 21-MAY-11 02:45:59.24      4.033440    12  17.90  17.90  78998.23931  0.0000000   20.5216    40.8575     0.0000   204.3740  -471.47      0.00977  0.0000000    0.0089     0.0117     0.0000     0.0109  16.12184537  -11.1433261   -26.763    -8.318
followmay21        geo-0002:sv1-20210510-U-26-1       59345.116287 21-MAY-11 02:47:27.19      1.833120     6  18.70  18.80  70241.23046  0.0000000    8.1775   319.1207     0.0000   284.3723  -359.38      0.02040  0.0000000    0.0059     0.1584     0.0000     0.1568  16.10497196  -11.1216827   -27.346    -7.920
followmay21        geo-0002:sv1-20210510-U-27-1       59345.119597 21-MAY-11 02:52:13.18      4.033440     8  19.70  19.80  69666.84687  0.0000000   14.6555    33.3913     0.0000   210.5581  -352.03      0.00909  0.0000000    0.0090     0.0213     0.0000     0.0206  16.08108115  -10.3930771   -29.049    -7.391
followmay21        geo-0001:sv1-20210510-U-28-1       59345.123693 21-MAY-11 02:58:07.07      3.666240    10  18.50  18.50  70187.23781  0.0000000    8.0690   322.2045     0.0000   282.5627  -358.69      0.01042  0.0000000    0.0027     0.0826     0.0000     0.0818  16.15213967  -11.0912004   -28.766    -7.875
followmay21        geo-0002:sv1-20210510-U-28-1       59345.123693 21-MAY-11 02:58:07.07      3.666240    10  17.90  18.00  77876.44739  0.0000000   20.5845    41.0794     0.0000   205.3588  -457.11      0.01155  0.0000000    0.0107     0.0145     0.0000     0.0136  16.16179905  -11.3845246   -28.648    -8.661
followmay21        geo-0001:sv1-20210510-U-30-1       59345.131888 21-MAY-11 03:09:55.12      3.666240    11  19.10  19.10  69892.99357  0.0000000    7.9861   324.4354     0.0000   281.7383  -354.92      0.00957  0.0000000    0.0023     0.0773     0.0000     0.0766  16.20233642  -11.0602048   -30.327    -7.818
followmay21        geo-0001:sv1-20210510-U-7-1        59344.947606 21-MAY-10 22:44:33.15      3.300480    10  18.20  18.30  49300.97187  0.0000000   11.0570    46.7689     0.0000   164.3321   -91.35      0.00553  0.0000000    0.0091     0.0132     0.0000     0.0130  14.14356295   -0.3622385     1.288     2.969
followmay21        geo-0001:sv1-20210511-U-12-1       59345.980211 21-MAY-11 23:31:30.23      1.467360     3  20.00  20.10  62508.66059  0.0000000    4.4927   337.3751     0.0000   268.3751  -260.41      0.02440  0.0000000    0.0015     0.4106     0.0000     0.4094  16.37075873   -7.4516050    22.900    -4.491
followmay21        geo-0001:sv1-20210511-U-14-1       59345.988463 21-MAY-11 23:43:23.20      3.666240    11  17.30  17.30  57514.55457  0.0000000    5.4440   287.3755     0.0000   316.7069  -196.48      0.00581  0.0000000    0.0061     0.0603     0.0000     0.0601  16.30515731   -7.1653100    18.388    -3.730
followmay21        geo-0001:sv1-20210511-U-17-1       59346.019398 21-MAY-12 00:27:55.98      3.300480     9  16.90  17.00  44365.44024  0.0000000    7.8073    29.0246     0.0000   217.5633   -28.17      0.00565  0.0000000    0.0086     0.0491     0.0000     0.0487  16.39450588   -9.4026650     9.339    -4.750
followmay21        geo-0001:sv1-20210511-U-18-1       59346.022986 21-MAY-12 00:33:05.99      3.666240    10  18.50  18.60  52718.82008  0.0000000    9.2630   268.5372     0.0000   337.2608  -135.10      0.00318  0.0000000    0.0047     0.0120     0.0000     0.0118  16.35297982   -7.3225799     7.779    -3.567
followmay21        geo-0001:sv1-20210511-U-21-1       59346.055431 21-MAY-12 01:19:49.23      4.033440    10  19.50  19.50  56502.45493  0.0000000    6.1123     9.0189     0.0000   236.9337  -183.53      0.00968  0.0000000    0.0077     0.1116     0.0000     0.1109  16.28427086   -9.0034326    -4.195    -5.119
followmay21        geo-0001:sv1-20210511-U-22-1       59346.059781 21-MAY-12 01:26:05.07      2.933280     9  18.30  18.40  43389.79797  0.0000000    3.5330   322.7901     0.0000   285.5427   -15.68      0.00257  0.0000000    0.0014     0.0791     0.0000     0.0790  16.41236610   -8.2345168    -3.208    -3.404
followmay21        geo-0001:sv1-20210511-U-23-1       59346.063627 21-MAY-12 01:31:37.37      3.666240    10  17.60  17.70  52233.36338  0.0000000    5.8439     5.1590     0.0000   238.7726  -128.88      0.00170  0.0000000    0.0014     0.0229     0.0000     0.0228  16.18508196   -9.1429606    -9.158    -4.995
followmay21        geo-0002:sv1-20210511-U-23-1       59346.063882 21-MAY-12 01:31:59.40      1.100160     4  16.20  16.20  42619.24376  0.0000000    6.4806   280.0245     0.0000   323.7648    -5.82      0.00000  0.0000000    0.0000     0.0000     0.0000     0.0000  16.20294714   -9.0014627    -9.085    -3.825
followmay21        geo-0003:sv1-20210511-U-23-1       59346.064901 21-MAY-12 01:33:27.44      1.100160     4  16.20  16.30  32934.33908  0.0000000    8.8930   257.6555     0.0000   345.5655   118.15      0.01337  0.0000000    0.0354     0.0605     0.0000     0.0597  16.19027772   -8.5412222   -10.029    -2.208
follow_aiub2       geo-0002:sv1-20210511-U-27-1       59346.112734 21-MAY-12 02:42:20.21      1.833120     6  18.90  19.00  41696.55717  0.0000000   11.0424   299.5192     0.0000   266.8461     5.99      0.00664  0.0000000    0.0011     0.0705     0.0000     0.0692  13.19416725  -16.2244661   -64.378   -11.025
followmay21        geo-0002:sv1-20210511-U-29-1       59346.132015 21-MAY-12 03:10:06.09      2.933280     8  18.60  18.60  41840.76121  0.0000000   11.0588   299.4160     0.0000   273.9982     4.14      0.00732  0.0000000    0.0015     0.0772     0.0000     0.0758  13.48359195  -16.2218175   -64.155   -11.032
followmay21        geo-0001:sv1-20210511-U-6-1        59345.937318 21-MAY-11 22:29:44.27      3.666240    11  18.80  18.90  51548.31471  0.0000000    9.8162   204.8837     0.0000    13.0593  -120.11      0.01610  0.0000000    0.0256     0.0366     0.0000     0.0359  14.43391132   -1.1613090    10.397     2.208
followmay21        geo-0002:sv1-20210511-U-9-1        59345.951647 21-MAY-11 22:50:22.30      0.732960     3  16.30  16.40  70578.48860  0.0000000    2.4058   109.3114     0.0000   112.5340  -363.70      0.02396  0.0000000    0.0106     0.6049     0.0000     0.6044  14.56056508   -0.1447113     9.329     2.222
followmay21        geo-0003:sv1-20210511-U-9-1        59345.951647 21-MAY-11 22:50:22.30      0.732960     3  18.30  18.30  52465.09203  0.0000000    8.8678   203.6790     0.0000    18.0688  -131.85      0.01155  0.0000000    0.0176     0.0378     0.0000     0.0373  14.57595450   -0.3658223     9.012     2.740
followaug21        geo-0001:sv1-20210805-U-12-1       59432.046012 21-AUG-06 01:06:15.43      2.933280     8  17.70  17.80  42762.49769  0.0000000   13.9231    13.4982     0.0000   327.2716    -7.65      0.00327  0.0000000    0.0055     0.0146     0.0000     0.0142  23.01456258  -12.5217190    10.178    -7.475
followaug21        geo-0001:sv1-20210805-U-13-1       59432.050106 21-AUG-06 01:12:09.15      2.933280     9  17.60  17.70  43139.73383  0.0000000   15.9971     5.3526     0.0000   332.6766   -12.48      0.00267  0.0000000    0.0047     0.0088     0.0000     0.0084  22.49036373  -12.3903544     6.099    -7.267
followaug21        geo-0002:sv1-20210805-U-13-1       59432.050361 21-AUG-06 01:12:31.19      2.933280     9  17.80  17.90  41155.51228  0.0000000    9.1309    27.0346     0.0000   311.3544    12.92      0.02560  0.0000000    0.0357     0.2520     0.0000     0.2487  22.48512123  -12.2808877     5.818    -6.841
followaug21        geo-0001:sv1-20210805-U-14-1       59432.053948 21-AUG-06 01:17:41.10      3.300480    10  18.10  18.10  47590.34541  0.0000000   18.1106     2.0299     0.0000   330.3299   -69.45      0.00326  0.0000000    0.0050     0.0091     0.0000     0.0087  22.22585433  -13.5508604    -0.633    -8.851
followaug21        geo-0001:sv1-20210805-U-15-1       59432.058808 21-AUG-06 01:24:41.01      2.200320     7  18.10  18.20  44040.73849  0.0000000    8.8034    33.4074     0.0000   308.2799   -24.02      0.01770  0.0000000    0.0214     0.1752     0.0000     0.1730  23.01007471  -12.0717163     6.035    -6.900
followaug21        geo-0002:sv1-20210805-U-15-1       59432.059062 21-AUG-06 01:25:02.95      1.100160     4  17.80  17.90  43162.07589  0.0000000   16.0281     5.3153     0.0000   335.8373   -12.77      0.01058  0.0000000    0.0192     0.0313     0.0000     0.0300  23.01074839  -11.4701738     5.915    -6.489
followaug21        geo-0001:sv1-20210805-U-17-1       59432.075244 21-AUG-06 01:48:21.08      2.933280     9  17.80  17.90  43128.81664  0.0000000   15.9830     5.3621     0.0000   341.4355   -12.34      0.00311  0.0000000    0.0059     0.0071     0.0000     0.0068  23.22493858  -10.0942706     5.552    -5.029
followaug21        geo-0001:sv1-20210805-U-18-1       59432.078831 21-AUG-06 01:53:30.99      3.666240    11  17.90  17.90  77674.41021  0.0000000   19.0104    12.9427     0.0000   316.4947  -454.53      0.00713  0.0000000    0.0053     0.0153     0.0000     0.0144  22.05373466  -16.1424081   -12.172   -12.959
followaug21        geo-0002:sv1-20210805-U-18-1       59432.079340 21-AUG-06 01:54:14.97      2.933280     8  19.90  19.90  65747.78689  0.0000000   24.7686     0.2056     0.0000   328.2818  -301.87      0.00000  0.0000000    0.0000     0.0000     0.0000     0.0000  22.05153621  -16.3746795   -12.490   -12.724
followaug21        geo-0001:sv1-20210805-U-20-1       59432.095081 21-AUG-06 02:16:54.99      3.666240    10  19.00  19.10  64816.31236  0.0000000   24.6879     0.1698     0.0000   331.2765  -289.94      0.00000  0.0000000    0.0000     0.0000     0.0000     0.0000  22.15201811  -15.2741799   -15.377   -11.580
followaug21        geo-0003:sv1-20210805-U-20-1       59432.097118 21-AUG-06 02:19:50.99      0.367200     2  19.10  19.10  68965.87176  0.0000000   42.4799   347.0834     0.0000   342.8991  -343.06      0.00000  0.0000000    0.0000     0.0000     0.0000     0.0000  22.17389117  -15.0435503   -15.513   -11.454
followaug21        geo-0002:sv1-20210805-U-20-1       59432.097118 21-AUG-06 02:19:50.99      0.732960     3  18.20  18.30  78634.36493  0.0000000   18.9182    13.3672     0.0000   318.7030  -466.81      0.11008  0.0000000    0.0834     0.2251     0.0000     0.2129  22.14450042  -15.3336842   -16.171   -12.355
followaug21        geo-0001:sv1-20210805-U-21-1       59432.099872 21-AUG-06 02:23:48.94      1.467360     5  17.10  17.10  30766.91028  0.0000000   16.3111   121.9791     0.0000   214.8128   145.89      0.02097  0.0000000    0.0505     0.1271     0.0000     0.1222  22.24173657  -17.4608392   -15.110    -9.227
followaug21        geo-0002:sv1-20210805-U-22-1       59432.104223 21-AUG-06 02:30:04.86      2.933280     8  17.60  17.60  39039.45487  0.0000000   25.9122   350.7722     0.0000   342.5833    40.00      0.00000  0.0000000    0.0000     0.0000     0.0000     0.0000  22.19391233  -13.4553281   -17.362    -7.516
followaug21        geo-0001:sv1-20210805-U-24-1       59432.112162 21-AUG-06 02:41:30.79      3.666240    10  18.10  18.10  79374.67771  0.0000000   18.7612    13.9008     0.0000   320.3076  -476.29      0.00576  0.0000000    0.0044     0.0114     0.0000     0.0107  22.22054898  -14.5938522   -19.506   -11.854
follow_aiub2       geo-0001:sv1-20210805-U-25-1       59432.120651 21-AUG-06 02:53:44.24      1.467360     5  17.10  17.20  39167.47932  0.0000000    7.5352   299.1693     0.0000     0.3710    38.36      0.00597  0.0000000    0.0131     0.0048     0.0000     0.0057  19.33341938   -4.4845843   -58.770     0.049
followaug21        geo-0001:sv1-20210805-U-27-1       59432.146553 21-AUG-06 03:31:02.17      2.566080     8  16.90  16.90  39546.15503  0.0000000    7.5732   299.5589     0.0000    10.3099    33.51      0.00449  0.0000000    0.0096     0.0141     0.0000     0.0142  20.15109796   -3.1935210   -57.877     1.352
followaug21        geo-0001:sv1-20210805-U-28-1       59432.150580 21-AUG-06 03:36:50.11      1.467360     5  17.40  17.60  42822.63304  0.0000000   10.8405   313.5707     0.0000    34.6423    -8.42      0.00955  0.0000000    0.0158     0.0587     0.0000     0.0576  23.08076550    2.2705392   -21.379     6.137
followaug21        geo-0002:sv1-20210805-U-28-1       59432.151089 21-AUG-06 03:37:34.08      1.467360     5  15.80  16.00  43075.45841  0.0000000    9.0040   301.8879     0.0000    45.9126   -11.66      0.01248  0.0000000    0.0174     0.1153     0.0000     0.1139  23.06429050    2.5032416   -21.850     6.454
followaug21        geo-0003:sv1-20210805-U-28-1       59432.151598 21-AUG-06 03:38:18.06      2.200320     7  18.00  18.20  62798.87759  0.0000000    7.0844   303.2262     0.0000    44.2428  -264.12      0.00795  0.0000000    0.0074     0.0587     0.0000     0.0583  23.06507564    2.2514922   -22.230     4.936
followaug21        geo-0001:sv1-20210805-U-29-1       59432.155186 21-AUG-06 03:43:28.07      2.566080     8  18.50  18.80  41629.41625  0.0000000    7.7203   294.8482     0.0000    58.0567     6.85      0.00540  0.0000000    0.0059     0.0714     0.0000     0.0708  23.29507735    2.4815132   -18.104     6.546
followaug21        geo-0001:sv1-20210805-U-30-1       59432.159282 21-AUG-06 03:49:21.96      2.933280     7  17.60  17.80  42834.96625  0.0000000   10.8308   313.5419     0.0000    37.7377    -8.58      0.00446  0.0000000    0.0071     0.0296     0.0000     0.0290  23.20164632    2.5931879   -21.471     6.604
followaug21        geo-0002:sv1-20210805-U-30-1       59432.160810 21-AUG-06 03:51:33.98      0.732960     3  15.90  16.20  43045.91104  0.0000000    8.9818   301.7269     0.0000    49.4766   -11.28      0.00309  0.0000000    0.0040     0.0303     0.0000     0.0299  23.20171539    3.1522868   -21.951     6.816
followaug21        geo-0001:sv1-20210805-U-31-1       59432.162873 21-AUG-06 03:54:32.22      2.200320     7  18.50  18.70  38239.20886  0.0000000    6.1748   238.3527     0.0000   114.8926    50.24      0.00755  0.0000000    0.0074     0.1463     0.0000     0.1455  23.31083202    1.1756893   -20.176     5.599
followaug21        geo-0002:sv1-20210805-U-31-1       59432.165164 21-AUG-06 03:57:50.16      0.367200     2  19.50  19.70  43870.22126  0.0000000   28.1156   343.6918     0.0000    10.9573   -21.83      0.00000  0.0000000    0.0000     0.0000     0.0000     0.0000  23.31024889    1.2418745   -20.994     5.139
followaug21        geo-0001:sv1-20210805-U-32-1       59432.166969 21-AUG-06 04:00:26.12      0.732960     3  17.80  18.10  45290.03977  0.0000000   10.7586   309.7745     0.0000    48.4093   -40.01      0.00191  0.0000000    0.0024     0.0145     0.0000     0.0142  23.50234245    4.5100207   -17.349     8.025
followaug21        geo-0002:sv1-20210805-U-32-1       59432.166969 21-AUG-06 04:00:26.12      2.200320     6  18.60  19.00  41593.13737  0.0000000   11.2039   307.3809     0.0000    50.5161     7.31      0.00495  0.0000000    0.0065     0.0413     0.0000     0.0405  23.48513544    5.1308230   -17.673     8.625
followaug21        geo-0003:sv1-20210805-U-32-1       59432.168751 21-AUG-06 04:03:00.08      1.100160     4  16.00  16.30  41747.21124  0.0000000   13.6507   320.9355     0.0000    37.5081     5.34      0.00290  0.0000000    0.0048     0.0157     0.0000     0.0152  23.49501944    4.4839196   -18.017     8.262
followaug21        geo-0001:sv1-20210805-U-33-1       59432.171321 21-AUG-06 04:06:42.13      3.300480    10  17.30  17.60  53840.82416  0.0000000   22.1049   327.7244     0.0000    25.2660  -149.46      0.00000  0.0000000    0.0000     0.0000     0.0000     0.0000  23.21227643    6.4627490   -25.255     9.243
follow_aiub2       geo-0001:sv1-20210805-U-36-1       59432.187050 21-AUG-06 04:29:21.12      1.465920     5  19.30  19.30  31406.51895  0.0000000    8.7322     5.2642     0.0000   323.6375   137.70      0.01390  0.0000000    0.0316     0.1521     0.0000     0.1507  21.28294679  -12.1132075   -53.056    -5.164
follow_aiub2       geo-0002:sv1-20210805-U-36-1       59432.187304 21-AUG-06 04:29:43.06      1.100160     3  19.90  19.90  37381.59579  0.0000000    7.6761    22.4857     0.0000   305.3854    61.22      0.01520  0.0000000    0.0205     0.2141     0.0000     0.2123  21.28328373  -12.0756384   -54.253    -6.252
follow_aiub2       geo-0004:sv1-20210805-U-36-1       59432.187559 21-AUG-06 04:30:05.09      0.367200     2   0.00   0.00  31641.50093  0.0000000    8.6256     6.1729     0.0000   322.9658   134.69      0.00000  0.0000000    0.0000     0.0000     0.0000     0.0000   0.00000000    0.0000000     0.000     0.000
followaug21        geo-0001:sv1-20210805-U-37-1       59432.190387 21-AUG-06 04:34:09.43      2.933280     9  17.00  17.40  42729.44529  0.0000000   10.8358   313.5172     0.0000    48.7492    -7.23      0.00454  0.0000000    0.0060     0.0370     0.0000     0.0364   0.03597900    4.4431010   -21.726     8.125
followaug21        geo-0002:sv1-20210805-U-37-1       59432.191660 21-AUG-06 04:35:59.42      1.100160     3  17.70  18.00  34113.43905  0.0000000   15.8656   328.3282     0.0000    34.8220   103.05      0.01291  0.0000000    0.0280     0.0718     0.0000     0.0691   0.04257307    4.4427581   -21.826     8.981
followaug21        geo-0003:sv1-20210805-U-37-1       59432.191914 21-AUG-06 04:36:21.36      0.732960     3  15.30  15.70  42963.08123  0.0000000    8.9391   301.2326     0.0000    60.8784   -10.22      0.00129  0.0000000    0.0013     0.0146     0.0000     0.0144   0.03569237    4.2316473   -22.220     7.802
followaug21        geo-0001:sv1-20210805-U-39-1       59432.202525 21-AUG-06 04:51:38.16      3.300480    10  17.70  18.20  45033.94178  0.0000000   10.7780   309.7285     0.0000    60.0183   -36.73      0.00409  0.0000000    0.0039     0.0362     0.0000     0.0356   0.36115527    6.1913259   -18.560     9.322
followaug21        geo-0002:sv1-20210805-U-39-1       59432.203799 21-AUG-06 04:53:28.23      1.465920     3  19.40  19.90  38186.50499  0.0000000   17.9152   338.2933     0.0000    32.5697    50.92      0.01177  0.0000000    0.0229     0.0481     0.0000     0.0458   0.36586325    5.5549752   -18.738     9.532
followaug21        geo-0001:sv1-20210805-U-40-1       59432.206877 21-AUG-06 04:57:54.17      1.467360     5  16.20  16.20  30715.40543  0.0000000    8.9658     3.3983     0.0000   337.0033   146.55      0.00623  0.0000000    0.0166     0.0453     0.0000     0.0450  22.16202787  -10.3440332   -48.780    -3.491
followaug21        geo-0001:sv1-20210805-U-42-1       59432.223266 21-AUG-06 05:21:30.18      2.566080     8  16.00  16.70  41720.85656  0.0000000   13.7190   321.2005     0.0000    57.2349     5.68      0.00257  0.0000000    0.0029     0.0191     0.0000     0.0185   1.10090380    8.3516930   -17.674    11.504
followaug21        geo-0001:sv1-20210806-U-18-1       59433.068360 21-AUG-07 01:38:26.30      3.666240    11  16.20  16.30  49265.71342  0.0000000   14.3927   126.0250     0.0000   211.3825   -90.90      0.02667  0.0000000    0.0387     0.0963     0.0000     0.0934  22.33038095  -12.1135872    -3.816    -7.437
followaug21        geo-0001:sv1-20210806-U-21-1       59433.088706 21-AUG-07 02:07:44.19      0.732960     3  16.30  16.40  48130.58525  0.0000000   10.8075    92.5216     0.0000   240.8887   -76.37      0.01333  0.0000000    0.0114     0.1084     0.0000     0.1065  22.12567484  -14.3422163   -14.789    -9.429
followaug21        geo-0002:sv1-20210806-U-21-1       59433.088706 21-AUG-07 02:07:44.19      3.666240    10  19.00  19.00  56612.40506  0.0000000   15.8146   114.1922     0.0000   219.4106  -184.93      0.01011  0.0000000    0.0113     0.0345     0.0000     0.0332  22.10463351  -14.1850109   -15.239    -9.963
follow_aiub2       geo-0004:sv1-20210806-U-26-1       59433.145998 21-AUG-07 03:30:14.22      1.467360     5  11.90  12.00  42181.22977  0.0000000    0.1373    61.8077     0.0000   241.1790    -0.21      0.02107  0.0000000    0.0206    15.6809     0.0000    15.6808  19.46516050   -4.3323315   -65.456    -0.120
followaug21        geo-0001:sv1-20210806-U-27-1       59433.154493 21-AUG-07 03:42:28.19      1.833120     6  15.60  15.80  42993.44629  0.0000000    8.9420   301.3886     0.0000    52.0907   -10.61      0.00391  0.0000000    0.0048     0.0400     0.0000     0.0396  23.31353772    3.3104143   -18.371     7.044
followaug21        geo-0002:sv1-20210806-U-27-1       59433.154493 21-AUG-07 03:42:28.19      2.933280     9  16.40  16.70  41236.43574  0.0000000   11.1088   312.8222     0.0000    40.7315    11.88      0.00543  0.0000000    0.0086     0.0391     0.0000     0.0384  23.30590000    3.3300410   -18.491     7.222
followaug21        geo-0001:sv1-20210806-U-30-1       59433.167293 21-AUG-07 04:00:54.11      2.566080     8  18.00  18.30  43008.15602  0.0000000   10.3446   308.4404     0.0000    48.0085   -10.80      0.00375  0.0000000    0.0050     0.0313     0.0000     0.0308  23.41528792    4.1430567   -20.149     7.670
followaug21        geo-0001:sv1-20210806-U-31-1       59433.170881 21-AUG-07 04:06:04.11      1.100160     4  18.50  18.80  42069.82570  0.0000000    8.6110   298.3539     0.0000    58.1390     1.21      0.00561  0.0000000    0.0061     0.0657     0.0000     0.0649  23.42024172    3.4347092   -21.224     7.306
followaug21        geo-0002:sv1-20210806-U-31-1       59433.171390 21-AUG-07 04:06:48.09      2.933280     9  17.40  17.70  42787.43999  0.0000000   10.8267   313.5075     0.0000    42.8359    -7.97      0.00364  0.0000000    0.0054     0.0268     0.0000     0.0264  23.40165282    3.5006752   -21.779     7.337
followaug21        geo-0001:sv1-20210806-U-34-1       59433.190986 21-AUG-07 04:35:01.19      2.933280     9  16.40  16.80  41918.68529  0.0000000    7.8124   293.6423     0.0000    73.9167     3.15      0.00294  0.0000000    0.0017     0.0431     0.0000     0.0427   0.29221528    3.5651845   -17.267     7.505
followaug21        geo-0001:sv1-20210806-U-35-1       59433.194319 21-AUG-07 04:39:49.16      3.300480    10  17.80  18.20  45187.51256  0.0000000   10.7766   309.8208     0.0000    55.8597   -38.69      0.00402  0.0000000    0.0042     0.0339     0.0000     0.0333   0.18349717    5.5053092   -20.681     8.903
followaug21        geo-0002:sv1-20210806-U-35-1       59433.194829 21-AUG-07 04:40:33.22      0.732960     3  17.90  18.30  42828.47710  0.0000000   10.3206   308.0974     0.0000    58.0211    -8.50      0.00524  0.0000000    0.0056     0.0502     0.0000     0.0494   0.20357854    5.2756478   -20.373     8.741
followaug21        geo-0001:sv1-20210806-U-36-1       59433.198417 21-AUG-07 04:45:43.22      2.933280     9  18.00  18.40  42846.42802  0.0000000   10.3569   308.4371     0.0000    58.9505    -8.73      0.00365  0.0000000    0.0038     0.0352     0.0000     0.0347   0.25405981    5.3618584   -20.395     8.860
followaug21        geo-0001:sv1-20210806-U-38-1       59433.207306 21-AUG-07 04:58:31.23      2.933280     9  15.70  16.00  55428.29291  0.0000000   10.6045   189.7096     0.0000   174.1689  -169.78      0.00362  0.0000000    0.0054     0.0031     0.0000     0.0031   0.11305441   -2.1457496   -26.597     1.071
followaug21        geo-0001:sv1-20210806-U-41-1       59433.220106 21-AUG-07 05:16:57.15      2.933280     9  17.60  18.20  42709.81407  0.0000000   10.3559   308.3082     0.0000    66.7386    -6.98      0.00372  0.0000000    0.0029     0.0387     0.0000     0.0380   0.56325596    6.2030830   -20.492     9.506
followaug21        geo-0001:sv1-20210807-U-10-1       59433.986752 21-AUG-07 23:40:55.37      2.566080     7  18.30  18.40  54550.93961  0.0000000    9.1773    84.0755     0.0000   252.5904  -158.55      0.01499  0.0000000    0.0069     0.1371     0.0000     0.1353  22.42532325  -12.4657302    24.511    -8.753
followaug21        geo-0001:sv1-20210807-U-12-1       59434.003951 21-AUG-08 00:05:41.36      1.833120     6  18.20  18.20  47853.43249  0.0000000   18.9428    64.9768     0.0000   264.2911   -72.82      0.02347  0.0000000    0.0048     0.1253     0.0000     0.1185  22.10320511  -24.3350628    10.791   -18.845
followaug21        geo-0001:sv1-20210807-U-13-1       59434.007794 21-AUG-08 00:11:13.40      3.666240    11  17.80  17.80  54308.67091  0.0000000   22.3396   351.1761     0.0000   341.9106  -155.45      0.00709  0.0000000    0.0104     0.0089     0.0000     0.0082  22.31105558  -10.4922168    14.826    -6.778
followaug21        geo-0001:sv1-20210807-U-14-1       59434.012146 21-AUG-08 00:17:29.41      3.300480    10  18.00  18.10  48224.68695  0.0000000   23.1020   348.1362     0.0000   343.8540   -77.57      0.00348  0.0000000    0.0059     0.0043     0.0000     0.0040  22.27206595  -10.5112506    12.115    -6.264
followaug21        geo-0001:sv1-20210807-U-22-1       59434.087285 21-AUG-08 02:05:41.42      3.300480     9  19.10  19.10  47956.79574  0.0000000    8.4699    46.0384     0.0000   287.9447   -74.14      0.00498  0.0000000    0.0028     0.0562     0.0000     0.0556  22.18071049  -13.0402187   -14.066    -8.055
followaug21        geo-0001:sv1-20210807-U-28-1       59434.166264 21-AUG-08 03:59:25.20      2.933280     9  17.80  18.10  42338.02523  0.0000000    7.7006   298.2296     0.0000    59.3029    -2.22      0.00289  0.0000000    0.0030     0.0381     0.0000     0.0378  23.47346043    2.5730276   -19.440     6.616
followaug21        geo-0002:sv1-20210807-U-29-1       59434.176426 21-AUG-08 04:14:03.20      2.566080     8  17.20  17.50  42757.75891  0.0000000   10.8231   313.4811     0.0000    45.4331    -7.59      0.00294  0.0000000    0.0042     0.0227     0.0000     0.0223  23.50243866    4.1415935   -22.013     7.688
followaug21        geo-0003:sv1-20210807-U-29-1       59434.177190 21-AUG-08 04:15:09.21      1.833120     5  18.50  18.80  42079.49137  0.0000000    8.5817   298.0534     0.0000    60.7904     1.09      0.00483  0.0000000    0.0048     0.0583     0.0000     0.0577  23.50572957    3.5610076   -22.120     7.484
followaug21        geo-0001:sv1-20210807-U-30-1       59434.181796 21-AUG-08 04:21:47.17      1.100160     4  19.60  19.90  38025.77345  0.0000000    3.3271   264.3068     0.0000    96.1030    52.98      0.01079  0.0000000    0.0030     0.4273     0.0000     0.4266  23.58065741   -1.2503800   -21.931     3.308
followaug21        geo-0001:sv1-20210807-U-31-1       59434.184875 21-AUG-08 04:26:13.20      2.566080     8  12.80  13.10  52244.56159  0.0000000   11.1803   194.7644     0.0000   171.3945  -129.02      0.00331  0.0000000    0.0053     0.0042     0.0000     0.0041   0.25065887   -1.4907505   -17.143     1.663
followaug21        geo-0001:sv1-20210807-U-36-1       59434.205164 21-AUG-08 04:55:26.16      3.300480     9  17.70  18.10  45149.99898  0.0000000   10.7671   309.7262     0.0000    58.0986   -38.21      0.00483  0.0000000    0.0048     0.0419     0.0000     0.0412   0.25391752    6.0549355   -23.421     9.126
followaug21        geo-0001:sv1-20210807-U-37-1       59434.210025 21-AUG-08 05:02:26.16      1.467360     5   9.70  10.20  41103.90490  0.0000000   18.0292   358.3798     0.0000    13.7659    13.58      0.03597  0.0000000    0.0740     0.0606     0.0000     0.0579   0.43166299    0.0302115   -21.048     4.224
followaug21        geo-0002:sv1-20210807-U-37-1       59434.211299 21-AUG-08 05:04:16.23      1.100160     4  16.20  16.70  51022.77104  0.0000000   11.1254   206.2825     0.0000   164.8604  -113.39      0.02058  0.0000000    0.0328     0.0463     0.0000     0.0455   0.43172298   -0.3210041   -21.587     2.889
followaug21        geo-0001:sv1-20210807-U-38-1       59434.213359 21-AUG-08 05:07:14.21      2.933280     9  17.90  18.30  42861.44012  0.0000000   10.3422   308.3374     0.0000    58.6409    -8.92      0.00403  0.0000000    0.0042     0.0388     0.0000     0.0382   0.19557100    5.3237745   -27.185     8.818
followaug21        geo-0001:sv1-20210807-U-42-1       59434.229748 21-AUG-08 05:30:50.22      2.566080     8  18.30  18.80  42765.99836  0.0000000   10.3546   308.3871     0.0000    64.3773    -7.70      0.00563  0.0000000    0.0049     0.0573     0.0000     0.0563   0.43120981    6.0721165   -27.265     9.327
followaug21        geo-0001:sv1-20210808-U-11-1       59435.024052 21-AUG-09 00:34:38.09      2.933280     9  19.20  19.20  56211.53878  0.0000000    6.9078    55.3236     0.0000   280.8135  -179.80      0.01557  0.0000000    0.0045     0.1869     0.0000     0.1855  22.36119352  -10.4406680     9.821    -6.785
follow_aiub2       geo-0001:sv1-20210808-U-16-1       59435.083162 21-AUG-09 01:59:45.19      1.100160     4  12.50  12.60  43696.72770  0.0000000   15.4877   345.1307     0.0000   319.6714   -19.61      0.00652  0.0000000    0.0097     0.0307     0.0000     0.0296  20.08575419  -15.3022995   -41.887    -9.952
followaug21        geo-0001:sv1-20210808-U-29-1       59435.210419 21-AUG-09 05:03:00.20      2.200320     7  18.00  18.20  45656.10890  0.0000000    9.5262   196.6254     0.0000   165.0515   -44.69      0.01182  0.0000000    0.0214     0.0347     0.0000     0.0341  23.59116243   -1.2928358   -31.795     2.447
followaug21        geo-0002:sv1-20210808-U-29-1       59435.211183 21-AUG-09 05:04:06.21      2.566080     6  18.70  19.00  46397.88047  0.0000000    9.0767   196.1078     0.0000   165.5370   -54.19      0.02021  0.0000000    0.0360     0.0592     0.0000     0.0583  23.58569197   -1.3758280   -32.127     2.258
followaug21        geo-0002:sv1-20210808-U-30-1       59435.215720 21-AUG-09 05:10:38.20      2.933280     9  18.00  18.30  41836.12315  0.0000000    9.3972   303.0491     0.0000    60.9620     4.20      0.00313  0.0000000    0.0031     0.0349     0.0000     0.0344   0.05235070    4.4332603   -31.902     8.207
followaug21        geo-0001:sv1-20210808-U-7-1        59434.989910 21-AUG-08 23:45:28.22      1.833120     6  17.30  17.40  41934.27347  0.0000000    5.2021    67.0265     0.0000   270.2451     2.95      0.01649  0.0000000    0.0020     0.3709     0.0000     0.3694  22.51071993  -10.1503169    23.204    -5.202
followaug21        geo-0001:sv1-20210808-U-8-1        59434.994006 21-AUG-08 23:51:22.11      3.300480    10  18.10  18.20  51124.48410  0.0000000   13.1212   123.4906     0.0000   211.4263  -114.69      0.02200  0.0000000    0.0307     0.0836     0.0000     0.0815  22.33086887  -11.0350193    18.699    -6.798
followsep21        geo-0001:sv1-20210907-U-20-1       59465.138093 21-SEP-08 03:18:51.23      3.300480     8  17.30  17.30  47690.13487  0.0000000    8.5819    61.7742     0.0000   308.4438   -70.73      0.01369  0.0000000    0.0152     0.1265     0.0000     0.1250   0.36533484  -11.3443360   -26.597    -6.712
followsep21        geo-0001:sv1-20210907-U-25-1       59465.200688 21-SEP-08 04:48:59.44      3.300480     9  18.50  18.60  44598.24348  0.0000000    9.6394   303.0087     0.0000    75.3114   -31.15      0.00255  0.0000000    0.0012     0.0284     0.0000     0.0280   0.58359725    6.1116303   -41.607     9.322
followsep21        geo-0002:sv1-20210907-U-25-1       59465.200688 21-SEP-08 04:48:59.44      2.200320     4  18.00  18.20  42634.04146  0.0000000   10.3915   309.6143     0.0000    69.1158    -6.01      0.00420  0.0000000    0.0030     0.0442     0.0000     0.0435   0.59112501    6.2733156   -41.313     9.702
followsep21        geo-0001:sv1-20210907-U-26-1       59465.205294 21-SEP-08 04:55:37.40      2.566080     7  18.60  18.80  42197.06374  0.0000000   10.7578   312.6683     0.0000    68.2798    -0.42      0.00458  0.0000000    0.0034     0.0468     0.0000     0.0460   1.08014061    6.4459697   -40.792     9.986
followsep21        geo-0002:sv1-20210907-U-26-1       59465.206822 21-SEP-08 04:57:49.42      1.100160     4  18.00  18.20  42605.97553  0.0000000   10.4173   309.9964     0.0000    70.9210    -5.65      0.02068  0.0000000    0.0137     0.2194     0.0000     0.2158   1.08001434    6.3648415   -41.319     9.839
followsep21        geo-0001:sv1-20210907-U-27-1       59465.208882 21-SEP-08 05:00:47.40      1.100160     4  18.30  18.40  42220.89848  0.0000000   10.7492   312.5698     0.0000    69.6682    -0.72      0.00855  0.0000000    0.0061     0.0882     0.0000     0.0866   1.13163023    6.5103139   -40.779    10.072
followsep21        geo-0002:sv1-20210907-U-27-1       59465.209137 21-SEP-08 05:01:09.43      2.933280     8  18.00  18.20  42598.66585  0.0000000   10.3978   309.6679     0.0000    72.0669    -5.56      0.00399  0.0000000    0.0025     0.0427     0.0000     0.0420   1.11199141    6.4003516   -41.321     9.887
followsep21        geo-0001:sv1-20210907-U-29-1       59465.234204 21-SEP-08 05:37:15.22      2.933280     8  17.40  17.50  43609.68107  0.0000000   10.2503   306.3372     0.0000    68.7065   -18.50      0.00353  0.0000000    0.0025     0.0365     0.0000     0.0359   0.37275923    6.1232186   -57.095     9.544
followsep21        geo-0001:sv1-20210907-U-30-1       59465.238556 21-SEP-08 05:43:31.23      2.566080     8  17.70  17.80  41995.99450  0.0000000   11.7695   316.2739     0.0000    62.6825     2.16      0.00340  0.0000000    0.0032     0.0305     0.0000     0.0299   0.52189653    7.0543874   -54.939    10.441
followsep21        geo-0002:sv2-20210908-U-15-1       59466.083324 21-SEP-09 01:59:59.19      2.933280     8  17.30  17.40  44454.78063  0.0000000    9.7746    37.9194     0.0000   330.9500   -29.32      0.00297  0.0000000    0.0050     0.0162     0.0000     0.0159   0.41202787   -9.4523438    -9.121    -4.729
followsep21        geo-0001:sv2-20210908-U-26-1       59466.192722 21-SEP-09 04:37:31.18      0.367200     2  17.90  18.00  50910.47871  0.0000000   16.4365   338.5942     0.0000    44.2869  -111.95      0.00000  0.0000000    0.0000     0.0000     0.0000     0.0000   1.17111931    8.5917782   -36.149    11.395
followsep21        geo-0001:sv2-20210908-U-29-1       59466.213509 21-SEP-09 05:07:27.17      2.200320     6  19.00  19.20  42181.16384  0.0000000   10.7517   312.5363     0.0000    73.9531    -0.21      0.00721  0.0000000    0.0040     0.0764     0.0000     0.0750   1.31246435    7.0916002   -39.122    10.328
followsep21        geo-0001:sv2-20210908-U-30-1       59466.217352 21-SEP-09 05:12:59.21      2.933280     7  17.90  18.10  42577.74469  0.0000000   10.3988   309.6407     0.0000    76.7661    -5.29      0.00336  0.0000000    0.0015     0.0368     0.0000     0.0362   1.30417427    6.5614571   -40.533    10.120
follow_aiub2       geo-0001:sv1-20210909-U-15-1       59467.034181 21-SEP-10 00:49:13.23      2.200320     7  16.80  16.90  44892.46580  0.0000000    5.0726    64.8363     0.0000   293.5865   -34.92      0.01119  0.0000000    0.0086     0.2195     0.0000     0.2186   0.01473028   -9.3449772    -3.085    -4.648
followsep21        geo-0001:sv1-20210909-U-17-1       59467.050927 21-SEP-10 01:13:20.09      2.566080     8  17.10  17.20  43403.07770  0.0000000    4.9009    64.3505     0.0000   299.6394   -15.85      0.00495  0.0000000    0.0049     0.0991     0.0000     0.0987   0.24073171   -9.2007540    -3.556    -4.258
followsep21        geo-0001:sv1-20210909-U-25-1       59467.138107 21-SEP-10 03:18:52.44      3.300480    10  17.70  17.80  59330.67028  0.0000000    8.9635    36.2401     0.0000   330.4823  -219.73      0.00175  0.0000000    0.0021     0.0076     0.0000     0.0075   0.21462226   -7.5948607   -32.083    -4.403
followsep21        geo-0001:sv1-20210909-U-30-1       59467.198499 21-SEP-10 04:45:50.31      2.566080     6  18.80  19.00  42219.68896  0.0000000   10.7615   312.7509     0.0000    70.9052    -0.71      0.00576  0.0000000    0.0038     0.0598     0.0000     0.0588   1.20474408    6.5851372   -37.568    10.163
followsep21        geo-0002:sv1-20210909-U-30-1       59467.199772 21-SEP-10 04:47:40.30      1.100160     3  18.10  18.30  45156.06052  0.0000000   28.3374     4.6445     0.0000    20.8538   -38.29      0.02861  0.0000000    0.0510     0.0413     0.0000     0.0366   1.20464056    6.4303967   -38.186     9.728
followsep21        geo-0001:sv1-20210909-U-31-1       59467.202342 21-SEP-10 04:51:22.34      2.933280     8  18.30  18.40  42670.04203  0.0000000   10.3673   309.1501     0.0000    73.6558    -6.47      0.00269  0.0000000    0.0015     0.0291     0.0000     0.0286   1.16353022    6.4505155   -39.745     9.944
followsep21        geo-0001:sv1-20210909-U-33-1       59467.230269 21-SEP-10 05:31:35.24      1.833120     6  16.30  16.60  43035.61061  0.0000000   28.7346     4.9006     0.0000    31.1108   -11.15      0.00000  0.0000000    0.0000     0.0000     0.0000     0.0000   1.57302935   11.5236617   -39.588    14.383
followsep21        geo-0002:sv1-20210909-U-34-1       59467.235383 21-SEP-10 05:38:57.09      2.200320     7  17.30  17.40  38019.41388  0.0000000   12.9344   321.1662     0.0000    57.1092    53.06      0.00696  0.0000000    0.0086     0.0601     0.0000     0.0586   0.45308420    7.0649939   -56.621    10.833
followsep21        geo-0001:sv1-20210909-U-4-1        59466.912748 21-SEP-09 21:54:21.42      2.933280     9  18.10  18.10  41635.95238  0.0000000   15.7095   315.3737     0.0000    30.0282     6.77      0.00258  0.0000000    0.0046     0.0102     0.0000     0.0097  23.21377242    4.0230029    26.711     7.787
followsep21        geo-0001:sv1-20210909-U-8-1        59466.957677 21-SEP-09 22:59:03.29      2.566080     7  18.80  18.80  41848.48639  0.0000000   12.3214   313.8747     0.0000    30.3190     4.04      0.00307  0.0000000    0.0055     0.0153     0.0000     0.0149  23.10065190    2.2131710     9.641     6.184
followsep21        geo-0002:sv1-20210909-U-8-1        59466.957932 21-SEP-09 22:59:25.32      2.933280     8  17.20  17.20  43355.60962  0.0000000   10.1873   307.7430     0.0000    36.4248   -15.25      0.00426  0.0000000    0.0068     0.0288     0.0000     0.0283  23.09586271    2.1958561     9.668     6.028
followsep21        geo-0001:sv1-20210910-U-15-1       59468.018508 21-SEP-11 00:26:39.09      1.467360     5  20.10  20.20  60902.97322  0.0000000    8.8754    30.7359     0.0000   338.4823  -239.85      0.01799  0.0000000    0.0226     0.0578     0.0000     0.0571   0.49056131   -6.3400283    12.534    -3.244
followsep21        geo-0001:sv1-20210910-U-25-1       59468.130802 21-SEP-11 03:08:21.29      2.933280     8  17.20  17.20  43030.54328  0.0000000    2.2796    90.9243     0.0000   280.1288   -11.09      0.00452  0.0000000    0.0017     0.2229     0.0000     0.2227   0.38305472   -7.0721670   -26.394    -2.244
followsep21        geo-0001:sv1-20210910-U-26-1       59468.134644 21-SEP-11 03:13:53.24      3.666240    10  16.60  16.70  54441.48806  0.0000000   13.2968   168.5881     0.0000   198.7256  -157.15      0.00980  0.0000000    0.0142     0.0214     0.0000     0.0208   0.20280295   -8.1002374   -31.996    -4.234
follow_aiub2       geo-0001:sv1-20210910-U-31-1       59468.237722 21-SEP-11 05:42:19.18      0.367200     2  11.90  11.90  25967.79350  0.0000000   65.0213    12.7321     0.0000   358.8219   207.32      0.00000  0.0000000    0.0000     0.0000     0.0000     0.0000   0.06492052   -8.4813674   -63.817    -1.068
followsep21        geo-0001:sv1-20210910-U-6-1        59467.935477 21-SEP-10 22:27:05.21      2.566080     8  19.10  19.10  41172.74805  0.0000000    7.2420   305.4028     0.0000    37.4151    12.69      0.01388  0.0000000    0.0231     0.1425     0.0000     0.1412  23.09220936    0.1431106    15.651     4.393
followsep21        geo-0003:sv1-20210910-U-6-1        59467.937769 21-SEP-10 22:30:23.24      0.367200     2  19.10  19.10  34877.99964  0.0000000    8.8148   194.1463     0.0000   147.4045    93.27      0.00000  0.0000000    0.0000     0.0000     0.0000     0.0000  23.09267090   -0.1343115    14.086     4.735
followsep21        geo-0001:sv1-20210910-U-8-1        59467.944182 21-SEP-10 22:39:37.32      2.200320     6  18.10  18.10  41177.33100  0.0000000    7.2591   305.5198     0.0000    40.5555    12.64      0.00312  0.0000000    0.0050     0.0341     0.0000     0.0338  23.22261648    0.3614633    15.760     4.712
followsep21        geo-0002:sv1-20210911-U-24-1       59469.172365 21-SEP-12 04:08:12.33      2.933280     8  18.20  18.40  42540.66662  0.0000000   10.7495   312.8972     0.0000    71.9802    -4.81      0.00400  0.0000000    0.0025     0.0416     0.0000     0.0408   1.30545846    7.0729956   -28.868    10.216
followsep21        geo-0001:sv1-20210911-U-25-1       59469.180639 21-SEP-12 04:20:07.20      2.566080     5  18.70  18.90  42199.65086  0.0000000   10.7541   312.6042     0.0000    69.7628    -0.45      0.00739  0.0000000    0.0052     0.0764     0.0000     0.0751   1.17234203    6.5437610   -34.396    10.083
followsep21        geo-0001:sv1-20210911-U-26-1       59469.184736 21-SEP-12 04:26:01.19      2.566080     6  17.90  18.00  42698.71531  0.0000000   10.3964   309.6848     0.0000    70.3745    -6.84      0.00359  0.0000000    0.0024     0.0380     0.0000     0.0374   1.06186541    6.3509502   -38.153     9.786
