Campaign           Name                              Osc_epoch     Date      Time        arcl [min]    # obs mag_c   mag_u  a(km)        e          i(dg)     raan(dg)   w(dg)      s(dg)      dn(dg/d) da(km)       de         di(dg)    draan(dg)  dw(dg)     ds(dg)     R.A.(h)      Decl.(dg)    lon(dg)   lat(dg)  
svyfeb21_gto105    geo-0001:sv1-20210212-S-11-1A      59257.982137 21-FEB-12 23:34:16.63      1.533600     3  19.60  19.60  60909.20822  0.0000000   31.0901   356.8838     0.0000   165.0895  -239.93      0.07337  0.0000000    0.0975     0.0499     0.0000     0.0434  11.12016274    5.0827534    27.235     7.636
svyfeb21           geo-0001:sv1-20210212-S-28-1A      59258.144924 21-FEB-13 03:28:41.43      2.933280     5  14.00  14.60  42604.62016  0.0000000    9.2699    45.0424     0.0000   156.2256    -5.63      0.01853  0.0000000    0.0344     0.0929     0.0000     0.0919  13.39298197   -0.2308791     5.978     3.723
svyfeb21           geo-0004:sv1-20210212-S-28-1A      59258.156637 21-FEB-13 03:45:33.43      1.467360     3  20.10  20.60  42564.46709  0.0000000   18.3566    32.2081     0.0000   169.2529    -5.12      0.04749  0.0000000    0.0946     0.0573     0.0000     0.0556  13.39138931   -0.4755580     2.201     3.367
svyfeb21           geo-0003:sv1-20210212-S-28-1B      59258.146706 21-FEB-13 03:31:15.39      0.732960     2  19.60  20.10  37615.85952  0.0000000   10.4467   177.1018     0.0000    24.8591    58.22      0.00000  0.0000000    0.0000     0.0000     0.0000     0.0000  13.41240487   -0.1604535     5.387     4.372
svyfeb21           geo-0002:sv1-20210212-S-28-1B      59258.159947 21-FEB-13 03:50:19.42      2.200320     4  15.70  16.30  42660.18148  0.0000000    8.3887    50.7747     0.0000   151.2546    -6.34      0.00612  0.0000000    0.0109     0.0406     0.0000     0.0402  13.39524374   -0.0220825     1.298     4.023
svyfeb21           geo-0004:sv1-20210212-S-29-1B      59258.177560 21-FEB-13 04:15:41.18      0.732960     2  18.90  19.40  35008.63981  0.0000000    7.8406    63.5727     0.0000   137.9615    91.60      0.00000  0.0000000    0.0000     0.0000     0.0000     0.0000  13.35441263    0.2101482    -5.547     5.241
svyfeb21           geo-0003:sv1-20210212-S-2-1A       59257.856657 21-FEB-12 20:33:35.16      0.732960     2  15.90  15.90  45593.23142  0.0000000   12.9050    39.6749     0.0000    90.3413   -43.89      0.00000  0.0000000    0.0000     0.0000     0.0000     0.0000   9.05420504    9.4845348    38.518    12.905
svyfeb21           geo-0003:sv1-20210212-S-33-1B      59258.209226 21-FEB-13 05:01:17.12      2.200320     4  17.60  18.00  43852.76756  0.0000000    8.9621   174.7293     0.0000    27.2369   -21.61      0.02912  0.0000000    0.0507     0.1701     0.0000     0.1681  13.26311440    0.0947799   -17.098     4.088
svyfeb21           geo-0005:sv1-20210212-S-33-1B      59258.212791 21-FEB-13 05:06:25.14      2.200320     4  13.90  14.40  42652.97693  0.0000000    5.1481    71.1385     0.0000   130.6891    -6.25      0.01455  0.0000000    0.0193     0.2480     0.0000     0.2470  13.26561138   -0.1045984   -18.124     3.901
svyfeb21           geo-0006:sv1-20210212-S-33-1B      59258.222467 21-FEB-13 05:20:21.14      2.200320     4  17.90  18.40  46627.50555  0.0000000    3.9241   105.5152     0.0000    96.7111   -57.13      0.01256  0.0000000    0.0029     0.3325     0.0000     0.3317  13.26278175    0.1244712   -21.317     3.897
svyfeb21           geo-0001:sv1-20210212-S-37-1B      59258.261565 21-FEB-13 06:16:39.21      1.467360     3  17.30  17.80  45624.90418  0.0000000   18.6495    33.5711     0.0000   167.6305   -44.29      0.01228  0.0000000    0.0226     0.0158     0.0000     0.0149  13.16515317    0.0922249   -35.840     3.928
svyfeb21           geo-0001:sv1-20210212-S-38-1A      59258.274667 21-FEB-13 06:35:31.22      2.200320     4  17.30  17.70  41082.83781  0.0000000    4.4306    83.7619     0.0000   118.1164    13.85      0.00162  0.0000000    0.0016     0.0390     0.0000     0.0388  13.13221268   -0.2040198   -40.453     3.907
svyfeb21           geo-0001:sv1-20210212-S-38-1B      59258.274921 21-FEB-13 06:35:53.17      2.200320     4  18.30  18.70  41100.81416  0.0000000    4.4138    84.1230     0.0000   117.8508    13.62      0.00378  0.0000000    0.0038     0.0914     0.0000     0.0912  13.13453036   -0.2053862   -40.450     3.902
svyfeb21           geo-0005:sv1-20210212-S-4-1B       59257.898833 21-FEB-12 21:34:19.17      0.732960     2  17.80  17.80  46783.78378  0.0000000   15.3295    14.0858     0.0000   115.5913   -59.13      0.00000  0.0000000    0.0000     0.0000     0.0000     0.0000   9.02177945   11.0909844    23.763    13.794
svyfeb21           geo-0001:sv1-20210213-S-6-1A       59258.917526 21-FEB-13 22:01:14.24      1.467360     3  15.60  15.60  43553.89248  0.0000000   13.1841    30.1664     0.0000    98.9131   -17.78      0.02149  0.0000000    0.0069     0.1841     0.0000     0.1792   8.55123481   10.1252180    14.852    13.022
svyfeb21           geo-0001:sv1-20210213-S-6-1B       59258.937641 21-FEB-13 22:30:12.18      1.467360     3  17.30  17.30  37245.89236  0.0000000   15.5090    15.8800     0.0000   112.8182    62.96      0.04425  0.0000000    0.0411     0.3608     0.0000     0.3478   8.55077450   11.1348335     7.741    14.268
svyfeb21           geo-0001:sv2-20210213-U-11-1       59259.189157 21-FEB-14 04:32:23.16      2.200320     4  13.60  14.00  42214.64323  0.0000000    5.3475    71.6989     0.0000   130.1154    -0.64      0.00559  0.0000000    0.0074     0.0936     0.0000     0.0932  13.31325367   -0.0053221   -10.583     4.087
svyfeb21           geo-0001:sv2-20210213-S-12-1A      59259.179736 21-FEB-14 04:18:49.19      1.465920     3  18.50  19.00  39619.33474  0.0000000    4.1230    86.5216     0.0000   114.9757    32.58      0.00391  0.0000000    0.0037     0.1083     0.0000     0.1081  13.32161310   -0.4405599    -7.565     3.737
svyfeb21           geo-0001:sv1-20210214-S-18-1A      59260.253185 21-FEB-15 06:04:35.18      1.467360     3  11.80  12.20  38897.57191  0.0000000    7.9453    49.6716     0.0000   152.3675    41.82      0.00726  0.0000000    0.0145     0.0549     0.0000     0.0544  13.17257896   -0.5334197   -34.354     3.676
svyfeb21           geo-0001:sv1-20210214-S-4-1B       59259.884250 21-FEB-14 21:13:19.20      2.933280     4  18.80  18.80  42096.08465  0.0000000   14.5865    54.7293     0.0000    74.8205     0.88      0.01072  0.0000000    0.0057     0.0849     0.0000     0.0821   8.59543371   11.0500905    25.630    14.067
svyfeb21           geo-0001:sv1-20210215-S-32-1B      59261.184215 21-FEB-16 04:25:16.17      2.200320     4  12.90  13.30  42204.18773  0.0000000    5.3526    71.6350     0.0000   130.4839    -0.51      0.00604  0.0000000    0.0081     0.1005     0.0000     0.1000  13.32501320   -0.0213862   -10.465     4.069
svyfeb21           geo-0002:sv1-20210215-S-32-1B      59261.185743 21-FEB-16 04:27:28.19      2.200320     3  17.80  18.30  43311.91019  0.0000000    5.7902    62.9567     0.0000   139.2743   -14.69      0.00476  0.0000000    0.0072     0.0610     0.0000     0.0607  13.33003410   -0.1516203   -10.883     3.774
svymar21           geo-0009:sv1-20210308-S-6-1B       59282.238845 21-MAR-09 05:43:56.20      0.732960     2  19.10  19.30  31064.56729  0.0000000   47.6280    32.3801     0.0000   172.4705   142.08      0.00000  0.0000000    0.0000     0.0000     0.0000     0.0000  13.25097242   -0.0046825   -45.837     5.555
svymar21           geo-0002:sv1-20210309-S-30-1A      59283.184308 21-MAR-10 04:25:24.21      3.666240     4  20.40  20.60  57484.06117  0.0000000    8.9456    39.0419     0.0000   166.0193  -196.09      0.02125  0.0000000    0.0297     0.0474     0.0000     0.0468  13.35331891   -0.5639787   -29.201     2.153
svymar21           geo-0002:sv1-20210309-S-33-1B      59283.231681 21-MAR-10 05:33:37.23      5.133600     5  19.90  20.10  63055.90728  0.0000000    6.5888   181.4297     0.0000    23.0353  -267.41      0.03247  0.0000000    0.0388     0.1469     0.0000     0.1461  13.26056346   -0.1047737   -47.198     2.573
svymar21           geo-0003:sv1-20210311-S-1-1A       59284.838324 21-MAR-11 20:07:11.19      0.732960     2  11.60  11.70  42869.59600  0.0000000   10.7227    35.8185     0.0000   117.3146    -9.03      0.00000  0.0000000    0.0000     0.0000     0.0000     0.0000  10.42036633    5.5214257    42.045     9.515
svymar21           geo-0001:sv1-20210311-S-28-1A      59285.166914 21-MAR-12 04:00:21.36      2.200320     4  12.10  12.30  42202.35407  0.0000000    3.1964   112.7232     0.0000    93.1916    -0.48      0.00654  0.0000000    0.0010     0.2399     0.0000     0.2395  13.39067615   -1.0242381   -24.198     3.191
svymar21           geo-0002:sv1-20210311-S-28-1A      59285.168951 21-MAR-12 04:03:17.36      2.200320     4  13.40  13.50  42601.91726  0.0000000    8.8012    48.6944     0.0000   157.0143    -5.60      0.02853  0.0000000    0.0534     0.1474     0.0000     0.1456  13.38518982   -0.4346589   -24.902     3.425
svymar21           geo-0004:sv1-20210311-S-28-1B      59285.164623 21-MAR-12 03:57:03.42      2.933280     5  18.00  18.20  44470.94469  0.0000000    7.6131   174.7259     0.0000    31.1762   -29.52      0.02712  0.0000000    0.0446     0.2070     0.0000     0.2052  13.38448520    0.0255843   -23.613     3.933
svymar21           geo-0001:sv1-20210311-S-31-1A      59285.184759 21-MAR-12 04:26:03.17      2.200320     4  16.90  17.00  49879.11243  0.0000000    2.4658    96.2517     0.0000   108.8318   -98.75      0.01251  0.0000000    0.0069     0.4642     0.0000     0.4637  13.33019779   -1.1611725   -31.460     2.334
svymar21           geo-0002:sv1-20210311-S-31-1A      59285.187306 21-MAR-12 04:29:43.23      2.200320     4  12.00  12.10  42719.89682  0.0000000    4.2365    79.4833     0.0000   125.7543    -7.11      0.00489  0.0000000    0.0058     0.1082     0.0000     0.1079  13.32031572   -0.4157262   -32.167     3.437
svymar21           geo-0002:sv1-20210312-S-1-1A       59285.856173 21-MAR-12 20:32:53.34      2.200320     4   3.10   3.10  43678.08939  0.0000000    9.5884    52.4045     0.0000   101.1683   -19.37      0.64010  0.0000000    0.2554     7.4085     0.0000     7.3049  10.40176324    5.5519558    34.797     9.405
svymar21           geo-0002:sv1-20210312-S-31-1A      59286.203382 21-MAR-13 04:52:52.20      2.933280     4  12.80  12.90  42738.56196  0.0000000    4.1860    80.3931     0.0000   125.1896    -7.35      0.00665  0.0000000    0.0078     0.1498     0.0000     0.1494  13.29492228   -0.4238790   -38.613     3.420
svymar21           geo-0003:sv1-20210312-S-31-1A      59286.205419 21-MAR-13 04:55:48.20      2.933280     4  18.10  18.20  50470.26903  0.0000000   18.3414    32.8447     0.0000   172.0908  -106.31      0.01084  0.0000000    0.0181     0.0083     0.0000     0.0078  13.30148980   -1.0255350   -39.671     2.482
svymar21           geo-0004:sv1-20210312-S-32-1A      59286.233589 21-MAR-13 05:36:22.08      1.467360     3  20.50  20.60  33354.33426  0.0000000    4.6746   106.2573     0.0000   100.9616   112.77      0.05884  0.0000000    0.0319     1.8915     0.0000     1.8850  13.25391580   -0.4125291   -47.917     4.589
svyapr21           geo-0002:sv1-20210412-S-24-1A      59317.152968 21-APR-13 03:40:16.43      2.933280     5  19.60  19.60  45512.40107  0.0000000    4.6975    69.6576     0.0000   146.8976   -42.85      0.01627  0.0000000    0.0257     0.2026     0.0000     0.2018  14.13583290   -1.2313156   -39.981     2.563
svyapr21           geo-0007:sv1-20210412-S-24-1A      59317.156023 21-APR-13 03:44:40.38      0.732960     2  16.90  17.00  29027.68479  0.0000000   16.7881   203.9678     0.0000    15.3968   168.15      0.00000  0.0000000    0.0000     0.0000     0.0000     0.0000  14.14273060   -1.5325520   -38.989     4.398
svyapr21           geo-0003:sv1-20210412-S-24-1B      59317.146093 21-APR-13 03:30:22.43      0.732960     2  15.10  15.10  29019.51066  0.0000000    6.4180   167.7324     0.0000    50.4393   168.26      0.00000  0.0000000    0.0000     0.0000     0.0000     0.0000  14.13530449   -1.1422407   -36.147     4.944
svyapr21           geo-0001:sv1-20210412-S-27-1B      59317.215720 21-APR-13 05:10:38.20      2.200320     4  14.50  14.60  39219.59661  0.0000000   10.1155    57.7673     0.0000   159.2767    37.69      0.01388  0.0000000    0.0289     0.0623     0.0000     0.0610  14.03285199   -0.5525939   -61.937     3.563
svyapr21           geo-0004:sv1-20210412-S-28-1B      59317.239181 21-APR-13 05:44:25.23      0.732960     2  17.20  17.20  40836.34407  0.0000000    4.8594    84.1087     0.0000   133.0211    17.00      0.00000  0.0000000    0.0000     0.0000     0.0000     0.0000  14.01174988   -0.4332766   -70.513     3.551
svyapr21           geo-0003:sv1-20210412-S-2-1B       59316.886229 21-APR-12 21:16:10.18      2.200320     3  16.50  16.60  42954.55574  0.0000000   24.5025    17.4319     0.0000   164.6122   -10.11      0.01342  0.0000000    0.0259     0.0169     0.0000     0.0157  12.34552670    2.3227706    23.037     6.318
svyapr21           geo-0002:sv1-20210412-S-4-1B       59316.919655 21-APR-12 22:04:18.19      2.933280     5  11.70  11.80  42190.61183  0.0000000    6.9253    63.4736     0.0000   119.1091    -0.33      0.00488  0.0000000    0.0049     0.0721     0.0000     0.0716  12.26552498    2.1220894    10.360     6.047
svyapr21           geo-0001:sv1-20210413-S-2-1B       59317.878949 21-APR-13 21:05:41.19      2.933280     5  16.90  17.00  48831.80169  0.0000000    6.0511    75.3731     0.0000   108.3791   -85.34      0.01249  0.0000000    0.0070     0.1951     0.0000     0.1940  12.34440311    2.2403387    25.155     5.741
svyapr21           geo-0003:sv1-20210413-S-2-1B       59317.881495 21-APR-13 21:09:21.16      5.866560     7  16.60  16.70  62459.80880  0.0000000   28.0368    14.6701     0.0000   168.9557  -259.78      0.00000  0.0000000    0.0000     0.0000     0.0000     0.0000  12.34261530    2.3404642    25.283     5.166
svyapr21           geo-0003:sv1-20210414-S-15-1A      59319.164157 21-APR-15 03:56:23.16      2.200320     4  15.20  15.20  43353.99225  0.0000000    6.0441    61.5912     0.0000   155.0150   -15.23      0.00327  0.0000000    0.0059     0.0260     0.0000     0.0258  14.10352913   -1.3643578   -45.906     2.549
svyapr21           geo-0004:sv1-20210414-S-15-1A      59319.169759 21-APR-15 04:04:27.17      1.465920     3  19.80  19.80  50362.60241  0.0000000    2.3151   163.1148     0.0000    53.2806  -104.94      0.04666  0.0000000    0.0466     1.5523     0.0000     1.5512  14.10426294   -1.4357847   -48.284     1.856
svyapr21           geo-0007:sv1-20210414-S-16-1B      59319.194620 21-APR-15 04:40:15.16      0.732960     2  16.20  16.20  29373.83593  0.0000000   18.0262   203.6395     0.0000    16.8104   163.72      0.00000  0.0000000    0.0000     0.0000     0.0000     0.0000  14.07244822   -0.5221260   -53.963     5.135
svyapr21           geo-0006:sv1-20210414-S-5-1B       59318.937803 21-APR-14 22:30:26.17      2.933280     5  17.00  17.10  49153.73658  0.0000000    6.1357    72.3498     0.0000   111.5074   -89.46      0.00949  0.0000000    0.0061     0.1418     0.0000     0.1410  12.25532482    2.2705511     3.046     5.707
svyapr21           geo-0002:sv1-20210415-S-4-1A       59320.157549 21-APR-16 03:46:52.23      2.200320     4  17.80  17.80  42007.85296  0.0000000    4.2138    76.9869     0.0000   139.7310     2.01      0.00423  0.0000000    0.0066     0.0762     0.0000     0.0759  14.11005190   -1.3415604   -44.440     2.722
svyapr21           geo-0001:sv1-20210415-S-4-1B       59320.153220 21-APR-16 03:40:38.20      2.933280     5  18.90  18.90  43279.38204  0.0000000   17.1217    46.3530     0.0000   169.6503   -14.27      0.01246  0.0000000    0.0245     0.0156     0.0000     0.0147  14.10472285   -1.0456504   -43.219     3.032
svyapr21           geo-0002:sv1-20210415-S-4-1B       59320.154748 21-APR-16 03:42:50.22      2.200320     4  19.70  19.70  47508.02769  0.0000000    4.1884    76.1875     0.0000   140.0970   -68.40      0.00620  0.0000000    0.0085     0.0971     0.0000     0.0968  14.11371165   -1.0333044   -43.863     2.685
svymay21           geo-0018:sv1-20210508-S-1-1A       59342.877514 21-MAY-08 21:03:37.20      0.732960     2  16.70  16.70  23821.04082  0.0000000   25.8725    35.8484     0.0000   164.1536   234.80      0.00000  0.0000000    0.0000     0.0000     0.0000     0.0000  14.04533134   -0.3156944    18.706     6.843
svymay21           geo-0020:sv1-20210508-S-1-1A       59342.877514 21-MAY-08 21:03:37.20      0.732960     2  16.00  16.10  23830.06107  0.0000000   25.8672    35.8460     0.0000   164.1655   234.68      0.00000  0.0000000    0.0000     0.0000     0.0000     0.0000  14.04544719   -0.3212330    18.713     6.837
svymay21           geo-0001:sv1-20210508-S-28-1B      59343.154018 21-MAY-09 03:41:47.15      2.933280     5  15.90  16.00  47474.28324  0.0000000    8.5517    76.1329     0.0000   170.5642   -67.97      0.03890  0.0000000    0.0687     0.0782     0.0000     0.0769  16.17120925   -2.3042584   -35.830     1.397
svymay21           geo-0001:sv1-20210508-S-29-1B      59343.159273 21-MAY-09 03:49:21.18      2.200320     4  16.80  16.80  40387.87437  0.0000000    6.9394    82.7133     0.0000   163.8164    22.74      0.00435  0.0000000    0.0090     0.0217     0.0000     0.0215  16.13202132   -2.4051677   -37.885     1.930
svymay21           geo-0012:sv1-20210508-S-2-1A       59342.891611 21-MAY-08 21:23:55.19      2.933280     2  13.70  13.80  52782.82866  0.0000000   19.3926   199.3886     0.0000     7.8557  -135.91      0.00000  0.0000000    0.0000     0.0000     0.0000     0.0000  14.02467613   -0.4422854    18.899     2.601
svymay21           geo-0001:sv1-20210508-S-30-1B      59343.185049 21-MAY-09 04:26:28.23      2.200320     3  18.10  18.10  42966.51263  0.0000000    4.7636    85.1068     0.0000   161.3786   -10.27      0.00143  0.0000000    0.0027     0.0110     0.0000     0.0110  16.09009749   -2.4744419   -47.286     1.520
svymay21           geo-0001:sv1-20210508-S-31-1B      59343.204053 21-MAY-09 04:53:50.17      1.467360     3  12.40  12.50  54269.20211  0.0000000    9.3320    71.9932     0.0000   173.9052  -154.94      0.01241  0.0000000    0.0191     0.0136     0.0000     0.0131  16.08010093   -2.2222584   -54.713     0.986
svymay21           geo-0003:sv1-20210508-S-3-1B       59342.917329 21-MAY-08 22:00:57.22      1.467360     3  12.60  12.70  42158.94041  0.0000000    6.9817    63.3695     0.0000   142.3542     0.07      0.00508  0.0000000    0.0082     0.0520     0.0000     0.0517  13.58417136    0.1019313     8.741     4.258
svymay21           geo-0001:sv1-20210508-S-4-1B       59342.928903 21-MAY-08 22:17:37.21      2.933280     5  18.10  18.20  43479.02691  0.0000000    8.6777    52.9020     0.0000   152.6865   -16.83      0.02079  0.0000000    0.0366     0.1239     0.0000     0.1226  13.55393610   -0.0046905     4.490     3.970
svymay21           geo-0002:sv1-20210509-S-11-1A      59343.988023 21-MAY-09 23:42:45.18      1.467360     3  17.40  17.60  44370.56300  0.0000000    9.2836    49.2224     0.0000   156.4536   -28.24      0.01314  0.0000000    0.0233     0.0630     0.0000     0.0622  13.43138628   -0.1402341   -17.742     3.695
svymay21           geo-0040:sv1-20210509-S-31-1A      59344.172909 21-MAY-10 04:08:59.33      0.732960     2  12.80  12.80  27937.09595  0.0000000   17.7498    79.5893     0.0000   169.2149   182.11      0.00000  0.0000000    0.0000     0.0000     0.0000     0.0000  16.13552697   -3.3152098   -41.128     3.270
svymay21           geo-0001:sv1-20210509-S-4-1B       59343.913822 21-MAY-09 21:55:54.22      2.933280     5  12.70  12.80  42185.33274  0.0000000    7.0045    63.1936     0.0000   142.2031    -0.27      0.00560  0.0000000    0.0091     0.0571     0.0000     0.0567  13.57215674    0.1226028     8.696     4.286
svymay21           geo-0002:sv1-20210509-S-4-1B       59343.914840 21-MAY-09 21:57:22.17      2.200320     3  18.90  19.00  41208.44670  0.0000000    6.3116    68.9019     0.0000   136.6450    12.24      0.00729  0.0000000    0.0112     0.0952     0.0000     0.0947  13.58055680    0.0842173     8.445     4.328
svymay21           geo-0001:sv1-20210510-S-33-1B      59345.171530 21-MAY-11 04:07:00.19      1.467360     3  16.90  16.90  36391.12052  0.0000000   19.5743    74.6889     0.0000   172.3554    73.90      0.01858  0.0000000    0.0450     0.0203     0.0000     0.0185  16.11283235   -2.3116815   -43.442     2.554
svymay21           geo-0003:sv1-20210510-S-34-1A      59345.197410 21-MAY-11 04:44:16.22      1.467360     3  13.80  13.80  42766.10360  0.0000000    4.3494    78.9177     0.0000   168.2604    -7.70      0.00225  0.0000000    0.0044     0.0124     0.0000     0.0123  16.08551809   -3.2945216   -53.054     0.884
svymay21           geo-0001:sv1-20210510-S-34-1B      59345.183405 21-MAY-11 04:24:06.19      2.200320     4  17.10  17.20  36804.87957  0.0000000    5.1894    94.1742     0.0000   152.9092    68.60      0.02300  0.0000000    0.0490     0.2757     0.0000     0.2742  16.07495179   -2.3922795   -48.031     2.361
svymay21           geo-0001:sv1-20210510-S-3-1B       59344.912120 21-MAY-10 21:53:27.16      2.933280     5  12.70  12.80  42179.23423  0.0000000    6.9840    63.3222     0.0000   142.3992    -0.19      0.00541  0.0000000    0.0088     0.0551     0.0000     0.0548  13.58376709    0.1015257     8.648     4.255
svymay21           geo-0001:sv1-20210510-S-5-1B       59344.929482 21-MAY-10 22:18:27.24      1.467360     3  19.70  19.80  48898.57076  0.0000000   10.9872    47.0392     0.0000   158.8370   -86.20      0.01953  0.0000000    0.0315     0.0639     0.0000     0.0629  13.54464795    0.2719546     2.684     3.946
svymay21           geo-0001:sv1-20210511-S-30-1A      59346.138334 21-MAY-12 03:19:12.05      2.200320     4  17.40  17.40  43211.24504  0.0000000    3.9652   231.1356     0.0000    15.4501   -13.40      0.00919  0.0000000    0.0176     0.0726     0.0000     0.0725  16.16265675   -3.2042647   -33.375     1.056
svymay21           geo-0002:sv1-20210511-S-30-1A      59346.139353 21-MAY-12 03:20:40.09      2.200320     3  18.40  18.50  38060.01516  0.0000000    5.5893   232.3480     0.0000    14.6036    52.54      0.00167  0.0000000    0.0037     0.0104     0.0000     0.0104  16.16133614   -3.3741935   -33.408     1.407
svymay21           geo-0001:sv1-20210511-S-30-1B      59346.155395 21-MAY-12 03:43:46.12      1.465920     3  19.90  20.00  42988.01602  0.0000000    1.9995   118.7072     0.0000   128.5539   -10.54      0.01645  0.0000000    0.0206     0.7363     0.0000     0.7358  16.16176932   -2.4635296   -38.806     1.564
svymay21           geo-0002:sv1-20210511-S-33-1B      59346.200236 21-MAY-12 04:48:20.39      3.666240     6  13.10  13.20  54896.63907  0.0000000    9.0897    71.2349     0.0000   174.5958  -162.97      0.03096  0.0000000    0.0471     0.0303     0.0000     0.0291  16.07213225   -2.2813258   -56.373     0.853
svymay21           geo-0002:sv1-20210511-S-34-1A      59346.213556 21-MAY-12 05:07:31.23      0.732960     2  13.30  13.30  42631.24289  0.0000000    1.8039    89.1113     0.0000   158.0311    -5.97      0.00000  0.0000000    0.0000     0.0000     0.0000     0.0000  16.05468012   -3.4144213   -59.927     0.675
svymay21           geo-0001:sv1-20210511-S-4-1B       59345.904192 21-MAY-11 21:42:02.18      1.467360     3  19.80  19.90  43042.92796  0.0000000    6.4673    65.2114     0.0000   140.0510   -11.24      0.00600  0.0000000    0.0092     0.0681     0.0000     0.0677  13.57037370    0.0832199    10.039     4.148
svymay21           geo-0002:sv1-20210511-S-4-1B       59345.908266 21-MAY-11 21:47:54.18      2.933280     5  13.30  13.40  42177.27951  0.0000000    6.9524    63.5282     0.0000   141.7443    -0.16      0.01374  0.0000000    0.0222     0.1427     0.0000     0.1417  13.56484853    0.1313042     8.604     4.298
svyaug21           geo-0001:sv1-20210805-S-26-1A      59432.123220 21-AUG-06 02:57:26.20      4.400640     7  19.20  19.40  59489.99309  0.0000000    8.2168   308.7187     0.0000    32.9601  -221.77      0.02994  0.0000000    0.0346     0.1593     0.0000     0.1577  22.45115633    1.4419901   -17.825     4.460
svyaug21           geo-0002:sv1-20210805-S-26-1A      59432.125257 21-AUG-06 03:00:22.20      2.200320     4  18.40  18.60  41682.87524  0.0000000    7.7305   295.0016     0.0000    46.8993     6.16      0.00451  0.0000000    0.0064     0.0512     0.0000     0.0508  22.45346731    1.4515224   -18.330     5.636
svyaug21           geo-0006:sv1-20210805-S-26-1A      59432.129331 21-AUG-06 03:06:14.19      0.732960     2  16.70  16.80  41828.18762  0.0000000    8.2978   296.7059     0.0000    45.3560     4.30      0.00000  0.0000000    0.0000     0.0000     0.0000     0.0000  22.45132170    2.0403369   -19.681     5.894
svyaug21           geo-0004:sv1-20210805-S-26-1A      59432.133914 21-AUG-06 03:12:50.16      2.933280     5  17.70  17.80  42898.36462  0.0000000   10.8031   313.4938     0.0000    28.8495    -9.39      0.00819  0.0000000    0.0144     0.0431     0.0000     0.0423  22.44585382    1.2152413   -21.183     5.189
svyaug21           geo-0005:sv1-20210805-S-26-1A      59432.135951 21-AUG-06 03:15:46.16      1.467360     3  19.00  19.10  39507.81391  0.0000000    6.0489   238.1301     0.0000   104.1235    34.01      0.01322  0.0000000    0.0074     0.2694     0.0000     0.2679  22.46096678    1.4615585   -21.501     5.865
svyaug21           geo-0001:sv1-20210805-S-26-1B      59432.123475 21-AUG-06 02:57:48.24      1.467360     3  20.00  20.20  42761.14238  0.0000000   11.0942   307.5458     0.0000    34.6484    -7.64      0.00759  0.0000000    0.0126     0.0457     0.0000     0.0449  22.46138064    2.3642307   -17.636     6.281
svyaug21           geo-0003:sv1-20210805-S-26-1B      59432.129586 21-AUG-06 03:06:36.23      2.200320     4  16.60  16.80  41793.00989  0.0000000    8.2295   296.1789     0.0000    45.9712     4.76      0.00454  0.0000000    0.0065     0.0476     0.0000     0.0471  22.45355780    2.0446383   -19.679     5.907
svyaug21           geo-0004:sv1-20210805-S-26-1B      59432.130604 21-AUG-06 03:08:04.18      1.467360     3  18.90  19.10  53618.21586  0.0000000   22.8256   328.3626     0.0000    14.5078  -146.61      0.00000  0.0000000    0.0000     0.0000     0.0000     0.0000  22.45317006    2.3919531   -20.123     5.577
svyaug21           geo-0006:sv1-20210805-S-26-1B      59432.131623 21-AUG-06 03:09:32.22      2.200320     3  19.00  19.20  42041.73586  0.0000000    8.5674   297.9990     0.0000    44.1911     1.57      0.00655  0.0000000    0.0096     0.0635     0.0000     0.0629  22.45131309    2.1002668   -20.399     5.960
svyaug21           geo-0005:sv1-20210805-S-26-1B      59432.132132 21-AUG-06 03:10:16.20      1.467360     3  19.60  19.70  42706.29589  0.0000000    9.2716   299.7558     0.0000    42.6600    -6.93      0.00466  0.0000000    0.0069     0.0398     0.0000     0.0393  22.45562639    2.3527823   -20.411     6.268
svyaug21           geo-0008:sv1-20210805-S-26-1B      59432.135697 21-AUG-06 03:15:24.22      2.200320     4  15.80  16.00  43071.16226  0.0000000    8.9296   301.4278     0.0000    40.9812   -11.61      0.00651  0.0000000    0.0098     0.0555     0.0000     0.0548  22.45175385    2.0808303   -21.675     5.843
svyaug21           geo-0001:sv1-20210806-S-24-1A      59433.119839 21-AUG-07 02:52:34.08      1.467360     3  16.80  17.00  41839.72169  0.0000000    8.3023   296.7614     0.0000    45.0239     4.16      0.01303  0.0000000    0.0190     0.1329     0.0000     0.1315  22.45278526    2.0159948   -17.517     5.863
svyaug21           geo-0002:sv1-20210806-S-24-1A      59433.123404 21-AUG-07 02:57:42.10      2.933280     5  16.50  16.60  42106.84500  0.0000000   11.0439   313.0906     0.0000    29.0390     0.74      0.00867  0.0000000    0.0155     0.0459     0.0000     0.0451  22.45340705    1.2703901   -18.610     5.335
svyaug21           geo-0010:sv1-20210806-S-24-1A      59433.124422 21-AUG-07 02:59:10.06      0.732960     2  19.80  20.00  42288.37839  0.0000000    9.4847   198.9565     0.0000   142.8201    -1.59      0.00000  0.0000000    0.0000     0.0000     0.0000     0.0000  22.47331773    1.5435202   -18.499     5.715
svyaug21           geo-0003:sv1-20210806-S-24-1A      59433.124422 21-AUG-07 02:59:10.06      2.200320     4  18.30  18.40  38725.93884  0.0000000   10.3230   194.9038     0.0000   146.4823    44.01      0.02517  0.0000000    0.0478     0.1754     0.0000     0.1726  22.45504838    1.2720294   -18.839     5.679
svyaug21           geo-0004:sv1-20210806-S-24-1A      59433.126460 21-AUG-07 03:02:06.14      2.200320     4  16.40  16.60  44423.41348  0.0000000    9.2346   197.3367     0.0000   144.2504   -28.91      0.01596  0.0000000    0.0251     0.1120     0.0000     0.1106  22.46119593    1.4405962   -19.449     5.380
svyaug21           geo-0012:sv1-20210806-S-24-1A      59433.127478 21-AUG-07 03:03:34.09      0.732960     2  19.30  19.50  43205.03067  0.0000000   10.3831   308.6872     0.0000    33.8593   -13.32      0.00000  0.0000000    0.0000     0.0000     0.0000     0.0000  22.46423984    2.0328727   -19.647     5.763
svyaug21           geo-0005:sv1-20210806-S-24-1A      59433.132571 21-AUG-07 03:10:54.13      2.200320     4  17.50  17.60  42893.89999  0.0000000   10.8127   313.5225     0.0000    29.1383    -9.34      0.00491  0.0000000    0.0086     0.0260     0.0000     0.0255  22.46070723    1.2526978   -21.370     5.241
svyaug21           geo-0006:sv1-20210806-S-24-1A      59433.134608 21-AUG-07 03:13:50.13      2.200320     3  18.10  18.20  39401.83983  0.0000000    8.9104   203.0381     0.0000   138.9155    35.36      0.01986  0.0000000    0.0335     0.1866     0.0000     0.1844  22.45401680    1.4350882   -22.033     5.842
svyaug21           geo-0012:sv1-20210806-S-24-1B      59433.119075 21-AUG-07 02:51:28.08      0.732960     2  18.00  18.10  28847.86632  0.0000000    9.5736   288.3085     0.0000    53.6464   170.45      0.00000  0.0000000    0.0000     0.0000     0.0000     0.0000  22.45541045    2.0955508   -17.154     7.698
svyaug21           geo-0001:sv1-20210806-S-24-1B      59433.120094 21-AUG-07 02:52:56.12      2.200320     4  16.50  16.60  41794.35680  0.0000000    8.2279   296.1875     0.0000    45.6849     4.74      0.00552  0.0000000    0.0080     0.0576     0.0000     0.0570  22.45500767    2.0243249   -17.516     5.877
svyaug21           geo-0013:sv1-20210806-S-24-1B      59433.121112 21-AUG-07 02:54:24.07      0.732960     2  20.10  20.30  41752.30114  0.0000000    7.7554   292.9267     0.0000    49.1022     5.28      0.00000  0.0000000    0.0000     0.0000     0.0000     0.0000  22.46295543    2.0052121   -17.691     5.854
svyaug21           geo-0002:sv1-20210806-S-24-1B      59433.121112 21-AUG-07 02:54:24.07      2.933280     5  18.60  18.80  45589.10868  0.0000000   10.7875   310.1307     0.0000    31.9275   -43.83      0.00832  0.0000000    0.0132     0.0447     0.0000     0.0439  22.45472501    2.1108780   -17.858     5.681
svyaug21           geo-0004:sv1-20210806-S-24-1B      59433.121622 21-AUG-07 02:55:08.14      2.933280     5  15.90  16.10  43062.73781  0.0000000    8.9185   301.3764     0.0000    40.5967   -11.50      0.01160  0.0000000    0.0176     0.0984     0.0000     0.0973  22.45457021    2.0430364   -18.014     5.790
svyaug21           geo-0006:sv1-20210806-S-24-1B      59433.126714 21-AUG-07 03:02:28.08      2.933280     5  19.90  20.00  43205.76486  0.0000000   10.2787   308.2904     0.0000    33.9838   -13.33      0.00628  0.0000000    0.0103     0.0398     0.0000     0.0391  22.45394088    2.0047161   -19.636     5.724
svyaug21           geo-0007:sv1-20210806-S-24-1B      59433.129260 21-AUG-07 03:06:08.06      1.467360     3  20.10  20.20  41284.77352  0.0000000    8.6686   211.1756     0.0000   130.7683    11.26      0.02888  0.0000000    0.0399     0.3053     0.0000     0.3018  22.46564831    2.4636574   -20.131     6.555
svyaug21           geo-0011:sv1-20210806-S-24-1B      59433.136899 21-AUG-07 03:17:08.07      2.933280     4  20.00  20.10  46624.30946  0.0000000   10.1831   195.6025     0.0000   146.3170   -57.09      0.01978  0.0000000    0.0302     0.1129     0.0000     0.1111  22.46011900    2.1242501   -22.821     5.627
svyaug21           geo-0010:sv1-20210806-S-24-1B      59433.137409 21-AUG-07 03:17:52.13      1.467360     3  20.10  20.20  39819.46461  0.0000000    9.2155   206.9567     0.0000   135.2195    30.02      0.01364  0.0000000    0.0214     0.1316     0.0000     0.1300  22.46125623    2.3119843   -22.794     6.477
svyaug21           geo-0003:sv1-20210806-S-42-1A      59433.231044 21-AUG-07 05:32:42.20      0.732960     2  16.20  16.30  33353.77001  0.0000000    8.9303   210.2129     0.0000   133.0693   112.78      0.00000  0.0000000    0.0000     0.0000     0.0000     0.0000  22.26363500    1.3318370   -55.513     6.511
svyaug21           geo-0001:sv1-20210806-S-42-1B      59433.226206 21-AUG-07 05:25:44.19      1.465920     3  17.30  17.40  44510.92318  0.0000000    7.9417   293.9554     0.0000    48.1976   -30.03      0.01185  0.0000000    0.0152     0.1233     0.0000     0.1222  22.27203673    2.1618578   -55.519     5.912
svyaug21           geo-0002:sv1-20210806-S-42-1B      59433.226715 21-AUG-07 05:26:28.17      2.200320     4  18.00  18.10  38417.39895  0.0000000    6.8823   278.4120     0.0000    64.0592    47.96      0.01246  0.0000000    0.0123     0.2124     0.0000     0.2109  22.25340687    1.5541952   -55.273     6.186
svyaug21           geo-0001:sv1-20210807-S-26-1A      59434.122588 21-AUG-08 02:56:31.60      2.933280     5  17.50  17.60  42111.82003  0.0000000    7.7137   298.1010     0.0000    43.6986     0.67      0.00524  0.0000000    0.0077     0.0559     0.0000     0.0554  22.44301988    1.2604556   -19.439     5.321
svyaug21           geo-0011:sv1-20210807-S-26-1A      59434.124116 21-AUG-08 02:58:43.62      0.732960     2  15.00  15.10  32695.07697  0.0000000    8.8209   208.8307     0.0000   132.7972   121.21      0.00000  0.0000000    0.0000     0.0000     0.0000     0.0000  22.45319402    1.2723844   -19.562     6.461
svyaug21           geo-0002:sv1-20210807-S-26-1A      59434.129718 21-AUG-08 03:06:47.63      2.200320     4  17.50  17.70  42895.11827  0.0000000   10.8165   313.5362     0.0000    28.9104    -9.35      0.00483  0.0000000    0.0085     0.0254     0.0000     0.0249  22.45100522    1.2259010   -21.538     5.205
svyaug21           geo-0004:sv1-20210807-S-26-1A      59434.132264 21-AUG-08 03:10:27.60      2.200320     3  20.20  20.30  40702.68332  0.0000000    9.1906   200.6240     0.0000   141.1113    18.71      0.02444  0.0000000    0.0409     0.2049     0.0000     0.2022  22.44466173    1.4655810   -22.374     5.755
svyaug21           geo-0005:sv1-20210807-S-26-1A      59434.136338 21-AUG-08 03:16:19.60      1.467360     3  18.00  18.10  34228.48269  0.0000000    8.9534   210.3399     0.0000   131.8500   101.58      0.00435  0.0000000    0.0077     0.0546     0.0000     0.0540  22.44549515    1.5737607   -23.402     6.657
svyaug21           geo-0006:sv1-20210807-S-26-1A      59434.136338 21-AUG-08 03:16:19.60      1.467360     3  18.50  18.60  36645.04786  0.0000000    8.5373   209.3522     0.0000   132.7634    70.65      0.02937  0.0000000    0.0486     0.3514     0.0000     0.3475  22.44498156    1.5115035   -23.508     6.257
svyaug21           geo-0007:sv1-20210807-S-26-1A      59434.136847 21-AUG-08 03:17:03.58      2.200320     4  15.50  15.70  37423.79778  0.0000000    8.9202   204.3643     0.0000   137.6685    60.68      0.01561  0.0000000    0.0274     0.1596     0.0000     0.1577  22.44340752    1.3906130   -23.746     5.994
svyaug21           geo-0008:sv1-20210807-S-26-1A      59434.138375 21-AUG-08 03:19:15.60      2.200320     4  18.40  18.60  38992.26577  0.0000000    6.5161   233.0904     0.0000   109.1821    40.60      0.01194  0.0000000    0.0090     0.2232     0.0000     0.2218  22.44282224    2.0232660   -24.289     6.153
svyaug21           geo-0002:sv1-20210807-S-26-1B      59434.121824 21-AUG-08 02:55:25.59      2.200320     3  17.70  17.80  40037.46988  0.0000000    9.2172   203.2068     0.0000   138.0252    27.23      0.01674  0.0000000    0.0273     0.1520     0.0000     0.1500  22.44522704    2.1000659   -19.100     6.150
svyaug21           geo-0001:sv1-20210807-S-26-1B      59434.122333 21-AUG-08 02:56:09.57      2.933280     5  18.60  18.70  44118.44882  0.0000000   16.1619   320.3727     0.0000    21.9866   -25.01      0.03800  0.0000000    0.0687     0.1021     0.0000     0.0981  22.44466844    2.2354760   -19.317     5.982
svyaug21           geo-0003:sv1-20210807-S-26-1B      59434.125898 21-AUG-08 03:01:17.58      2.200320     4  18.90  19.00  45593.45594  0.0000000   10.8228   310.2412     0.0000    32.0052   -43.89      0.00753  0.0000000    0.0120     0.0403     0.0000     0.0396  22.45057783    2.1315543   -20.387     5.711
svyaug21           geo-0004:sv1-20210807-S-26-1B      59434.138630 21-AUG-08 03:19:37.63      2.200320     4  18.40  18.50  38949.36230  0.0000000    6.5469   232.4690     0.0000   109.9038    41.15      0.01274  0.0000000    0.0100     0.2364     0.0000     0.2348  22.44536018    2.0219336   -24.276     6.154
svyaug21           geo-0005:sv1-20210807-S-26-1B      59434.139139 21-AUG-08 03:20:21.60      2.200320     4  16.30  16.50  48087.28562  0.0000000   11.3113   312.6439     0.0000    30.0382   -75.81      0.01232  0.0000000    0.0188     0.0560     0.0000     0.0550  22.44332743    2.2013246   -24.755     5.635
svyaug21           geo-0001:sv1-20210807-S-27-1A      59434.142102 21-AUG-08 03:24:37.61      1.467360     3  19.50  19.60  43202.19251  0.0000000   10.3536   308.5740     0.0000    33.4562   -13.28      0.00902  0.0000000    0.0150     0.0556     0.0000     0.0547  22.40373876    1.5754349   -26.423     5.686
svyaug21           geo-0002:sv1-20210807-S-27-1A      59434.143630 21-AUG-08 03:26:49.63      2.933280     5  16.50  16.60  42194.84752  0.0000000   11.0462   313.1416     0.0000    28.8059    -0.39      0.00826  0.0000000    0.0148     0.0433     0.0000     0.0425  22.39401210    1.2446615   -27.076     5.297
svyaug21           geo-0003:sv1-20210807-S-27-1A      59434.152287 21-AUG-08 03:39:17.59      2.200320     4  16.60  16.70  43244.17459  0.0000000    8.8617   200.3597     0.0000   141.2201   -13.82      0.01448  0.0000000    0.0226     0.1171     0.0000     0.1157  22.39560930    1.4739115   -29.784     5.537
svyaug21           geo-0004:sv1-20210807-S-27-1A      59434.156361 21-AUG-08 03:45:09.59      2.200320     4  18.00  18.10  40754.94219  0.0000000    9.2561   198.1728     0.0000   143.6324    18.04      0.01532  0.0000000    0.0265     0.1203     0.0000     0.1187  22.39376904    1.2713760   -31.007     5.473
svyaug21           geo-0005:sv1-20210807-S-27-1A      59434.156361 21-AUG-08 03:45:09.59      2.933280     4  15.30  15.40  42338.21715  0.0000000   10.4531   310.7364     0.0000    31.7608    -2.22      0.00579  0.0000000    0.0100     0.0348     0.0000     0.0342  22.39352881    1.3805651   -31.100     5.480
svyaug21           geo-0009:sv1-20210807-S-27-1A      59434.157380 21-AUG-08 03:46:37.63      0.732960     2  15.60  15.70  40508.69513  0.0000000    8.5179   297.6881     0.0000    44.9567    21.19      0.00000  0.0000000    0.0000     0.0000     0.0000     0.0000  22.40051473    2.0237881   -31.210     6.007
svyaug21           geo-0007:sv1-20210807-S-27-1B      59434.142866 21-AUG-08 03:25:43.62      0.732960     2  19.20  19.30  43202.63982  0.0000000   10.2878   308.3299     0.0000    33.9622   -13.29      0.00000  0.0000000    0.0000     0.0000     0.0000     0.0000  22.41403663    2.0039065   -26.435     5.726
svyaug21           geo-0002:sv1-20210807-S-27-1B      59434.145412 21-AUG-08 03:29:23.59      2.200320     3  18.60  18.70  38489.14782  0.0000000    8.9875   207.5382     0.0000   133.8592    47.04      0.02357  0.0000000    0.0376     0.2482     0.0000     0.2451  22.39414813    2.2040953   -27.466     6.468
svyaug21           geo-0004:sv1-20210807-S-27-1B      59434.157125 21-AUG-08 03:46:15.60      2.200320     3  15.10  15.30  40500.53260  0.0000000    8.4684   297.3414     0.0000    45.2024    21.30      0.00523  0.0000000    0.0079     0.0545     0.0000     0.0539  22.39415254    2.0156580   -31.216     5.998
svyaug21           geo-0005:sv1-20210807-S-27-1B      59434.158653 21-AUG-08 03:48:27.61      2.200320     4  18.50  18.60  40210.13493  0.0000000    9.3120   203.2109     0.0000   138.7582    25.02      0.01429  0.0000000    0.0234     0.1261     0.0000     0.1244  22.39482077    2.0837448   -31.651     6.124
svyaug21           geo-0004:sv1-20210807-S-4-1A       59433.922375 21-AUG-07 22:08:13.20      0.732960     2  20.60  20.70  41952.84746  0.0000000   14.8768    35.1980     0.0000   260.6861     2.71      0.00000  0.0000000    0.0000     0.0000     0.0000     0.0000  19.56479125  -21.0037829     6.863   -14.676
svyaug21           geo-0001:sv1-20210807-S-4-1A       59433.923394 21-AUG-07 22:09:41.24      2.200320     4  20.00  20.00  39968.20837  0.0000000   17.5574    61.3989     0.0000   235.1653    28.11      0.01175  0.0000000    0.0143     0.0686     0.0000     0.0655  19.56017656  -20.5953080     6.201   -14.336
svyaug21           geo-0004:sv1-20210808-S-19-1A      59435.119493 21-AUG-09 02:52:04.19      0.732960     2  19.50  19.60  35989.15256  0.0000000    7.5621   218.3003     0.0000   123.3528    79.04      0.00000  0.0000000    0.0000     0.0000     0.0000     0.0000  22.45536828    1.4929093   -18.963     6.311
svyaug21           geo-0001:sv1-20210808-S-22-1A      59435.144875 21-AUG-09 03:28:37.20      2.200320     4  15.30  15.40  40499.29712  0.0000000    8.4595   297.2845     0.0000    44.8044    21.31      0.00416  0.0000000    0.0063     0.0431     0.0000     0.0426  22.39440865    1.5851382   -28.233     5.950
svyaug21           geo-0003:sv1-20210808-S-22-1A      59435.156588 21-AUG-09 03:45:29.20      2.200320     4  17.40  17.50  37234.69165  0.0000000    8.8683   205.1577     0.0000   137.0311    63.10      0.02399  0.0000000    0.0420     0.2512     0.0000     0.2481  22.39371781    1.3941212   -31.705     6.032
svyaug21           geo-0004:sv1-20210808-S-22-1A      59435.159644 21-AUG-09 03:49:53.24      1.467360     3  19.00  19.10  40354.59554  0.0000000    8.8645   201.0887     0.0000   141.0524    23.17      0.01987  0.0000000    0.0335     0.1751     0.0000     0.1729  22.39381506    1.3016624   -32.863     5.559
svyaug21           geo-0007:sv1-20210808-S-22-1A      59435.160153 21-AUG-09 03:50:37.21      0.732960     2  19.20  19.30  31433.44056  0.0000000   47.5922   336.7362     0.0000     9.4964   137.36      0.00000  0.0000000    0.0000     0.0000     0.0000     0.0000  22.39166395    1.5057438   -32.351     6.997
svyaug21           geo-0007:sv1-20210808-S-22-1B      59435.146148 21-AUG-09 03:30:27.18      0.732960     2  18.40  18.60  28732.45822  0.0000000   19.3830   186.8530     0.0000   154.4383   171.93      0.00000  0.0000000    0.0000     0.0000     0.0000     0.0000  22.39254430    2.4736327   -27.900     8.233
svyaug21           geo-0002:sv1-20210808-S-22-1B      59435.147167 21-AUG-09 03:31:55.22      1.467360     3  18.30  18.50  43240.78450  0.0000000    9.6350   203.0522     0.0000   138.5509   -13.78      0.01946  0.0000000    0.0292     0.1535     0.0000     0.1513  22.40504430    2.4431378   -28.830     6.361
svyaug21           geo-0004:sv1-20210808-S-22-1B      59435.157352 21-AUG-09 03:46:35.21      1.467360     3  18.60  18.70  41761.20176  0.0000000    9.4186   303.0905     0.0000    39.5791     5.16      0.00463  0.0000000    0.0074     0.0376     0.0000     0.0371  22.39387453    2.0912473   -32.225     5.985
svyaug21           geo-0006:sv1-20210808-S-22-1B      59435.159389 21-AUG-09 03:49:31.20      2.200320     4  18.30  18.40  40173.78941  0.0000000    9.1976   206.4406     0.0000   135.5866    25.48      0.02849  0.0000000    0.0445     0.2704     0.0000     0.2669  22.39151215    2.2902302   -32.850     6.423
svyaug21           geo-0001:sv1-20210808-S-23-1A      59435.164389 21-AUG-09 03:56:43.20      2.933280     5  16.50  16.60  42310.30037  0.0000000   11.1045   313.3571     0.0000    28.5985    -1.87      0.00175  0.0000000    0.0031     0.0090     0.0000     0.0088  22.34446709    1.2426974   -35.550     5.290
svyaug21           geo-0002:sv1-20210808-S-23-1A      59435.174574 21-AUG-09 04:11:23.19      1.465920     3  18.00  18.10  33927.98535  0.0000000    8.8843   210.7716     0.0000   131.7611   105.43      0.02915  0.0000000    0.0517     0.3719     0.0000     0.3673  22.35141718    1.5002372   -37.853     6.615
svyaug21           geo-0003:sv1-20210808-S-23-1A      59435.175083 21-AUG-09 04:12:07.17      2.200320     4  17.10  17.20  40704.77781  0.0000000    7.0328   220.3076     0.0000   121.6667    18.68      0.01578  0.0000000    0.0179     0.2339     0.0000     0.2321  22.35005776    2.0115122   -38.746     5.982
svyaug21           geo-0001:sv1-20210808-S-23-1B      59435.170245 21-AUG-09 04:05:09.16      2.933280     5  18.70  18.80  46709.63356  0.0000000   10.1067   195.4791     0.0000   145.6148   -58.18      0.02049  0.0000000    0.0310     0.1201     0.0000     0.1181  22.34540109    2.1602048   -37.657     5.688
svyaug21           geo-0003:sv1-20210808-S-23-1B      59435.181449 21-AUG-09 04:21:17.19      2.200320     4  19.10  19.20  43167.01183  0.0000000    6.2040   248.4692     0.0000    93.7725   -12.83      0.01534  0.0000000    0.0025     0.2825     0.0000     0.2809  22.35059575    2.3038162   -40.948     6.191
svysep21           geo-0003:sv1-20210907-S-21-1A      59465.153857 21-SEP-08 03:41:33.24      2.200320     4  18.70  18.80  42705.44840  0.0000000   10.1248   306.5677     0.0000    63.2664    -6.92      0.00650  0.0000000    0.0059     0.0670     0.0000     0.0660   0.27546541    5.4507062   -33.349     9.033
svysep21           geo-0004:sv1-20210907-S-21-1A      59465.159968 21-SEP-08 03:50:21.23      2.933280     5  16.10  16.20  45826.99655  0.0000000    9.0819   292.4934     0.0000    77.1622   -46.88      0.01929  0.0000000    0.0079     0.2226     0.0000     0.2198   0.27386451    5.4729272   -35.529     8.853
svysep21           geo-0002:sv1-20210907-S-22-1A      59465.173255 21-SEP-08 04:09:29.23      2.933280     4  19.10  19.20  45226.42400  0.0000000    9.6094   303.2216     0.0000    66.0523   -39.19      0.01000  0.0000000    0.0076     0.1040     0.0000     0.1026   0.22376263    5.3730149   -40.851     8.775
svysep21           geo-0003:sv1-20210907-S-22-1A      59465.174273 21-SEP-08 04:10:57.18      2.200320     4  18.90  19.00  42201.50126  0.0000000   10.7551   312.6522     0.0000    57.1123    -0.47      0.00354  0.0000000    0.0039     0.0328     0.0000     0.0322   0.22494493    5.3824584   -40.891     9.016
svysep21           geo-0004:sv1-20210907-S-22-1A      59465.175292 21-SEP-08 04:12:25.22      2.200320     3  18.80  18.80  42724.75630  0.0000000   10.4043   309.8390     0.0000    59.8857    -7.17      0.00973  0.0000000    0.0098     0.0944     0.0000     0.0929   0.22526569    5.3910009   -41.248     8.987
svysep21           geo-0005:sv1-20210907-S-22-1A      59465.178857 21-SEP-08 04:17:33.24      2.200320     4  16.60  16.70  43026.45763  0.0000000    9.6643   304.6685     0.0000    65.0675   -11.03      0.00722  0.0000000    0.0060     0.0783     0.0000     0.0772   0.22495931    5.2427302   -42.424     8.756
svysep21           geo-0002:sv1-20210907-S-28-1A      59465.218257 21-SEP-08 05:14:17.40      2.200320     4  17.50  17.60  43708.92035  0.0000000   10.2475   306.4046     0.0000    63.1629   -19.77      0.00555  0.0000000    0.0049     0.0548     0.0000     0.0539   0.15291475    5.4553833   -56.874     9.134
svysep21           geo-0001:sv1-20210907-S-28-1B      59465.213928 21-SEP-08 05:08:03.37      1.467360     3  19.20  19.20  42032.35180  0.0000000   11.7792   316.3549     0.0000    53.6537     1.69      0.01481  0.0000000    0.0179     0.1201     0.0000     0.1177   0.16126419    6.0008702   -55.081     9.464
svysep21           geo-0001:sv1-20210907-S-5-1B       59464.931299 21-SEP-07 22:21:04.23      0.732960     2  15.10  15.10  43438.41789  0.0000000    9.6488   307.2709     0.0000    25.3750   -16.31      0.00000  0.0000000    0.0000     0.0000     0.0000     0.0000  22.24222201    0.1044122     9.851     4.119
svysep21           geo-0001:sv2-20210908-S-22-1A      59466.140732 21-SEP-09 03:22:39.24      2.200320     4  18.60  18.70  42733.52195  0.0000000   10.1187   306.5087     0.0000    62.8945    -7.28      0.00509  0.0000000    0.0046     0.0523     0.0000     0.0515   0.28072511    5.4344269   -30.031     8.998
svysep21           geo-0004:sv2-20210908-S-22-1A      59466.141750 21-SEP-09 03:24:07.20      0.732960     2  18.50  18.50  54413.15258  0.0000000   16.1009   338.4602     0.0000    31.1215  -156.78      0.00000  0.0000000    0.0000     0.0000     0.0000     0.0000   0.27503163    5.3958629   -30.859     8.241
svysep21           geo-0005:sv2-20210908-S-22-1A      59466.143278 21-SEP-09 03:26:19.21      0.732960     2  19.40  19.40  54270.16900  0.0000000   16.0313   338.2696     0.0000    31.6839  -154.95      0.00000  0.0000000    0.0000     0.0000     0.0000     0.0000   0.29130378    5.4607527   -31.041     8.340
svysep21           geo-0002:sv2-20210908-S-22-1B      59466.147607 21-SEP-09 03:32:33.24      1.467360     3  10.40  10.50  27663.33970  0.0000000   35.5838   207.4591     0.0000   159.6216   185.61      0.04614  0.0000000    0.1505     0.0965     0.0000     0.0786   0.28064708    6.5148870   -30.901    11.691
svysep21           geo-0003:sv2-20210908-S-22-1B      59466.158810 21-SEP-09 03:48:41.18      1.467360     3  17.00  17.10  37293.15306  0.0000000   12.9678   320.8709     0.0000    50.1305    62.35      0.00760  0.0000000    0.0115     0.0617     0.0000     0.0602   0.28037527    6.1302915   -35.323     9.918
svysep21           geo-0001:sv2-20210908-S-23-1A      59466.166542 21-SEP-09 03:59:49.22      2.933280     5  19.30  19.30  42220.94228  0.0000000   10.7564   312.6676     0.0000    56.8879    -0.72      0.00469  0.0000000    0.0052     0.0433     0.0000     0.0425   0.22517937    5.3740270   -39.296     8.994
svysep21           geo-0002:sv2-20210908-S-23-1A      59466.170616 21-SEP-09 04:05:41.22      1.467360     3  17.90  18.00  42746.81344  0.0000000   10.3953   309.7526     0.0000    60.0647    -7.45      0.00868  0.0000000    0.0087     0.0843     0.0000     0.0829   0.23415262    5.4012858   -40.451     8.996
svysep21           geo-0001:sv2-20210908-S-31-1A      59466.228359 21-SEP-09 05:28:50.21      2.933280     5  17.80  17.90  43760.34389  0.0000000   10.2384   306.3372     0.0000    63.0304   -20.43      0.00659  0.0000000    0.0058     0.0650     0.0000     0.0640   0.12516849    5.4146572   -61.706     9.115
svysep21           geo-0002:sv2-20210908-S-31-1A      59466.234979 21-SEP-09 05:38:22.18      2.933280     5  12.00  12.10  43506.59533  0.0000000   13.9528   330.1701     0.0000    39.8492   -17.18      0.00451  0.0000000    0.0068     0.0238     0.0000     0.0231   0.12410948    5.2359478   -63.913     8.888
svysep21           geo-0002:sv2-20210908-S-31-1B      59466.224539 21-SEP-09 05:23:20.16      0.732960     2  18.50  18.50  42032.91394  0.0000000   11.7372   316.0671     0.0000    53.9566     1.68      0.00000  0.0000000    0.0000     0.0000     0.0000     0.0000   0.14182107    5.5703712   -59.876     9.467
svysep21           geo-0002:sv1-20210909-S-27-1A      59467.160482 21-SEP-10 03:51:05.64      1.465920     3  18.30  18.40  42218.11083  0.0000000   10.7017   312.1889     0.0000    57.7521    -0.69      0.00801  0.0000000    0.0087     0.0749     0.0000     0.0736   0.25203707    5.4110636   -37.698     9.036
svysep21           geo-0005:sv1-20210909-S-27-1A      59467.166593 21-SEP-10 03:59:53.63      1.465920     3  17.80  17.90  42759.84692  0.0000000   10.3383   309.1753     0.0000    60.9576    -7.62      0.00335  0.0000000    0.0033     0.0330     0.0000     0.0325   0.25262112    5.4242716   -39.656     9.027
svysep21           geo-0005:sv1-20210909-S-2-1B       59466.877537 21-SEP-09 21:03:39.19      0.732960     2  19.10  19.10  42344.07081  0.0000000   15.3888   315.2921     0.0000    17.3927    -2.30      0.00000  0.0000000    0.0000     0.0000     0.0000     0.0000  22.31409112    0.3151841    27.052     4.550
svysep21           geo-0001:sv1-20210909-S-2-1B       59466.879065 21-SEP-09 21:05:51.21      2.200320     4  16.10  16.10  43409.05794  0.0000000    9.6377   307.2055     0.0000    25.3429   -15.93      0.00447  0.0000000    0.0080     0.0231     0.0000     0.0227  22.31262760    0.0922277    26.639     4.109
svysep21           geo-0003:sv1-20210909-S-32-1A      59467.223486 21-SEP-10 05:21:49.19      2.200320     4  16.20  16.30  41271.81954  0.0000000   11.6439   316.0815     0.0000    54.1795    11.43      0.00630  0.0000000    0.0077     0.0531     0.0000     0.0520   0.14407037    5.4912502   -60.233     9.419
svysep21           geo-0001:sv1-20210909-S-32-1B      59467.218139 21-SEP-10 05:14:07.20      1.467360     3  17.40  17.40  37104.39166  0.0000000   12.9933   320.9511     0.0000    50.0677    64.77      0.00719  0.0000000    0.0108     0.0579     0.0000     0.0564   0.15075679    5.5801050   -57.711     9.928
svysep21           geo-0005:sv1-20210909-S-5-1A       59466.927838 21-SEP-09 22:16:05.20      0.732960     2  14.80  14.90  31613.48689  0.0000000    9.3530   187.6478     0.0000   142.9496   135.05      0.00000  0.0000000    0.0000     0.0000     0.0000     0.0000  22.24062828    0.1225686     7.763     5.619
svysep21           geo-0001:sv1-20210909-S-5-1A       59466.936495 21-SEP-09 22:28:33.16      2.933280     5  15.40  15.40  43296.68695  0.0000000    8.9104   308.9947     0.0000    23.5434   -14.49      0.00415  0.0000000    0.0076     0.0218     0.0000     0.0215  22.22123362   -0.2857459     5.957     3.547
svysep21           geo-0001:sv1-20210909-S-5-1B       59466.923000 21-SEP-09 22:09:07.20      5.133600     8  15.20  15.30  61769.38033  0.0000000    3.3462   227.2463     0.0000   105.6378  -250.94      0.03211  0.0000000    0.0119     0.7048     0.0000     0.7036  22.22218400    0.2833140    11.454     3.222
svysep21           geo-0002:sv1-20210909-S-5-1B       59466.923000 21-SEP-09 22:09:07.20      2.933280     5  17.00  17.00  43537.17367  0.0000000   10.2128   307.9217     0.0000    24.2073   -17.57      0.00618  0.0000000    0.0111     0.0290     0.0000     0.0284  22.22242264    0.1442855    10.333     4.169
svysep21           geo-0003:sv1-20210909-S-5-1B       59466.927074 21-SEP-09 22:14:59.19      1.465920     3  14.60  14.70  31486.22505  0.0000000    9.3014   188.0392     0.0000   142.1123   136.68      0.01890  0.0000000    0.0429     0.2048     0.0000     0.2023  22.22172687    0.1622195     7.592     5.696
svysep21           geo-0006:sv1-20210910-S-28-1A      59468.190651 21-SEP-11 04:34:32.24      0.732960     2  15.00  15.00  26549.20935  0.0000000   54.3904   201.0840     0.0000   165.8780   199.88      0.00000  0.0000000    0.0000     0.0000     0.0000     0.0000   0.21076708    6.0439014   -46.310    11.441
svysep21           geo-0001:sv1-20210910-S-4-1B       59467.901796 21-SEP-10 21:38:35.17      2.933280     5  17.10  17.20  46189.69410  0.0000000    5.8216   204.0101     0.0000   128.2759   -51.52      0.03180  0.0000000    0.0366     0.4523     0.0000     0.4501  22.27161659    0.5559666    17.643     4.567
svysep21           geo-0002:sv1-20210910-S-5-1A       59467.913926 21-SEP-10 21:56:03.20      0.732960     2  12.30  12.30  28581.75701  0.0000000    8.6079   192.2694     0.0000   137.0541   173.86      0.00000  0.0000000    0.0000     0.0000     0.0000     0.0000  22.23390751   -0.1233588    10.481     5.853
svysep21           geo-0001:sv1-20210910-S-5-1A       59467.923602 21-SEP-10 22:09:59.21      1.467360     3  15.40  15.40  30888.62332  0.0000000    9.1211   186.6368     0.0000   143.6113   144.33      0.04802  0.0000000    0.1136     0.5235     0.0000     0.5177  22.23186895   -0.1241934     7.937     5.396
svysep21           geo-0001:sv1-20210910-S-5-1B       59467.924875 21-SEP-10 22:11:49.20      2.933280     5  15.80  15.90  41433.80732  0.0000000   11.1272   308.6829     0.0000    23.5683     9.35      0.00692  0.0000000    0.0132     0.0308     0.0000     0.0302  22.22420969    0.1839521     8.737     4.426
svysep21           geo-0001:sv1-20210911-S-22-1A      59469.129007 21-SEP-12 03:05:46.20      2.200320     4  18.30  18.40  42734.26611  0.0000000   10.7535   313.0515     0.0000    56.4298    -7.29      0.00268  0.0000000    0.0030     0.0243     0.0000     0.0238   0.28457125    5.4018164   -28.781     8.944
svysep21           geo-0013:sv1-20210911-S-22-1A      59469.147340 21-SEP-12 03:32:10.17      0.732960     2  18.90  19.00  42187.45751  0.0000000   10.7439   312.5090     0.0000    57.8540    -0.29      0.00000  0.0000000    0.0000     0.0000     0.0000     0.0000   0.28497357    5.4518600   -34.506     9.082
svysep21           geo-0001:sv1-20210911-S-23-1A      59469.155650 21-SEP-12 03:44:08.16      1.467360     3  18.30  18.30  42780.54502  0.0000000   10.3982   309.7587     0.0000    60.0065    -7.89      0.00630  0.0000000    0.0063     0.0612     0.0000     0.0602   0.24479378    5.4109399   -38.058     8.993
svysep21           geo-0001:sv1-20210911-S-23-1B      59469.167618 21-SEP-12 04:01:22.19      3.666240     6  15.00  15.00  48295.78596  0.0000000    9.6211   289.4676     0.0000    79.9098   -78.48      0.00000  0.0000000    0.0000     0.0000     0.0000     0.0000   0.23500533    6.3718318   -42.494     9.471
svysep21           geo-0001:sv1-20210911-S-29-1A      59469.243440 21-SEP-12 05:50:33.21      2.200320     4  15.00  15.00  41341.81883  0.0000000   11.6716   316.2908     0.0000    53.9434    10.53      0.01223  0.0000000    0.0149     0.1021     0.0000     0.1000   0.11224556    5.4217897   -69.439     9.413
