Campaign           Name                              Osc_epoch     Date      Time        arcl [min]    # obs mag_c   mag_u  a(km)        e          i(dg)     raan(dg)   w(dg)      s(dg)      dn(dg/d) da(km)       de         di(dg)    draan(dg)  dw(dg)     ds(dg)     R.A.(h)      Decl.(dg)    lon(dg)   lat(dg)  
svyfeb21_gto105    geo-0001:sv1-20210212-S-11-1A      59257.982137 21-FEB-12 23:34:16.63      1.533600     3  19.60  19.60  60909.20822  0.0000000   31.0901   356.8838     0.0000   165.0895  -239.93      0.07337  0.0000000    0.0975     0.0499     0.0000     0.0434  11.12016274    5.0827534    27.235     7.636
svyfeb21_gto105    geo-0002:sv1-20210212-S-11-1A      59257.985331 21-FEB-12 23:38:52.59      2.299680     4  19.20  19.30  48002.12134  0.0000000    9.1262    45.4848     0.0000   116.8975   -74.72      0.01311  0.0000000    0.0106     0.1303     0.0000     0.1286  11.10230127    4.5754519    24.722     8.132
svyfeb21_gto105    geo-0001:sv1-20210212-S-12-1A      59257.999081 21-FEB-12 23:58:40.59      3.067200     5  17.00  17.00  44747.56139  0.0000000   15.4992    13.9697     0.0000   147.3604   -33.06      0.03570  0.0000000    0.0577     0.1366     0.0000     0.1320  11.08140939    4.5521375    19.367     8.287
svyfeb21_gto105    geo-0002:sv1-20210212-S-17-1A      59258.033499 21-FEB-13 00:48:14.31      2.299680     4  12.90  12.90  42568.11757  0.0000000    9.2638    44.8307     0.0000   116.8012    -5.17      0.02403  0.0000000    0.0222     0.2696     0.0000     0.2661  11.01337717    4.4706743     6.592     8.261
svyfeb21_gto105    geo-0003:sv1-20210212-S-20-1A      59258.071432 21-FEB-13 01:42:51.72      0.766080     2  20.10  20.10  37840.66685  0.0000000   28.0376   358.4476     0.0000   161.1574    55.35      0.00000  0.0000000    0.0000     0.0000     0.0000     0.0000  10.53225016    4.5327075    -7.353     8.732
svyfeb21_gto105    geo-0003:sv1-20210212-S-24-1B      59258.105820 21-FEB-13 02:32:22.84      0.766080     2  20.80  20.90  59617.82934  0.0000000    9.0344    42.9410     0.0000   118.5419  -223.40      0.00000  0.0000000    0.0000     0.0000     0.0000     0.0000  10.45557686    5.3349631   -19.667     7.929
svyfeb21_gto105    geo-0001:sv1-20210213-S-14-1B      59259.006385 21-FEB-14 00:09:11.66      1.533600     3   0.00   0.00  42685.94242  0.0000000    7.1788    59.6534     0.0000   102.2310    -6.67      0.04275  0.0000000    0.0189     0.6744     0.0000     0.6692   0.00000000    0.0000000     0.000     0.000
svyfeb21_gto105    geo-0002:sv1-20210213-S-14-1A      59259.009048 21-FEB-14 00:13:01.74      3.067200     5  15.40  15.40  46157.34327  0.0000000   56.0295   158.1070     0.0000     7.9509   -51.11      0.03687  0.0000000    0.0709     0.0138     0.0000     0.0077  11.06486640    3.1004102    15.066     6.587
svyfeb21_gto105    geo-0001:sv1-20210213-S-14-1A      59259.019499 21-FEB-14 00:28:04.71      2.299680     4  13.10  13.10  41130.59174  0.0000000    9.5134    34.9458     0.0000   126.3089    13.23      0.01194  0.0000000    0.0150     0.1222     0.0000     0.1206  11.02570924    3.5545001    10.358     7.654
svyfeb21_gto105    geo-0001:sv1-20210213-S-15-1A      59259.020830 21-FEB-14 00:29:59.71      2.299680     4  13.30  13.40  42514.49423  0.0000000    8.2981    42.6799     0.0000   118.9527    -4.48      0.01111  0.0000000    0.0110     0.1363     0.0000     0.1349  11.03139455    3.3654752    10.132     7.255
svyfeb21_gto105    geo-0003:sv1-20210213-S-15-1A      59259.024024 21-FEB-14 00:34:35.67      1.533600     3  18.60  18.70  44379.90514  0.0000000   11.8633   128.8046     0.0000    34.2209   -28.36      0.00922  0.0000000    0.0148     0.0494     0.0000     0.0483  11.04259318    3.0540544     9.543     6.639
svyfeb21_gto105    geo-0001:sv1-20210213-U-17-1       59259.057554 21-FEB-14 01:22:52.66      3.067200     4  16.40  16.40  42583.61488  0.0000000    8.2797    51.3762     0.0000   110.0907    -5.36      0.02143  0.0000000    0.0153     0.2832     0.0000     0.2802  10.54481151    4.1601153    -3.352     7.773
svyfeb21_gto105    geo-0006:sv1-20210213-U-17-1       59259.060217 21-FEB-14 01:26:42.74      0.766080     2   9.90  10.00  29425.73396  0.0000000   55.3338   154.5073     0.0000    11.2955   163.06      0.00000  0.0000000    0.0000     0.0000     0.0000     0.0000  10.55091970    4.1052184    -4.986     9.271
svyfeb21_gto105    geo-0002:sv1-20210213-S-9-1A       59258.960810 21-FEB-13 23:03:33.98      3.067200     5  18.80  18.80  51483.96384  0.0000000    6.8394    81.9415     0.0000    81.1778  -119.29      0.00550  0.0000000    0.0014     0.0752     0.0000     0.0747  11.12528972    3.3919157    32.967     6.758
svyfeb21_gto105    geo-0001:sv1-20210213-S-9-1B       59258.960544 21-FEB-13 23:03:11.00      3.067200     5  19.00  19.10  51484.87116  0.0000000    6.8544    82.7636     0.0000    80.2903  -119.30      0.00612  0.0000000    0.0017     0.0833     0.0000     0.0827  11.12360768    3.3910191    32.991     6.756
svyfeb21_gto105    geo-0001:sv2-20210213-S-3-1A       59259.111987 21-FEB-14 02:41:15.67      0.766080     2  20.70  20.70  40837.56891  0.0000000   13.1775    15.3435     0.0000   145.7350    16.98      0.00000  0.0000000    0.0000     0.0000     0.0000     0.0000  10.43143099    3.3834552   -22.877     7.374
svyfeb21_gto105    geo-0001:sv2-20210213-U-6-1        59259.138503 21-FEB-14 03:19:26.65      1.533600     3  17.30  17.30  41950.43574  0.0000000   10.7906    27.6446     0.0000   133.7615     2.74      0.00325  0.0000000    0.0047     0.0259     0.0000     0.0254  10.38082447    4.1139977   -32.318     7.771
svyfeb21_gto105    geo-0002:sv2-20210213-S-7-1A       59259.143029 21-FEB-14 03:25:57.70      1.533600     3  18.60  18.70  42388.49185  0.0000000    7.2076    70.2626     0.0000    91.8420    -2.87      0.02776  0.0000000    0.0031     0.4512     0.0000     0.4476  10.38146159    3.3445820   -33.749     7.204
svyfeb21_gto105    geo-0001:sv1-20210214-S-13-1A      59259.987647 21-FEB-14 23:42:12.70      2.299680     4  17.00  17.10  43348.94209  0.0000000    5.8669    62.8722     0.0000    99.2916   -15.16      0.01208  0.0000000    0.0041     0.2309     0.0000     0.2297  11.09237149    2.0010150    21.448     5.790
svyfeb21_gto105    geo-0003:sv1-20210214-S-13-1B      59259.987913 21-FEB-14 23:42:35.68      1.533600     3  15.30  15.40  35982.13659  0.0000000   17.3151     5.2766     0.0000   154.8238    79.13      0.01825  0.0000000    0.0402     0.0630     0.0000     0.0605  11.09127288    2.4844534    20.248     7.274
svyfeb21_gto105    geo-0001:sv1-20210214-S-14-1A      59259.993249 21-FEB-14 23:50:16.71      3.833280     6  17.50  17.60  47106.18149  0.0000000   23.7214   149.9697     0.0000    13.4032   -63.25      0.03796  0.0000000    0.0676     0.0428     0.0000     0.0386  11.07037337    1.5125426    19.491     5.351
svyfeb21_gto105    geo-0002:sv1-20210214-S-14-1B      59259.999904 21-FEB-14 23:59:51.70      3.067200     5  12.90  13.00  42242.90695  0.0000000    6.8209    64.0008     0.0000    97.8880    -1.00      0.03045  0.0000000    0.0093     0.5181     0.0000     0.5144  11.06509308    2.5933909    16.756     6.756
svyfeb21_gto105    geo-0001:sv1-20210214-S-15-1A      59260.005934 21-FEB-15 00:08:32.69      3.065760     4  16.90  16.90  48332.37731  0.0000000    6.9463    32.5290     0.0000   129.6041   -78.95      0.01109  0.0000000    0.0125     0.1235     0.0000     0.1226  11.04594135    1.5746097    14.976     5.347
svyfeb21_gto105    geo-0001:sv1-20210214-S-17-1B      59260.025438 21-FEB-15 00:36:37.84      4.599360     7  18.10  18.20  54060.22737  0.0000000    5.9291    83.0706     0.0000    79.5557  -152.27      0.00717  0.0000000    0.0020     0.1057     0.0000     0.1052  11.01267463    2.5428340     8.166     5.831
svyfeb21_gto105    geo-0002:sv1-20210214-S-9-1B       59259.952416 21-FEB-14 22:51:28.74      0.766080     2  19.30  19.30  49157.09086  0.0000000   23.2795   357.7172     0.0000   163.9960   -89.51      0.00000  0.0000000    0.0000     0.0000     0.0000     0.0000  11.14025606    2.5638932    34.911     6.256
svyfeb21_gto105    geo-0001:sv1-20210215-S-13-1A      59260.998606 21-FEB-15 23:57:59.55      1.533600     3  20.70  20.80  39944.60753  0.0000000    4.7137    59.7836     0.0000   101.7585    28.41      0.05576  0.0000000    0.0258     1.4419     0.0000     1.4371  11.06059502    0.1927351    15.875     4.615
svyfeb21_gto105    geo-0001:sv1-20210215-S-20-1A      59261.064811 21-FEB-16 01:33:19.67      3.833280     5  19.80  19.90  52008.29777  0.0000000    4.4687    43.1225     0.0000   118.8118  -126.00      0.01860  0.0000000    0.0146     0.3359     0.0000     0.3349  10.52285551    0.3932298    -7.597     3.915
svyfeb21_gto105    geo-0001:sv1-20210215-S-23-1B      59261.095402 21-FEB-16 02:17:22.73      0.766080     2  17.30  17.40  48217.11015  0.0000000    4.5193    53.8693     0.0000   108.0851   -77.47      0.00000  0.0000000    0.0000     0.0000     0.0000     0.0000  10.47031970    0.4801931   -18.640     4.296
svyfeb21_gto105    geo-0001:sv1-20210215-S-24-1A      59261.116790 21-FEB-16 02:48:10.65      3.833280     5  19.50  19.50  51636.50759  0.0000000    5.4944    24.6164     0.0000   136.6325  -121.24      0.00770  0.0000000    0.0092     0.0892     0.0000     0.0888  10.40340250    0.2808026   -26.988     3.770
svyfeb21_gto105    geo-0002:sv1-20210215-S-24-1A      59261.124244 21-FEB-16 02:58:54.68      2.299680     4  18.90  18.90  43890.30317  0.0000000   14.8866   359.7045     0.0000   161.7347   -22.09      0.03500  0.0000000    0.0655     0.0840     0.0000     0.0812  10.40546480    0.4618636   -29.046     4.618
svyfeb21_gto105    geo-0002:sv1-20210215-S-26-1A      59261.142126 21-FEB-16 03:24:39.68      3.067200     4  18.70  18.80  53855.18768  0.0000000   10.2683     2.6207     0.0000   158.5341  -149.64      0.01450  0.0000000    0.0210     0.0461     0.0000     0.0453  10.37064118    0.3504850   -36.046     3.740
svyfeb21_gto105    geo-0001:sv1-20210215-S-26-1B      59261.133874 21-FEB-16 03:12:46.71      2.299680     4  13.00  13.00  42607.65535  0.0000000    5.1157    71.4894     0.0000    90.2289    -5.67      0.00435  0.0000000    0.0004     0.0988     0.0000     0.0984  10.37170623    1.1222298   -32.816     5.116
svyfeb21_gto105    geo-0002:sv1-20210215-S-26-1B      59261.133874 21-FEB-16 03:12:46.71      4.599360     6  18.70  18.70  68570.28260  0.0000000    5.6218    23.0509     0.0000   137.7025  -337.99      0.01729  0.0000000    0.0152     0.1396     0.0000     0.1390  10.37384867    1.2151136   -33.644     3.780
svyfeb21_gto105    geo-0001:sv1-20210215-S-9-1B       59260.962046 21-FEB-15 23:05:20.77      3.067200     5  18.90  19.00  48163.16738  0.0000000    5.0670    86.0566     0.0000    76.6486   -76.78      0.00589  0.0000000    0.0024     0.1147     0.0000     0.1143  11.11530121    1.2719795    30.147     4.930
svymar21_gto75     geo-0001:sv1-20210309-S-12-1B      59282.981703 21-MAR-09 23:33:39.13      1.599840     3  20.80  20.90  65369.73268  0.0000000    6.8432   223.6583     0.0000   288.6340  -297.03      0.05372  0.0000000    0.0215     0.5278     0.0000     0.5240  10.12397338   -9.5545577    -8.871    -6.483
svymar21_gto75     geo-0001:sv1-20210309-S-13-1A      59282.999828 21-MAR-09 23:59:45.13      4.000320     4  18.70  18.80  53099.08117  0.0000000    8.3681   276.2476     0.0000   235.9887  -139.96      0.00000  0.0000000    0.0000     0.0000     0.0000     0.0000  10.08148911  -11.1851775   -15.879    -6.929
svymar21_gto75     geo-0001:sv1-20210309-S-22-1A      59283.081424 21-MAR-10 01:57:15.03      2.400480     4  16.80  16.90  40916.99607  0.0000000   10.0865   299.2868     0.0000   212.9426    15.97      0.01159  0.0000000    0.0204     0.0768     0.0000     0.0755   9.50042524  -10.5406269   -45.462    -5.465
svymar21_gto75     geo-0004:sv1-20210309-S-22-1B      59283.081701 21-MAR-10 01:57:38.96      0.800640     2  20.00  20.10  45144.78718  0.0000000   11.2793   177.5478     0.0000   333.4876   -38.15      0.00000  0.0000000    0.0000     0.0000     0.0000     0.0000   9.50182419   -9.4957518   -45.907    -5.009
svymar21_gto75     geo-0001:sv1-20210309-S-22-1B      59283.085035 21-MAR-10 02:02:27.02      2.400480     4  13.90  14.00  42956.62600  0.0000000    7.5575   292.2909     0.0000   219.8329   -10.14      0.01965  0.0000000    0.0300     0.1923     0.0000     0.1905   9.50367382   -9.5351604   -46.711    -4.833
svymar21_gto75     geo-0001:sv1-20210309-S-9-1A       59282.956912 21-MAR-09 22:57:57.19      2.400480     4  19.10  19.20  40573.74073  0.0000000    7.7757   292.5014     0.0000   219.6239    20.36      0.01671  0.0000000    0.0273     0.1689     0.0000     0.1675  10.17479984  -10.3134893    -0.473    -4.950
svymar21_gto75     geo-0001:sv1-20210309-S-9-1B       59282.957190 21-MAR-09 22:58:21.21      1.599840     3  16.20  16.30  40592.86932  0.0000000    7.7153   292.1059     0.0000   220.1192    20.12      0.01721  0.0000000    0.0279     0.1766     0.0000     0.1752  10.18125888  -10.3217376    -0.470    -4.963
svymar21_gto75     geo-0001:sv1-20210311-S-11-1B      59284.954921 21-MAR-11 22:55:05.17      1.599840     3  19.80  19.80  64061.00618  0.0000000    7.4423   183.4805     0.0000   328.7928  -280.28      0.05532  0.0000000    0.0602     0.2806     0.0000     0.2781  10.15546246   -7.0725961    -1.104    -3.848
svymar21_gto75     geo-0031:sv1-20210311-S-19-1B      59285.062074 21-MAR-12 01:29:23.19      0.800640     2  11.30  11.40  29879.12910  0.0000000   54.8559   154.0872     0.0000   359.4312   157.25      0.00000  0.0000000    0.0000     0.0000     0.0000     0.0000   9.55459402   -7.3026113   -38.512    -0.465
svymar21_gto75     geo-0001:sv1-20210311-S-21-1A      59285.096252 21-MAR-12 02:18:36.17      2.400480     4  16.80  16.90  45756.99523  0.0000000    6.6666   300.2546     0.0000   211.5317   -45.98      0.00839  0.0000000    0.0133     0.0710     0.0000     0.0705   9.48002824   -7.5938702   -52.996    -3.481
svymar21_gto75     geo-0001:sv1-20210311-S-24-1B      59285.132028 21-MAR-12 03:10:07.21      2.400480     3  17.00  17.10  71639.13601  0.0000000   31.7933   323.2831     0.0000   187.7114  -377.28      0.00000  0.0000000    0.0000     0.0000     0.0000     0.0000   9.44421240   -6.4619488   -67.676    -4.054
svymar21_gto75     geo-0001:sv1-20210311-S-27-1A      59285.147932 21-MAR-12 03:33:01.32      1.599840     3  14.30  14.40  33661.25136  0.0000000    9.1004   164.9531     0.0000   348.4459   108.84      0.01148  0.0000000    0.0289     0.0377     0.0000     0.0381   9.40268866   -7.3612870   -69.725    -1.815
svymar21_gto75     geo-0002:sv1-20210311-S-4-1A       59284.887294 21-MAR-11 21:17:42.20      0.800640     2  20.90  20.90  73638.79792  0.0000000    9.9748   302.7633     0.0000   212.0398  -402.87      0.00000  0.0000000    0.0000     0.0000     0.0000     0.0000  10.30068245   -8.0210376    25.233    -5.272
svymar21_gto75     geo-0005:sv1-20210311-S-5-1A       59284.904030 21-MAR-11 21:41:48.19      0.800640     2  11.00  11.00  26943.73496  0.0000000    9.1083   148.7606     0.0000   360.5921   194.83      0.00000  0.0000000    0.0000     0.0000     0.0000     0.0000  10.27093568   -7.3441365    14.125     0.094
svymar21_gto75     geo-0001:sv1-20210311-S-5-1B       59284.902086 21-MAR-11 21:39:00.23      2.400480     3  21.10  21.10  42971.19149  0.0000000   11.9928   320.0370     0.0000   192.0784   -10.33      0.02879  0.0000000    0.0559     0.0599     0.0000     0.0594  10.26175594   -7.1429943    17.341    -2.492
svymar21_gto75     geo-0001:sv1-20210311-S-8-1B       59284.924375 21-MAR-11 22:11:06.00      5.600160     8  18.40  18.50  63690.91014  0.0000000   11.0567   314.4226     0.0000   198.9566  -275.54      0.00701  0.0000000    0.0085     0.0156     0.0000     0.0153  10.22172744   -6.4726531    10.487    -3.572
svymar21_gto75     geo-0006:sv1-20210312-S-17-1A      59286.026461 21-MAR-13 00:38:06.23      0.800640     2  13.80  13.90  43135.79309  0.0000000   12.7253   326.4059     0.0000   185.8804   -12.43      0.00000  0.0000000    0.0000     0.0000     0.0000     0.0000  10.01464926   -6.0313915   -28.259    -1.293
svymar21_gto75     geo-0001:sv1-20210312-S-18-1A      59286.037225 21-MAR-13 00:53:36.24      3.199680     5  16.30  16.40  43375.12816  0.0000000    2.3404   274.2376     0.0000   237.3479   -15.50      0.00958  0.0000000    0.0101     0.3921     0.0000     0.3917   9.56569854   -6.4617377   -32.723    -1.970
svymar21_gto75     geo-0001:sv1-20210312-S-27-1A      59286.128126 21-MAR-13 03:04:30.08      1.599840     3  10.70  10.80  30898.02866  0.0000000    6.4734   155.5608     0.0000   358.5573   144.21      0.01337  0.0000000    0.0379     0.0219     0.0000     0.0254   9.42216793   -6.2912294   -62.974    -0.163
svyapr21_gto105    geo-0001:sv1-20210412-S-18-1A      59317.086038 21-APR-13 02:03:53.68      3.833280     3  18.70  18.80  60897.95798  0.0000000   11.1912   263.0980     0.0000   313.2790  -239.79      0.00000  0.0000000    0.0000     0.0000     0.0000     0.0000  14.28120647  -12.0003368   -15.537    -8.123
svyapr21_gto105    geo-0002:sv1-20210412-S-21-1B      59317.119767 21-APR-13 02:52:27.86      2.299680     4  10.70  10.80  42081.47001  0.0000000    8.2569   352.7127     0.0000   224.5481     1.06      0.00431  0.0000000    0.0063     0.0433     0.0000     0.0428  14.21076239  -11.1651471   -27.677    -5.782
svyapr21_gto105    geo-0011:sv1-20210412-S-8-1B       59316.997473 21-APR-12 23:56:21.66      0.766080     2  11.50  11.60  29821.50749  0.0000000   56.6406    32.8421     0.0000   184.3466   157.99      0.00000  0.0000000    0.0000     0.0000     0.0000     0.0000  14.47457227  -11.0223665    14.743    -3.629
svyapr21_gto105    geo-0001:sv1-20210414-S-12-1B      59319.131038 21-APR-15 03:08:41.68      1.533600     3  11.50  11.50  36607.37173  0.0000000    4.5198     2.6724     0.0000   214.6902    71.13      0.00579  0.0000000    0.0114     0.1015     0.0000     0.1011  14.17169746   -8.2845380   -33.400    -2.571
svyapr21_gto105    geo-0002:sv1-20210414-S-6-1A       59319.010668 21-APR-15 00:15:21.71      4.599360     6  17.30  17.40  55629.57355  0.0000000   11.4979   244.3593     0.0000   332.9626  -172.35      0.02090  0.0000000    0.0279     0.0706     0.0000     0.0691  14.42520239   -9.0417774    10.562    -5.199
svyapr21_gto105    geo-0001:sv1-20210414-S-7-1B       59319.083480 21-APR-15 02:00:12.67      2.299680     4  17.70  17.70  68475.91134  0.0000000    6.0325   272.2635     0.0000   304.6936  -336.79      0.01843  0.0000000    0.0124     0.1689     0.0000     0.1680  14.28326863   -8.0716353   -16.405    -4.957
svymay21_gto75     geo-0001:sv1-20210508-S-11-1A      59342.997421 21-MAY-08 23:56:17.17      2.400480     4  16.70  16.80  61257.51677  0.0000000   14.2629   279.5503     0.0000   320.2230  -244.39      0.00000  0.0000000    0.0000     0.0000     0.0000     0.0000  16.14364879  -12.4810254    14.552    -9.069
svymay21_gto75     geo-0002:sv1-20210508-S-11-1A      59343.002977 21-MAY-09 00:04:17.21      4.799520     7  18.50  18.60  61977.96162  0.0000000   23.8491    39.3758     0.0000   203.2332  -253.61      0.02812  0.0000000    0.0343     0.0370     0.0000     0.0340  16.14289784  -12.5338269    12.706    -9.178
svymay21_gto75     geo-0001:sv1-20210508-S-11-1B      59342.997699 21-MAY-08 23:56:41.19      4.799520     6  17.00  17.10  61040.09285  0.0000000   14.1271   279.9332     0.0000   319.9006  -241.61      0.03801  0.0000000    0.0394     0.1340     0.0000     0.1299  16.14492220  -12.4729935    14.497    -9.045
svymay21_gto75     geo-0003:sv1-20210508-S-11-1B      59343.003810 21-MAY-09 00:05:29.18      3.199680     3  16.80  16.90  42588.10234  0.0000000   16.0057    34.1956     0.0000   206.2325    -5.42      0.03049  0.0000000    0.0547     0.0994     0.0000     0.0960  16.14165039  -12.2241473    11.134    -7.000
svymay21_gto75     geo-0004:sv1-20210508-S-11-1B      59343.004366 21-MAY-09 00:06:17.22      1.599840     3  17.40  17.50  42712.92465  0.0000000   15.9232    33.9886     0.0000   206.6490    -7.02      0.02787  0.0000000    0.0497     0.0919     0.0000     0.0887  16.15037187  -12.2607596    11.142    -7.068
svymay21_gto75     geo-0003:sv1-20210508-S-22-1B      59343.093188 21-MAY-09 02:14:11.44      0.800640     2  18.80  18.90  27387.95866  0.0000000    9.4115   265.2866     0.0000   334.2270   189.14      0.00000  0.0000000    0.0000     0.0000     0.0000     0.0000  15.54597023  -12.5149643   -20.855    -4.077
svymay21_gto75     geo-0004:sv1-20210508-S-22-1B      59343.093188 21-MAY-09 02:14:11.44      0.800640     2  20.00  20.00  27863.96803  0.0000000    9.3875   266.3623     0.0000   333.1284   183.05      0.00000  0.0000000    0.0000     0.0000     0.0000     0.0000  15.55004828  -12.5147154   -20.870    -4.228
svymay21_gto75     geo-0005:sv1-20210508-S-22-1B      59343.093188 21-MAY-09 02:14:11.44      0.800640     2  16.60  16.60  28354.74150  0.0000000    9.3449   267.5089     0.0000   331.9638   176.76      0.00000  0.0000000    0.0000     0.0000     0.0000     0.0000  15.55023129  -12.5141267   -20.882    -4.377
svymay21_gto75     geo-0001:sv1-20210508-S-23-1A      59343.110454 21-MAY-09 02:39:03.22      2.400480     3  10.70  10.70  42022.69079  0.0000000    8.2277   352.5984     0.0000   247.0648     1.82      0.00314  0.0000000    0.0025     0.0413     0.0000     0.0409  15.51097530  -13.1821575   -27.454    -7.573
svymay21_gto75     geo-0001:sv1-20210509-S-17-1B      59344.023057 21-MAY-10 00:33:12.12      4.000320     6  18.10  18.10  52965.79293  0.0000000    8.1655     4.7899     0.0000   235.3908  -138.26      0.02201  0.0000000    0.0195     0.2011     0.0000     0.1991  16.09038978  -10.5955935     3.567    -6.713
svymay21_gto75     geo-0002:sv1-20210509-S-17-1B      59344.025834 21-MAY-10 00:37:12.05      4.000320     6  17.00  17.00  53713.73475  0.0000000   21.6241    42.6812     0.0000   198.5486  -147.83      0.01128  0.0000000    0.0166     0.0154     0.0000     0.0144  16.08550837  -10.5742031     2.662    -6.732
svymay21_gto75     geo-0001:sv1-20210509-S-24-1A      59344.083684 21-MAY-10 02:00:30.29      3.199680     3  21.00  21.00  63575.06560  0.0000000    9.8240   293.2527     0.0000   305.4180  -274.06      0.01000  0.0000000    0.0075     0.0607     0.0000     0.0598  15.55199840  -11.4041607   -19.155    -7.993
svymay21_gto75     geo-0001:sv1-20210509-S-25-1A      59344.101531 21-MAY-10 02:26:12.27      4.000320     6  18.40  18.40  67076.74402  0.0000000   11.5414   282.3678     0.0000   315.9067  -318.88      0.02790  0.0000000    0.0242     0.1161     0.0000     0.1138  15.52057079  -11.2800420   -25.809    -8.003
svymay21_gto75     geo-0002:sv1-20210509-S-25-1B      59344.101809 21-MAY-10 02:26:36.29      5.600160     7  16.00  18.60  67046.04303  0.0000000   11.5891   282.1308     0.0000   316.1895  -318.48      0.00000  0.0000000    0.0000     0.0000     0.0000     0.0000  15.52167073  -11.2734827   -25.859    -7.994
svymay21_gto75     geo-0001:sv1-20210509-S-29-1B      59344.130698 21-MAY-10 03:08:12.30      2.400480     4  11.90  11.90  45689.16924  0.0000000    6.5576   352.2752     0.0000   246.9144   -45.12      0.00581  0.0000000    0.0042     0.0870     0.0000     0.0864  15.45328642  -10.5956873   -36.144    -6.030
svymay21_gto75     geo-0001:sv1-20210510-S-14-1B      59345.006947 21-MAY-11 00:10:00.22      4.000320     6  16.40  16.50  53554.43161  0.0000000    8.8833   278.0130     0.0000   321.7797  -145.79      0.00000  0.0000000    0.0000     0.0000     0.0000     0.0000  16.11561323   -9.3335868     8.618    -5.482
svymay21_gto75     geo-0001:sv1-20210510-S-15-1B      59345.015905 21-MAY-11 00:22:54.19      1.599840     3  15.70  15.80  28797.79464  0.0000000   11.8804   245.9370     0.0000   351.5994   171.09      0.03864  0.0000000    0.1227     0.0994     0.0000     0.0949  16.09175662   -9.2109881     2.969    -1.723
svymay21_gto75     geo-0001:sv1-20210510-S-17-1A      59345.045766 21-MAY-11 01:05:54.18      1.599840     3  19.60  19.60  41344.43134  0.0000000    9.2753   271.2914     0.0000   327.9979    10.50      0.07278  0.0000000    0.1292     0.4984     0.0000     0.4917  16.05174282  -10.2336778    -5.897    -4.900
svymay21_gto75     geo-0001:sv1-20210510-S-17-1B      59345.049377 21-MAY-11 01:11:06.17      2.400480     4  15.60  15.60  42605.08624  0.0000000    6.5174   279.8057     0.0000   319.5658    -5.64      0.00000  0.0000000    0.0000     0.0000     0.0000     0.0000  16.03567850   -9.2657214    -7.273    -4.222
svymay21_gto75     geo-0002:sv1-20210510-S-21-1B      59345.077316 21-MAY-11 01:51:20.10      0.800640     2  20.60  20.60  48931.75039  0.0000000    6.4107   286.8899     0.0000   312.2538   -86.62      0.00000  0.0000000    0.0000     0.0000     0.0000     0.0000  15.56503924   -9.1719762   -17.590    -4.741
svymay21_gto75     geo-0003:sv1-20210510-S-21-1B      59345.078427 21-MAY-11 01:52:56.09      0.800640     2  20.20  20.20  83220.86485  0.0000000   19.5488    39.2942     0.0000   200.9239  -525.52      0.00000  0.0000000    0.0000     0.0000     0.0000     0.0000  15.56000841   -9.3304257   -18.206    -6.863
svymay21_gto75     geo-0006:sv1-20210510-S-21-1B      59345.081205 21-MAY-11 01:56:56.11      0.800640     2  20.50  20.60  83263.11600  0.0000000   19.9198    39.6998     0.0000   200.9010  -526.06      0.00000  0.0000000    0.0000     0.0000     0.0000     0.0000  15.57104384   -9.4031020   -18.867    -6.981
svymay21_gto75     geo-0001:sv1-20210510-S-21-1B      59345.083983 21-MAY-11 02:00:56.13      3.199680     5  17.50  17.60  46416.31389  0.0000000    9.1968   271.2493     0.0000   327.8712   -54.42      0.01800  0.0000000    0.0279     0.1086     0.0000     0.1072  15.56045264   -9.4256292   -19.866    -4.876
svymay21_gto75     geo-0012:sv1-20210510-S-21-1B      59345.083983 21-MAY-11 02:00:56.13      0.800640     2  21.00  21.00  82334.06095  0.0000000   19.1388    38.8625     0.0000   202.0433  -514.17      0.00000  0.0000000    0.0000     0.0000     0.0000     0.0000  15.58213296   -9.4757656   -19.524    -7.068
svymay21_gto75     geo-0001:sv1-20210510-S-22-1B      59345.091274 21-MAY-11 02:11:26.07      5.600160     7  16.80  16.80  62894.45557  0.0000000    6.9243   356.4306     0.0000   242.7070  -265.34      0.01827  0.0000000    0.0107     0.1745     0.0000     0.1732  15.53239821   -9.4255992   -22.985    -6.150
svymay21_gto75     geo-0008:sv1-20210510-S-22-1B      59345.096274 21-MAY-11 02:18:38.07      0.800640     2  21.40  21.40  69690.70884  0.0000000   14.8305    33.6876     0.0000   206.3023  -352.34      0.00000  0.0000000    0.0000     0.0000     0.0000     0.0000  15.54095675   -9.4337539   -24.530    -6.512
svymay21_gto75     geo-0013:sv1-20210510-S-6-1B       59344.942317 21-MAY-10 22:36:56.18      0.800640     2  20.30  20.40  23241.36709  0.0000000   11.6854    54.2273     0.0000   180.2484   242.22      0.00000  0.0000000    0.0000     0.0000     0.0000     0.0000  16.23119470   -8.5057594    26.290    -0.050
svymay21_gto75     geo-0011:sv1-20210510-S-9-1A       59344.956638 21-MAY-10 22:57:33.52      0.800640     2  15.10  15.20  35546.06694  0.0000000   34.5926   244.0075     0.0000   353.1527    84.72      0.00000  0.0000000    0.0000     0.0000     0.0000     0.0000  16.20441262   -9.4615568    25.012    -3.881
svymay21_gto75     geo-0001:sv1-20210510-S-9-1A       59344.957749 21-MAY-10 22:59:09.51      2.400480     4  13.10  13.20  60554.81544  0.0000000    9.3956    21.5632     0.0000   220.2310  -235.40      0.01827  0.0000000    0.0191     0.0993     0.0000     0.0980  16.21392977   -9.2828343    27.662    -6.052
svymay21_gto75     geo-0001:sv1-20210510-S-9-1B       59344.955805 21-MAY-10 22:56:21.55      4.799520     7  13.20  13.30  60694.80365  0.0000000    9.2978    20.9903     0.0000   220.4001  -237.19      0.01892  0.0000000    0.0196     0.1044     0.0000     0.1031  16.20066979   -9.2506890    27.968    -6.011
svymay21_gto75     geo-0002:sv1-20210510-S-9-1B       59344.958582 21-MAY-10 23:00:21.48      4.000320     6  18.30  18.30  49722.85787  0.0000000   17.3744    44.0641     0.0000   196.8699   -96.75      0.02370  0.0000000    0.0384     0.0400     0.0000     0.0386  16.20041086   -9.0751818    26.154    -4.971
svymay21_gto75     geo-0002:sv1-20210511-S-10-1B      59345.958139 21-MAY-11 22:59:43.20      3.199680     3  20.20  20.20  63257.84001  0.0000000    4.5266   335.5110     0.0000   265.9037  -269.99      0.01136  0.0000000    0.0011     0.1873     0.0000     0.1868  16.20330367   -7.4225008    26.525    -4.515
svymay21_gto75     geo-0002:sv1-20210511-S-11-1B      59345.973209 21-MAY-11 23:21:25.25      4.799520     7  14.70  17.20  56977.59649  0.0000000    5.4622   286.6671     0.0000   313.8954  -189.61      0.01118  0.0000000    0.0114     0.1227     0.0000     0.1221  16.17351908   -7.3108020    20.375    -3.933
svymay21_gto75     geo-0001:sv1-20210511-S-15-1A      59345.999319 21-MAY-11 23:59:01.16      3.199680     5  17.60  17.60  43717.10347  0.0000000    7.5379    28.2166     0.0000   211.5040   -19.87      0.01391  0.0000000    0.0231     0.1096     0.0000     0.1088  16.12518686   -8.5022700     9.757    -3.931
svymay21_gto75     geo-0002:sv1-20210511-S-15-1A      59345.999875 21-MAY-11 23:59:49.20      4.000320     4  19.30  19.40  54005.55510  0.0000000    9.3905   268.8763     0.0000   331.1347  -151.57      0.02819  0.0000000    0.0382     0.1280     0.0000     0.1262  16.13216227   -8.2720627    10.393    -4.518
svymay21_gto75     geo-0001:sv1-20210511-S-19-1A      59346.029748 21-MAY-12 00:42:50.22      3.199680     5  20.80  20.90  55750.11545  0.0000000    5.9677     7.8082     0.0000   232.0639  -173.90      0.02057  0.0000000    0.0187     0.2322     0.0000     0.2310  16.05504191   -8.3552602    -1.006    -4.704
svymay21_gto75     geo-0002:sv1-20210511-S-19-1A      59346.033637 21-MAY-12 00:48:26.23      3.199680     5  20.00  20.10  43698.07126  0.0000000    3.6163   320.4528     0.0000   278.8945   -19.63      0.02442  0.0000000    0.0082     0.7474     0.0000     0.7459  16.05360512   -8.3245745    -2.766    -3.573
svymay21_gto75     geo-0003:sv1-20210511-S-19-1A      59346.033637 21-MAY-12 00:48:26.23      3.199680     3   0.00   0.00  43787.63081  0.0000000    3.6253   320.5919     0.0000   278.7639   -20.78      0.00603  0.0000000    0.0020     0.1838     0.0000     0.1834   0.00000000    0.0000000     0.000     0.000
svymay21_gto75     geo-0001:sv1-20210511-S-20-1A      59346.047595 21-MAY-12 01:08:32.20      4.000320     6  17.70  17.70  52640.78229  0.0000000    5.8174     4.1776     0.0000   235.5899  -134.10      0.00396  0.0000000    0.0035     0.0511     0.0000     0.0509  16.02540846   -8.5856421    -7.540    -4.797
svymay21_gto75     geo-0001:sv1-20210511-S-20-1B      59346.043984 21-MAY-12 01:03:20.21      4.000320     6  16.30  16.30  54766.73790  0.0000000    6.4415    17.8972     0.0000   221.8620  -161.31      0.00510  0.0000000    0.0057     0.0462     0.0000     0.0459  16.03041976   -8.1443242    -6.287    -4.294
svymay21_gto75     geo-0001:sv1-20210511-S-25-1B      59346.091611 21-MAY-12 02:11:55.19      1.599840     3  11.60  11.70  36771.88014  0.0000000    2.0112   319.0593     0.0000   280.6141    69.03      0.01122  0.0000000    0.0053     0.7522     0.0000     0.7518  15.53558524   -7.4903368   -23.379    -1.977
svymay21_gto75     geo-0001:sv1-20210511-S-28-1A      59346.123116 21-MAY-12 02:57:17.22      3.199680     5  15.40  15.40  44506.78330  0.0000000    5.5527    18.2723     0.0000   221.0488   -29.98      0.03462  0.0000000    0.0498     0.4543     0.0000     0.4521  15.46170181   -8.2908523   -35.244    -3.643
svymay21_gto75     geo-0001:sv1-20210511-S-28-1B      59346.118949 21-MAY-12 02:51:17.19      4.799520     6  16.50  16.50  55392.95417  0.0000000    7.1223    21.2573     0.0000   217.4610  -169.32      0.04062  0.0000000    0.0480     0.3007     0.0000     0.2984  15.46102784   -8.1141172   -34.423    -4.325
svymay21_gto75     geo-0001:sv1-20210511-S-5-1B       59345.926426 21-MAY-11 22:14:03.20      3.199680     3  17.70  17.70  46253.91969  0.0000000   16.3419    48.0178     0.0000   192.3536   -52.34      0.02971  0.0000000    0.0531     0.0426     0.0000     0.0417  16.23326334   -7.4041300    36.457    -3.451
svyaug21_gto105    geo-0001:sv1-20210805-S-10-1B      59432.021999 21-AUG-06 00:31:40.71      3.065760     5  17.80  17.90  43227.39564  0.0000000   15.9661     5.5002     0.0000   322.7389   -13.61      0.00553  0.0000000    0.0088     0.0239     0.0000     0.0230  22.10544534  -15.1219702     6.624    -9.587
svyaug21_gto105    geo-0003:sv1-20210805-S-11-1B      59432.041073 21-AUG-06 00:59:08.70      1.533600     3  18.50  18.50  47794.69202  0.0000000   18.1033     2.1335     0.0000   326.3677   -72.07      0.00897  0.0000000    0.0132     0.0281     0.0000     0.0267  22.08206953  -15.0315192     0.248    -9.910
svyaug21_gto105    geo-0001:sv1-20210805-S-16-1A      59432.070041 21-AUG-06 01:40:51.54      2.299680     4  14.10  14.10  42590.67905  0.0000000   14.4600    14.9174     0.0000   313.7650    -5.46      0.00435  0.0000000    0.0061     0.0251     0.0000     0.0243  22.02194201  -16.2323829   -10.434   -10.389
svyaug21_gto105    geo-0005:sv1-20210805-S-16-1A      59432.072170 21-AUG-06 01:43:55.48      0.766080     2  20.00  20.00  75801.87583  0.0000000   18.3890    14.5370     0.0000   314.0242  -430.56      0.00000  0.0000000    0.0000     0.0000     0.0000     0.0000  22.02135677  -16.2907009   -10.744   -13.111
svyaug21_gto105    geo-0001:sv1-20210805-S-19-1A      59432.087726 21-AUG-06 02:06:19.52      1.533600     3  19.20  19.20  34542.17525  0.0000000   15.3823   115.5993     0.0000   214.7782    97.57      0.03214  0.0000000    0.0677     0.1794     0.0000     0.1731  21.57246969  -16.0508124   -17.017    -8.702
svyaug21_gto105    geo-0002:sv1-20210805-S-19-1A      59432.087726 21-AUG-06 02:06:19.52      1.533600     3   0.00   0.00  34476.04722  0.0000000   15.4237   115.7764     0.0000   214.6000    98.41      0.05497  0.0000000    0.1162     0.3053     0.0000     0.2946   0.00000000    0.0000000     0.000     0.000
svyaug21_gto105    geo-0003:sv1-20210805-S-19-1A      59432.089323 21-AUG-06 02:08:37.50      2.299680     4  20.30  20.30  39995.64939  0.0000000   26.0358   350.9868     0.0000   336.4216    27.76      0.00000  0.0000000    0.0000     0.0000     0.0000     0.0000  21.57509860  -16.3209848   -17.424   -10.112
svyaug21_gto105    geo-0011:sv1-20210805-S-19-1A      59432.090388 21-AUG-06 02:10:09.52      0.766080     2   0.00   0.00  40056.61465  0.0000000   25.9057   351.1393     0.0000   336.6950    26.98      0.00000  0.0000000    0.0000     0.0000     0.0000     0.0000   0.00000000    0.0000000     0.000     0.000
svyaug21_gto105    geo-0001:sv1-20210805-S-9-1B       59432.011443 21-AUG-06 00:16:28.67      2.299680     4  18.70  18.80  42814.92959  0.0000000   13.9032    13.6136     0.0000   314.9599    -8.33      0.01317  0.0000000    0.0187     0.0771     0.0000     0.0748  22.13335824  -15.2459484    10.540    -9.789
svyaug21_gto105    geo-0001:sv1-20210806-S-16-1B      59433.050553 21-AUG-07 01:12:47.77      1.533600     3  17.70  17.70  42319.94793  0.0000000   14.9610     3.2518     0.0000   325.6745    -1.99      0.02823  0.0000000    0.0475     0.1248     0.0000     0.1206  22.07053093  -14.0727910    -4.148    -8.371
svyaug21_gto105    geo-0001:sv1-20210806-S-19-1B      59433.075924 21-AUG-07 01:49:19.83      3.833280     6  16.20  16.20  51309.80485  0.0000000   10.6213    86.9848     0.0000   242.7976  -117.06      0.03926  0.0000000    0.0290     0.3081     0.0000     0.3029  21.59003675  -14.1337980   -13.769    -9.435
svyaug21_gto105    geo-0004:sv1-20210806-S-19-1B      59433.076456 21-AUG-07 01:50:05.79      0.766080     2  19.90  20.00  57473.64215  0.0000000   15.8171   113.8926     0.0000   216.9090  -195.96      0.00000  0.0000000    0.0000     0.0000     0.0000     0.0000  22.00223277  -13.3900263   -13.594    -9.421
svyaug21_gto105    geo-0003:sv1-20210806-S-23-1B      59433.106455 21-AUG-07 02:33:17.71      0.766080     2  20.20  20.30  53058.11960  0.0000000   18.4038     0.1013     0.0000   327.8001  -139.44      0.00000  0.0000000    0.0000     0.0000     0.0000     0.0000  21.53028426  -14.1838167   -24.927    -9.685
svyaug21_gto105    geo-0006:sv1-20210806-S-9-1A       59432.972207 21-AUG-06 23:19:58.68      0.766080     2  19.60  19.70  43319.02814  0.0000000   18.3718   357.7743     0.0000   330.7907   -14.78      0.00000  0.0000000    0.0000     0.0000     0.0000     0.0000  22.21057753  -14.0056250    24.117    -8.848
svyaug21_gto105    geo-0001:sv1-20210807-S-11-1B      59433.991816 21-AUG-07 23:48:12.90      1.533600     3  18.00  18.10  55006.02266  0.0000000   22.7050   351.0108     0.0000   338.1829  -164.37      0.00621  0.0000000    0.0088     0.0091     0.0000     0.0084  22.17193640  -12.1927921    16.971    -8.248
svyaug21_gto105    geo-0002:sv1-20210807-S-11-1B      59434.000867 21-AUG-08 00:01:14.90      1.533600     3  18.30  18.30  48216.42023  0.0000000   23.5542   347.7615     0.0000   340.8680   -77.46      0.00349  0.0000000    0.0058     0.0051     0.0000     0.0046  22.15236532  -12.1317435    13.082    -7.526
svyaug21_gto105    geo-0001:sv1-20210807-S-16-1A      59434.032568 21-AUG-08 00:46:53.87      0.766080     2  20.00  20.00  59601.17511  0.0000000    9.5272    39.9324     0.0000   290.4922  -223.19      0.00000  0.0000000    0.0000     0.0000     0.0000     0.0000  22.10335627  -12.5156363     2.205    -8.919
svyaug21_gto105    geo-0001:sv1-20210807-S-20-1A      59434.071156 21-AUG-08 01:42:27.87      3.067200     5  18.10  18.10  47984.44170  0.0000000    8.5197    44.9590     0.0000   284.2147   -74.50      0.00656  0.0000000    0.0030     0.0751     0.0000     0.0743  21.59162567  -13.1714516   -13.086    -8.257
svyaug21_gto105    geo-0001:sv1-20210807-S-20-1B      59434.074084 21-AUG-08 01:46:40.85      2.299680     4  14.80  14.90  39049.07014  0.0000000    6.3059    55.9853     0.0000   273.3684    39.88      0.03853  0.0000000    0.0082     0.7787     0.0000     0.7740  21.59179900  -12.2206450   -14.095    -6.295
svyaug21_gto105    geo-0001:sv1-20210807-S-23-1A      59434.091133 21-AUG-08 02:11:13.89      3.833280     5  20.00  20.00  51280.84831  0.0000000    8.5854    71.7779     0.0000   257.4263  -116.69      0.01368  0.0000000    0.0049     0.1454     0.0000     0.1438  21.54222512  -13.0344111   -20.557    -8.378
svyaug21_gto105    geo-0002:sv1-20210807-S-24-1A      59434.108611 21-AUG-08 02:36:23.99      2.299680     4  16.00  16.00  40990.17071  0.0000000    8.2566    84.6501     0.0000   245.1520    15.03      0.00652  0.0000000    0.0057     0.0867     0.0000     0.0858  21.52101316  -13.2138912   -26.359    -7.488
svyaug21_gto105    geo-0002:sv1-20210807-S-5-1A       59433.951686 21-AUG-07 22:50:25.67      1.533600     3   0.20  16.50  54743.28397  0.0000000   21.8897   352.8401     0.0000   336.5888  -161.01      0.01520  0.0000000    0.0214     0.0249     0.0000     0.0230  22.22528211  -12.2333220    31.667    -8.519
svyaug21_gto105    geo-0001:sv1-20210807-S-8-1A       59433.962453 21-AUG-07 23:05:55.93      3.067200     5  18.40  18.40  59122.38769  0.0000000    9.1009    75.3829     0.0000   255.9544  -217.06      0.02595  0.0000000    0.0088     0.2232     0.0000     0.2204  22.21177483  -12.2840317    27.994    -8.827
svyaug21_gto105    geo-0001:sv1-20210808-S-10-1B      59435.020435 21-AUG-09 00:29:25.58      2.299680     4  13.90  14.00  42148.72005  0.0000000    5.7570    69.8010     0.0000   259.8184     0.20      0.01637  0.0000000    0.0061     0.3269     0.0000     0.3252  22.10585738  -11.0131293     4.481    -5.666
svyaug21_gto105    geo-0001:sv1-20210808-S-18-1B      59435.100656 21-AUG-09 02:24:56.67      2.299680     3  20.30  20.30  50418.99354  0.0000000    8.0402    97.8762     0.0000   231.4355  -105.66      0.04153  0.0000000    0.0429     0.3864     0.0000     0.3825  21.51593004  -10.4849469   -25.011    -6.279
svyaug21_gto105    geo-0001:sv1-20210808-S-4-1B       59434.967161 21-AUG-08 23:12:42.71      3.067200     5  17.10  17.10  45161.05814  0.0000000    5.7722    48.0944     0.0000   281.7141   -38.36      0.02027  0.0000000    0.0082     0.3706     0.0000     0.3687  22.20052632  -10.2016440    24.010    -5.652
svyaug21_gto105    geo-0001:sv1-20210808-S-5-1B       59434.978411 21-AUG-08 23:28:54.71      4.599360     5  18.90  19.00  54584.17718  0.0000000   12.5950   120.9237     0.0000   210.2581  -158.97      0.04692  0.0000000    0.0617     0.1673     0.0000     0.1635  22.18008197  -10.1326427    20.660    -6.308
svyaug21_gto105    geo-0001:sv1-20210808-S-9-1B       59434.999070 21-AUG-08 23:58:39.64      3.833280     6  19.40  19.40  56277.70557  0.0000000    6.9486    53.4193     0.0000   276.8614  -180.65      0.00921  0.0000000    0.0018     0.1110     0.0000     0.1102  22.13500899  -10.4920630    12.956    -6.899
svysep21_gto75     geo-0001:sv1-20210907-S-14-1A      59465.074007 21-SEP-08 01:46:34.20      0.800640     2  13.30  13.40  28128.12132  0.0000000    5.0200    52.2721     0.0000   310.2638   179.67      0.00000  0.0000000    0.0000     0.0000     0.0000     0.0000   0.16008068  -12.1416451   -11.352    -3.829
svysep21_gto75     geo-0002:sv1-20210907-S-17-1A      59465.112560 21-SEP-08 02:42:05.18      4.000320     6  17.90  17.90  49011.54265  0.0000000   10.0561    52.1376     0.0000   310.4630   -87.64      0.01256  0.0000000    0.0141     0.0931     0.0000     0.0917   0.07566438  -12.2748904   -24.874    -7.634
svysep21_gto75     geo-0001:sv1-20210907-S-17-1B      59465.109505 21-SEP-08 02:37:41.23      4.000320     6  14.40  14.50  60086.91430  0.0000000    9.0014   122.5176     0.0000   240.6941  -229.41      0.03594  0.0000000    0.0238     0.2729     0.0000     0.2695   0.08405298  -11.4321083   -23.903    -7.842
svysep21_gto75     geo-0003:sv1-20210907-S-6-1B       59464.965928 21-SEP-07 23:10:56.17      1.599840     3  14.00  14.10  34479.57580  0.0000000    9.1629   150.7268     0.0000   211.5880    98.37      0.01341  0.0000000    0.0286     0.1123     0.0000     0.1112   0.37134248  -10.5310415    27.006    -4.785
svysep21_gto75     geo-0003:sv1-20210907-S-8-1A       59465.002965 21-SEP-08 00:04:16.17      0.800640     2  12.70  12.80  27457.24077  0.0000000   55.5092   178.3132     0.0000   184.7260   188.25      0.00000  0.0000000    0.0000     0.0000     0.0000     0.0000   0.31591066  -12.0626532    12.642    -3.894
svysep21_gto75     geo-0007:sv2-20210908-S-13-1A      59466.066137 21-SEP-09 01:35:14.23      0.800640     2  19.50  19.50  44785.62466  0.0000000    9.7491    38.3092     0.0000   324.8558   -33.55      0.00000  0.0000000    0.0000     0.0000     0.0000     0.0000   0.18564062  -10.4107955    -8.584    -5.594
svysep21_gto75     geo-0002:sv2-20210908-S-16-1A      59466.087734 21-SEP-09 02:06:20.21      0.800640     2  11.80  11.90  25734.55159  0.0000000   64.9419     4.2739     0.0000   357.5601   210.30      0.00000  0.0000000    0.0000     0.0000     0.0000     0.0000   0.13040267  -11.1344734   -16.697    -2.210
svysep21_gto75     geo-0005:sv2-20210908-S-19-1A      59466.119333 21-SEP-09 02:51:50.37      0.800640     2  18.00  18.00  25233.05130  0.0000000   26.1942     7.6696     0.0000   356.2708   216.72      0.00000  0.0000000    0.0000     0.0000     0.0000     0.0000   0.05405211  -10.4120825   -27.021    -1.645
svysep21_gto75     geo-0001:sv2-20210908-S-7-1A       59465.996831 21-SEP-08 23:55:26.19      2.400480     4  11.30  11.40  42580.90191  0.0000000    5.5436    71.0587     0.0000   291.9526    -5.33      0.00659  0.0000000    0.0051     0.1268     0.0000     0.1262   0.30533836  -10.1257538    15.982    -5.140
svysep21_gto75     geo-0001:sv2-20210908-S-7-1B       59465.996553 21-SEP-08 23:55:02.17      3.199680     5  13.40  13.40  42652.03002  0.0000000    5.5974    69.9371     0.0000   292.9773    -6.24      0.04665  0.0000000    0.0375     0.8806     0.0000     0.8763   0.30293639  -10.1309808    15.991    -5.152
svysep21_gto75     geo-0001:sv2-20210908-S-8-1A       59466.015789 21-SEP-09 00:22:44.16      2.400480     4  12.40  12.50  42132.82671  0.0000000    5.8014    70.2140     0.0000   293.0039     0.41      0.00516  0.0000000    0.0042     0.0954     0.0000     0.0949   0.28396960  -10.3536791     9.358    -5.339
svysep21_gto75     geo-0002:sv2-20210908-S-9-1A       59466.020998 21-SEP-09 00:30:14.22      0.800640     2  16.20  16.30  45672.18931  0.0000000   40.7650    10.5811     0.0000   350.9157   -44.90      0.00000  0.0000000    0.0000     0.0000     0.0000     0.0000   0.28003427  -10.4809874     7.830    -5.917
svysep21_gto75     geo-0004:sv1-20210909-S-18-1A      59467.059480 21-SEP-10 01:25:39.07      0.800640     2  11.30  11.40  25921.99888  0.0000000   64.5239     2.9377     0.0000   358.8077   207.90      0.00000  0.0000000    0.0000     0.0000     0.0000     0.0000   0.19026989   -9.4209551    -8.299    -1.076
svysep21_gto75     geo-0004:sv1-20210909-S-18-1B      59467.060314 21-SEP-10 01:26:51.12      0.800640     2  10.30  10.30  25595.87613  0.0000000   64.7974     2.8495     0.0000   359.5650   212.08      0.00000  0.0000000    0.0000     0.0000     0.0000     0.0000   0.20051467   -8.5925764    -8.360    -0.394
svysep21_gto75     geo-0003:sv1-20210909-S-22-1B      59467.106056 21-SEP-10 02:32:43.23      2.400480     4  11.40  11.40  42168.17772  0.0000000    3.6247   107.5643     0.0000   255.7676    -0.05      0.00503  0.0000000    0.0025     0.1576     0.0000     0.1573   0.08388121   -8.4115392   -24.232    -3.513
svysep21_gto75     geo-0001:sv1-20210909-S-23-1B      59467.117792 21-SEP-10 02:49:37.22      4.799520     7  17.50  17.60  59645.59515  0.0000000    9.0975    35.8511     0.0000   326.4840  -223.76      0.00360  0.0000000    0.0041     0.0171     0.0000     0.0169   0.05345586   -8.3854182   -29.105    -5.009
svysep21_gto75     geo-0009:sv1-20210910-S-13-1A      59467.995697 21-SEP-10 23:53:48.22      0.800640     2  19.40  19.40  57992.58219  0.0000000   10.3470    26.0011     0.0000   338.1249  -202.60      0.00000  0.0000000    0.0000     0.0000     0.0000     0.0000   0.30500995   -7.2156332    15.765    -3.837
svysep21_gto75     geo-0004:sv1-20210910-S-13-1A      59468.000697 21-SEP-11 00:01:00.22      2.400480     4  16.10  16.20  36583.22919  0.0000000    3.0496    51.9467     0.0000   310.5898    71.44      0.02819  0.0000000    0.0444     0.9586     0.0000     0.9570   0.29559180   -8.0126827    12.088    -2.315
svysep21_gto75     geo-0002:sv1-20210910-S-19-1A      59468.069725 21-SEP-11 01:40:24.24      3.199680     5  16.80  16.90  51697.13190  0.0000000    9.6528   161.5190     0.0000   202.2966  -122.02      0.01540  0.0000000    0.0230     0.0573     0.0000     0.0565   0.16311792   -7.4651807   -11.877    -3.647
svysep21_gto75     geo-0003:sv1-20210910-S-20-1A      59468.074377 21-SEP-11 01:47:06.17      0.800640     2  13.90  13.90  29656.71019  0.0000000    5.7310   175.8572     0.0000   187.0455   160.10      0.00000  0.0000000    0.0000     0.0000     0.0000     0.0000   0.13526102   -7.5718540   -14.219    -0.702
svysep21_gto75     geo-0003:sv1-20210910-S-20-1B      59468.078544 21-SEP-11 01:53:06.20      2.400480     4  12.40  12.40  42430.61463  0.0000000   14.7251    11.4066     0.0000   351.4115    -3.41      0.00317  0.0000000    0.0064     0.0039     0.0000     0.0038   0.13106083   -7.0821312   -15.495    -2.175
svysep21_gto75     geo-0001:sv1-20210910-S-23-1B      59468.107780 21-SEP-11 02:35:12.19      1.599840     3  18.10  18.10  43085.84415  0.0000000    2.2865    90.2438     0.0000   272.7439   -11.79      0.04501  0.0000000    0.0069     2.2428     0.0000     2.2410   0.06220998   -7.0939080   -26.155    -2.284
svysep21_gto75     geo-0002:sv1-20210910-S-23-1B      59468.112225 21-SEP-11 02:41:36.24      2.400480     4  10.90  10.90  37553.27520  0.0000000   10.4919   176.9525     0.0000   186.5937    59.02      0.03498  0.0000000    0.0814     0.0615     0.0000     0.0604   0.06241902   -6.4357923   -27.312    -1.198
svysep21_gto75     geo-0001:sv1-20210910-S-24-1B      59468.118544 21-SEP-11 02:50:42.20      1.599840     3  16.50  16.50  53285.27184  0.0000000   12.8055   168.3590     0.0000   194.9253  -142.35      0.07050  0.0000000    0.1066     0.1312     0.0000     0.1278   0.05299785   -7.1227777   -30.101    -3.273
svysep21_gto75     geo-0001:sv1-20210910-S-9-1B       59467.952642 21-SEP-10 22:51:48.26      3.199680     5  16.70  16.80  52752.67654  0.0000000    6.2511   153.7518     0.0000   210.7749  -135.53      0.00374  0.0000000    0.0051     0.0283     0.0000     0.0281   0.37028436   -6.5351011    31.235    -3.194
