Campaign           Name                              Osc_epoch     Date      Time        arcl [min]    # obs mag_c   mag_u  a(km)        e          i(dg)     raan(dg)   w(dg)      s(dg)      dn(dg/d) da(km)       de         di(dg)    draan(dg)  dw(dg)     ds(dg)     R.A.(h)      Decl.(dg)    lon(dg)   lat(dg)  
follow_aiub        geo-0003:sv1-20100110-U-10-1       55206.947763 10-JAN-10 22:44:46.72      1.549440     4  17.50  18.50  42335.52488  0.0000000    6.7489   316.7154     0.0000    80.8363    -2.19      0.00829  0.0000000    0.0027     0.1419     0.0000     0.1409   2.09115770    2.5329760   -54.048     6.662
svyjan10           geo-0018:sv1-20100111-S-1-1A       55207.943469 10-JAN-11 22:38:35.72      2.066400     3  15.90  16.20  43491.06562  0.0000000   10.2187   343.3458     0.0000    86.0358   -16.98      0.00649  0.0000000    0.0009     0.0725     0.0000     0.0713   4.34155506    7.1112621   -21.655    10.194
svyjan10           geo-0002:sv1-20100113-S-5-1A       55209.915402 10-JAN-13 21:58:10.73      1.033920     2  10.50  10.80  45541.69529  0.0000000   10.7747     8.3241     0.0000    61.0117   -43.23      0.00000  0.0000000    0.0000     0.0000     0.0000     0.0000   4.37109056    6.2649820   -13.911     9.412
svyjan10           geo-0089:sv1-20100113-S-5-1B       55209.933700 10-JAN-13 22:24:31.68      1.033920     2  14.80  15.10  39255.73721  0.0000000   12.4592   309.2218     0.0000   120.0392    37.23      0.00000  0.0000000    0.0000     0.0000     0.0000     0.0000   4.37268986    7.2847478   -19.562    10.764
svyfeb10           geo-0077:sv1-20100208-S-1-1A       55235.869823 10-FEB-08 20:52:32.70      2.066400     3  14.90  14.90  42699.28450  0.0000000   12.2491    41.0353     0.0000    89.8991    -6.85      0.01148  0.0000000    0.0009     0.1093     0.0000     0.1068   9.11108144    8.5139102    38.946    12.249
svyfeb10           geo-0006:sv1-20100209-S-2-1A       55236.845460 10-FEB-09 20:17:27.74      2.066400     3  18.50  18.50  43059.51078  0.0000000   13.1765    19.4644     0.0000   110.8110   -11.46      0.00739  0.0000000    0.0053     0.0604     0.0000     0.0588   9.12064160    8.4757546    46.612    12.303
svyfeb10           geo-0023:sv1-20100209-S-2-1B       55236.856582 10-FEB-09 20:33:28.68      2.066400     3  11.80  11.80  42623.48982  0.0000000   14.7210    12.9817     0.0000   117.1214    -5.88      0.00426  0.0000000    0.0040     0.0300     0.0000     0.0290   9.12049253    9.3957589    42.695    13.072
svyfeb10           geo-0029:sv1-20100210-S-2-1A       55237.871533 10-FEB-10 20:55:00.45      2.066400     3  14.50  14.50  42696.34100  0.0000000   12.2514    41.0192     0.0000    89.9526    -6.81      0.00515  0.0000000    0.0004     0.0490     0.0000     0.0479   9.10372842    8.5444420    36.396    12.251
svyfeb10           geo-0034:sv1-20100210-S-2-1A       55237.872968 10-FEB-10 20:57:04.43      1.033920     2  19.10  19.20  37122.00111  0.0000000   13.4106    56.1771     0.0000    74.1790    64.54      0.00000  0.0000000    0.0000     0.0000     0.0000     0.0000   9.10249241    9.0527454    34.843    12.894
svyfeb10           geo-0037:sv1-20100210-S-2-1A       55237.874403 10-FEB-10 20:59:08.41      1.033920     2  16.70  16.70  45638.23581  0.0000000   25.0683   338.5093     0.0000   151.0309   -44.46      0.00000  0.0000000    0.0000     0.0000     0.0000     0.0000   9.12193091    8.4229341    36.267    11.842
svyfeb10           geo-0018:sv1-20100210-S-2-1B       55237.870456 10-FEB-10 20:53:27.39      1.033920     2  11.30  11.30  42617.47314  0.0000000   14.7202    12.9829     0.0000   117.3003    -5.80      0.00000  0.0000000    0.0000     0.0000     0.0000     0.0000   9.11182874    9.4558207    36.884    13.050
svyfeb10           geo-0021:sv1-20100210-S-2-1B       55237.871174 10-FEB-10 20:54:29.43      1.033920     2  19.10  19.20  38997.92207  0.0000000   19.6116   351.2778     0.0000   137.3386    40.53      0.00000  0.0000000    0.0000     0.0000     0.0000     0.0000   9.10424545    9.3313576    35.873    13.147
svyfeb10           geo-0006:sv1-20100212-S-13-1A      55239.920529 10-FEB-12 22:05:33.70      1.033920     2  15.40  15.40  41991.58034  0.0000000   12.9413    20.9008     0.0000   109.3349     2.21      0.00000  0.0000000    0.0000     0.0000     0.0000     0.0000   9.02083711    9.0818260    16.468    12.200
svyfeb10           geo-0017:sv1-20100212-S-13-1A      55239.934163 10-FEB-12 22:25:11.68      1.033920     2  11.00  11.10  37328.38531  0.0000000   17.3808    86.3882     0.0000    45.6664    61.90      0.00000  0.0000000    0.0000     0.0000     0.0000     0.0000   9.02092899    8.5536731    11.562    12.338
svymar10           geo-0018:sv1-20100313-S-7-1A       55268.882522 10-MAR-13 21:10:49.90      2.066400     2  18.50  18.50  41810.51989  0.0000000   11.4302    45.2176     0.0000   111.4633     4.53      0.00000  0.0000000    0.0000     0.0000     0.0000     0.0000  10.52366101    7.1102148    27.978    10.628
svymar10           geo-0027:sv1-20100314-S-11-1A      55269.938910 10-MAR-14 22:32:01.82      2.066400     3  12.50  12.60  41860.27623  0.0000000   11.3964    45.3498     0.0000   111.7105     3.89      0.00471  0.0000000    0.0037     0.0458     0.0000     0.0449  10.44102132    7.2256628     7.018    10.578
svyapr10           geo-0033:sv1-20100411-S-1-1A       55297.864129 10-APR-11 20:44:20.74      1.033920     2  12.60  12.60  41636.11781  0.0000000    8.4300    59.3461     0.0000   127.4852     6.76      0.00000  0.0000000    0.0000     0.0000     0.0000     0.0000  12.55251905    2.4443551    36.092     6.680
svysep10           geo-0004:sv1-20100903-S-1-1B       55442.850425 10-SEP-03 20:24:36.72      1.033920     2  12.60  12.70  41924.93426  0.0000000   14.5145    14.7304     0.0000   302.7109     3.07      0.00000  0.0000000    0.0000     0.0000     0.0000     0.0000  21.36581992  -17.3954727    29.279   -12.174
svyoct10           geo-0024:sv1-20101009-S-1-1A       55478.885101 10-OCT-09 21:14:32.72      1.033920     2  14.70  14.90  35522.18937  0.0000000   10.1881    97.3490     0.0000   246.9336    85.02      0.00000  0.0000000    0.0000     0.0000     0.0000     0.0000  23.13010475  -16.1949506     6.939    -9.366
svynov10           geo-0026:sv2-20101101-S-2-1A       55501.928943 10-NOV-01 22:17:40.67      2.066400     3  14.40  14.60  48781.93608  0.0000000    7.4274   114.5872     0.0000   260.7891   -84.70      0.04138  0.0000000    0.0118     0.5438     0.0000     0.5393   1.09409023  -12.0617247    -0.210    -7.331
svynov10           geo-0002:sv2-20101101-S-40-1A      55502.232610 10-NOV-02 05:34:57.50      1.032480     2  14.30  14.40  42756.42882  0.0000000   13.5322   335.9461     0.0000    92.1270    -7.58      0.00000  0.0000000    0.0000     0.0000     0.0000     0.0000   4.10149441   10.3402804   -56.995    13.523
svynov10           geo-0002:sv2-20101101-S-41-1A      55502.256406 10-NOV-02 06:09:13.47      2.066400     3  12.80  12.90  42251.57386  0.0000000   13.6087   338.2532     0.0000    90.0001    -1.11      0.00299  0.0000000    0.0002     0.0260     0.0000     0.0253   4.07110681   10.2642538   -65.466    13.609
svynov10           geo-0007:sv2-20101101-S-41-1B      55502.259635 10-NOV-02 06:13:52.46      2.066400     3  18.90  19.00  40249.44206  0.0000000   14.1810   332.6325     0.0000    95.8413    24.51      0.01551  0.0000000    0.0038     0.1359     0.0000     0.1317   4.07034319   10.4756866   -66.229    14.106
svynov10           geo-0012:sv1-20101109-S-3-1B       55509.830761 10-NOV-09 19:56:17.75      2.066400     3  10.80  16.40  43886.09662  0.0000000   12.5527    45.9350     0.0000   328.2935   -22.04      0.00234  0.0000000    0.0039     0.0110     0.0000     0.0107   1.21462787  -11.2439535    26.893    -6.559
svynov10           geo-0027:sv1-20101110-S-3-1B       55510.847520 10-NOV-10 20:20:25.72      2.066400     3  12.60  12.90  44254.28633  0.0000000   10.1303    53.5446     0.0000   321.2242   -26.75      0.00473  0.0000000    0.0071     0.0323     0.0000     0.0318   1.20219928  -11.1429404    20.220    -6.324
svydec10           geo-0042:sv1-20101201-S-1-1A       55531.823203 10-DEC-01 19:45:24.73      2.066400     3  15.30  15.40  44303.64995  0.0000000    9.4460   331.9522     0.0000    70.8827   -27.38      0.00187  0.0000000    0.0012     0.0210     0.0000     0.0207   3.15338897    5.2647799    35.683     8.921
