Campaign           Name                              Osc_epoch     Date      Time        arcl [min]    # obs mag_c   mag_u  a(km)        e          i(dg)     raan(dg)   w(dg)      s(dg)      dn(dg/d) da(km)       de         di(dg)    draan(dg)  dw(dg)     ds(dg)     R.A.(h)      Decl.(dg)    lon(dg)   lat(dg)  
follow_aiub        geo-0003:sv1-20100110-U-10-1       55206.947763 10-JAN-10 22:44:46.72      1.549440     4  17.50  18.50  42335.52488  0.0000000    6.7489   316.7154     0.0000    80.8363    -2.19      0.00829  0.0000000    0.0027     0.1419     0.0000     0.1409   2.09115770    2.5329760   -54.048     6.662
svyjan10_gto105    geo-0005:sv1-20100114-S-18-1A      55211.008220 10-JAN-15 00:11:50.20      2.132640     3  16.50  16.60  46040.44017  0.0000000   16.2931   354.5725     0.0000   141.8729   -49.61      0.07065  0.0000000    0.1034     0.2869     0.0000     0.2758   9.29138209    6.5433092    20.276     9.975
svyjan10_gto105    geo-0008:sv1-20100114-S-25-1A      55211.099111 10-JAN-15 02:22:43.19      1.067040     2  17.00  17.10  42255.83367  0.0000000   10.0404    54.0656     0.0000    83.3572    -1.17      0.00000  0.0000000    0.0000     0.0000     0.0000     0.0000   9.11415402    6.4910501   -12.794     9.972
svyjan10_gto105    geo-0012:sv1-20100114-S-25-1A      55211.102074 10-JAN-15 02:26:59.19      2.132640     3  12.30  12.40  40384.94895  0.0000000   13.3519     6.6820     0.0000   129.8548    22.78      0.00255  0.0000000    0.0036     0.0183     0.0000     0.0178   9.11046622    6.5547248   -13.873    10.211
svyjan10_gto105    geo-0004:sv1-20100114-S-33-1A      55211.146505 10-JAN-15 03:30:58.03      1.067040     2  12.60  12.70  42286.11809  0.0000000    9.9883    50.7266     0.0000    86.3757    -1.56      0.00000  0.0000000    0.0000     0.0000     0.0000     0.0000   8.59519552    6.4705626   -30.176     9.968
svyjan10_gto105    geo-0011:sv1-20100114-S-33-1A      55211.153912 10-JAN-15 03:41:37.99      1.067040     2  17.90  18.00  52557.33263  0.0000000   16.8254   349.5236     0.0000   146.4918  -133.03      0.00000  0.0000000    0.0000     0.0000     0.0000     0.0000   9.00576908    6.3623622   -32.738     9.195
svyjan10_gto105    geo-0013:sv1-20100114-S-33-1B      55211.152801 10-JAN-15 03:40:02.00      2.132640     3  15.30  15.40  47016.65131  0.0000000   19.2701   349.0146     0.0000   146.6061   -62.11      0.00233  0.0000000    0.0036     0.0071     0.0000     0.0067   8.59562622    7.4223310   -32.375    10.465
svyjan10_gto105    geo-0001:sv1-20100115-S-37-1B      55212.200009 10-JAN-16 04:48:00.77      1.067040     2  19.10  19.20  42730.60262  0.0000000   15.3549   353.0117     0.0000   143.1211    -7.25      0.00000  0.0000000    0.0000     0.0000     0.0000     0.0000   8.49287305    5.4351161   -50.396     9.144
svyjan10_gto105    geo-0005:sv1-20100115-S-37-1B      55212.201491 10-JAN-16 04:50:08.82      1.067040     2  16.70  16.70  41106.66732  0.0000000   10.2427    66.0903     0.0000    71.3654    13.54      0.00000  0.0000000    0.0000     0.0000     0.0000     0.0000   8.48331527    6.1209032   -50.882     9.700
svyjan10_gto105    geo-0004:sv1-20100117-S-47-1A      55214.251864 10-JAN-18 06:02:41.04      1.067040     2  16.60  16.70  60960.75863  0.0000000    9.3384   359.6369     0.0000   135.2220  -240.59      0.00000  0.0000000    0.0000     0.0000     0.0000     0.0000   8.42206881    3.5531637   -72.972     6.563
svyjan10_gto105    geo-0005:sv1-20100117-S-47-1B      55214.250012 10-JAN-18 06:00:01.03      1.067040     2  16.60  16.70  61236.72663  0.0000000    9.2426     0.1100     0.0000   134.3535  -244.12      0.00000  0.0000000    0.0000     0.0000     0.0000     0.0000   8.40521265    3.5823601   -72.706     6.595
svyjan10_gto105    geo-0004:sv2-20100118-S-6-1B       55214.972861 10-JAN-18 23:20:55.19      2.132640     3  10.70  10.80  42183.96579  0.0000000    6.9620    46.1861     0.0000    90.7611    -0.25      0.00821  0.0000000    0.0008     0.1384     0.0000     0.1373   9.31488645    3.0941804    28.470     6.961
svyfeb10_gto75     geo-0007:sv1-20100208-S-15-1B      55236.000215 10-FEB-09 00:00:18.57      1.100160     2  18.80  19.00  61139.92086  0.0000000   38.8881     0.6577     0.0000   166.8169  -242.89      0.00000  0.0000000    0.0000     0.0000     0.0000     0.0000  11.38072231    5.4553475    31.269     8.232
svyfeb10_gto75     geo-0002:sv1-20100208-S-26-1A      55236.073930 10-FEB-09 01:46:27.55      2.200320     3  15.90  16.00  59487.37147  0.0000000    8.9590    49.9610     0.0000   119.1081  -221.73      0.05521  0.0000000    0.0375     0.4294     0.0000     0.4242  11.25492079    5.2422750     3.704     7.820
svyfeb10_gto75     geo-0001:sv1-20100208-S-33-1A      55236.142315 10-FEB-09 03:24:56.01      1.100160     2  18.00  18.10  48097.14458  0.0000000   12.4758    29.9472     0.0000   137.7117   -75.94      0.00000  0.0000000    0.0000     0.0000     0.0000     0.0000  11.10292511    5.2444075   -22.012     8.358
svyfeb10_gto75     geo-0001:sv2-20100209-S-3-1A       55237.215228 10-FEB-10 05:09:55.69      5.499360     5  17.00  17.10  69883.78510  0.0000000    9.5862    25.1654     0.0000   140.8228  -354.81      0.02204  0.0000000    0.0201     0.0975     0.0000     0.0961  10.54149860    3.4921764   -51.276     6.039
svymar10_gto105    geo-0026:sv1-20100313-S-16-1A      55268.972884 10-MAR-13 23:20:57.17      1.067040     2  16.20  16.30  63184.30463  0.0000000   10.3101   320.9179     0.0000   236.2288  -269.05      0.00000  0.0000000    0.0000     0.0000     0.0000     0.0000  13.23568052  -11.5056672    34.998    -8.556
svymar10_gto105    geo-0030:sv1-20100313-S-16-1A      55268.974366 10-MAR-13 23:23:05.22      1.067040     2  16.40  16.60  38288.94235  0.0000000    8.4714   329.6491     0.0000   224.6841    49.61      0.00000  0.0000000    0.0000     0.0000     0.0000     0.0000  13.23589104  -11.2356624    31.768    -5.946
svymar10_gto105    geo-0003:sv1-20100314-S-20-1A      55270.045986 10-MAR-15 01:06:13.19      3.199680     4  11.60  11.70  54819.82655  0.0000000    6.5154   265.2989     0.0000   289.7317  -161.99      0.01783  0.0000000    0.0093     0.2232     0.0000     0.2218  13.10398475  -10.1058312     6.059    -6.131
svymar10_gto105    geo-0004:sv1-20100314-S-20-1B      55270.047097 10-MAR-15 01:07:49.18      2.132640     3  11.60  11.70  54861.72442  0.0000000    6.4825   266.1953     0.0000   289.1137  -162.52      0.00942  0.0000000    0.0047     0.1189     0.0000     0.1181  13.11420376  -10.1020248     5.932    -6.124
svymar10_gto105    geo-0005:sv1-20100314-S-20-1B      55270.048579 10-MAR-15 01:09:57.22      3.199680     4  16.90  17.10  62636.51746  0.0000000    7.3164   254.2996     0.0000   301.0260  -262.04      0.00926  0.0000000    0.0063     0.0810     0.0000     0.0803  13.10381974   -9.4709736     5.507    -6.265
svymar10_gto105    geo-0005:sv1-20100317-S-20-1A      55273.149817 10-MAR-18 03:35:44.18      4.266720     3  16.20  16.30  65614.27921  0.0000000    4.3001    60.0371     0.0000   133.3992  -300.16      0.01923  0.0000000    0.0165     0.2305     0.0000     0.2299  12.46581423    0.3207523   -36.012     3.123
svysep10_gto105    geo-0005:sv1-20100902-S-24-1A      55442.137489 10-SEP-03 03:17:59.04      1.067040     2  20.00  20.10  53837.78181  0.0000000    9.4936    77.7242     0.0000   286.2073  -149.42      0.00000  0.0000000    0.0000     0.0000     0.0000     0.0000   0.11289015  -13.3607280   -27.508    -9.113
svyoct10_gto75     geo-0017:sv1-20101004-S-22-1B      55474.229244 10-OCT-05 05:30:06.68      1.100160     2  12.40  12.50  42246.95571  0.0000000   13.5730   338.4615     0.0000    52.0411    -1.06      0.00000  0.0000000    0.0000     0.0000     0.0000     0.0000   1.32565331    7.1122054   -66.603    10.663
svyoct10_gto75     geo-0008:sv1-20101004-S-24-1A      55474.242844 10-OCT-05 05:49:41.72      1.100160     2  15.00  15.10  42599.43967  0.0000000   10.3428   317.0980     0.0000    72.7893    -5.57      0.00000  0.0000000    0.0000     0.0000     0.0000     0.0000   1.31229340    6.1720582   -71.605     9.875
svyoct10_gto75     geo-0013:sv1-20101004-S-24-1A      55474.245136 10-OCT-05 05:52:59.75      1.100160     2  15.10  15.10  42682.14586  0.0000000   13.7831   342.4723     0.0000    47.7701    -6.63      0.00000  0.0000000    0.0000     0.0000     0.0000     0.0000   1.30172452    6.3527712   -72.644    10.161
svyoct10_gto75     geo-0005:sv1-20101009-S-11-1A      55479.067799 10-OCT-10 01:37:37.83      4.400640     3  18.10  18.20    496.62971  0.0000000   25.7153    26.0172     0.0000     4.5854   533.35      0.00000  0.0000000    0.0000     0.0000     0.0000     0.0000   2.01311035    0.1730180   -12.815     1.988
svyoct10_gto75     geo-0005:sv1-20101009-S-8-1A       55479.036421 10-OCT-10 00:52:26.77      1.100160     2  18.90  19.00  43554.81555  0.0000000   13.0688   343.0843     0.0000    47.3303   -17.80      0.00000  0.0000000    0.0000     0.0000     0.0000     0.0000   2.07219285    6.2641947    -1.973     9.570
svyoct10_gto75     geo-0010:sv1-20101010-S-10-1A      55480.056629 10-OCT-11 01:21:32.74      1.100160     2  18.40  18.40  55536.15429  0.0000000   12.8348   240.8200     0.0000   148.8029  -171.16      0.00000  0.0000000    0.0000     0.0000     0.0000     0.0000   2.04129088    3.5433436    -9.656     6.607
svynov10_gto105    geo-0004:sv2-20101101-S-11-1A      55501.989550 10-NOV-01 23:44:57.12      1.067040     2  14.90  15.00  41256.28259  0.0000000   11.4822   330.3573     0.0000    89.0127    11.63      0.00000  0.0000000    0.0000     0.0000     0.0000     0.0000   4.19394688    8.1117312    21.962    11.480
svynov10_gto105    geo-0011:sv2-20101101-S-11-1A      55501.994735 10-NOV-01 23:52:25.10      1.067040     2  19.50  19.60  52045.41545  0.0000000   15.8492   284.1476     0.0000   135.7346  -126.48      0.00000  0.0000000    0.0000     0.0000     0.0000     0.0000   4.21049740    8.2429572    21.732    10.989
svynov10_gto105    geo-0003:sv2-20101101-S-12-1A      55502.001703 10-NOV-02 00:02:27.13      1.067040     2  17.40  17.50  41507.68203  0.0000000   12.1553   352.1855     0.0000    67.7136     8.41      0.00000  0.0000000    0.0000     0.0000     0.0000     0.0000   4.17516821    7.5942530    17.665    11.235
svynov10_gto105    geo-0004:sv2-20101101-S-12-1B      55502.002814 10-NOV-02 00:04:03.12      1.067040     2  17.70  17.90  42177.61243  0.0000000   12.2120   316.2655     0.0000   102.8997    -0.17      0.00000  0.0000000    0.0000     0.0000     0.0000     0.0000   4.17257035    8.4840603    17.278    11.899
svynov10_gto105    geo-0003:sv2-20101101-S-14-1A      55502.021762 10-NOV-02 00:31:20.23      1.067040     2  19.90  20.00  52901.97443  0.0000000   10.6690   341.0666     0.0000    79.4766  -137.44      0.00000  0.0000000    0.0000     0.0000     0.0000     0.0000   4.14181131    8.0017041    11.347    10.488
svynov10_gto105    geo-0003:sv2-20101101-S-22-1A      55502.103278 10-NOV-02 02:28:43.21      1.067040     2  16.50  16.60  48851.06223  0.0000000   29.9194    39.8556     0.0000    22.3368   -85.59      0.00000  0.0000000    0.0000     0.0000     0.0000     0.0000   3.56362286    8.2412345   -18.984    10.927
svynov10_gto105    geo-0018:sv2-20101101-S-22-1B      55502.108093 10-NOV-02 02:35:39.23      3.199680     4  16.60  16.70  58096.14441  0.0000000   13.3174     2.2895     0.0000    57.9569  -203.93      0.01490  0.0000000    0.0112     0.0784     0.0000     0.0763   3.56254897    9.1314043   -20.640    11.259
svynov10_gto105    geo-0009:sv1-20101104-S-18-1A      55505.080303 10-NOV-05 01:55:38.17      3.199680     4  15.80  15.90  56109.25061  0.0000000    9.4853   280.1577     0.0000   139.3106  -178.49      0.00476  0.0000000    0.0054     0.0277     0.0000     0.0274   4.00579624    3.2659562   -13.248     6.168
svynov10_gto105    geo-0013:sv1-20101105-S-13-1A      55506.000350 10-NOV-06 00:00:30.24      2.132640     3  17.90  18.00  53912.85411  0.0000000   10.8237   344.2731     0.0000    76.8104  -150.38      0.00549  0.0000000    0.0019     0.0444     0.0000     0.0436   4.17399361    8.0415483    15.624    10.535
svynov10_gto105    geo-0002:sv1-20101105-S-16-1A      55506.114065 10-NOV-06 02:44:15.21      1.067040     2  15.00  15.10  43059.53291  0.0000000    7.7877   305.8407     0.0000   113.5634   -11.46      0.00000  0.0000000    0.0000     0.0000     0.0000     0.0000   3.52227756    3.3614720   -26.679     7.135
svynov10_gto105    geo-0012:sv1-20101105-S-16-1B      55506.119621 10-NOV-06 02:52:15.25      2.132640     3  16.20  16.30  47397.85841  0.0000000    7.5885   335.5984     0.0000    83.9241   -66.99      0.00567  0.0000000    0.0011     0.0766     0.0000     0.0759   3.51208743    4.2604087   -28.815     7.546
svynov10_gto105    geo-0009:sv1-20101108-S-20-1B      55509.134182 10-NOV-09 03:13:13.32      2.132640     3  16.10  16.20  48718.72484  0.0000000   11.2313   352.7138     0.0000    66.9602   -83.89      0.00989  0.0000000    0.0067     0.0815     0.0000     0.0799   3.46297562    7.3809010   -37.225    10.325
svynov10_gto105    geo-0018:sv1-20101108-S-21-1A      55509.149668 10-NOV-09 03:35:31.31      2.132640     3  18.30  18.40  50390.36799  0.0000000   19.5989    32.4959     0.0000    28.2030  -105.29      0.06959  0.0000000    0.1027     0.1659     0.0000     0.1566   3.44313057    6.2056272   -42.789     9.121
svynov10_gto105    geo-0018:sv1-20101108-S-21-1B      55509.149298 10-NOV-09 03:34:59.34      2.132640     3  17.80  17.80  52510.21516  0.0000000   11.8696     0.5545     0.0000    59.0581  -132.43      0.00888  0.0000000    0.0073     0.0594     0.0000     0.0581   3.44038731    7.3746859   -42.890    10.161
svynov10_gto105    geo-0009:sv1-20101109-S-30-1B      55510.207908 10-NOV-10 04:59:23.25      1.067040     2  16.80  16.80  41166.99444  0.0000000    9.6554   328.5368     0.0000    91.3195    12.77      0.00000  0.0000000    0.0000     0.0000     0.0000     0.0000   3.33463818    6.0015065   -64.222     9.653
